2016,1,1,21.4,-2.6,7.6,89,24.7,60.5,.59,12.89,0,12.5,1.9,6.2,8.1,7.6,7.9,.8,.1,332,76,5.5,2.3,2.1,1.6,.59,-.6
2016,2,1,19.9,3,11.7,79.3,28.1,49.5,.79,12.87,0,12.4,3.7,7.4,8.5,8,8.2,2,1.8,108,26,6.3,2,2.8,2.4,.65,.8
2016,3,1,21.5,2.1,12.9,85.2,24.5,48.7,.93,12.86,.51,12.9,3.8,8,8.9,8.4,8.6,2.1,1.9,104,23,7.4,2.6,3.1,2.6,.67,1.2
2016,4,1,15.6,7.7,12,93.6,36.4,61.5,.59,2.68,8.64,9.5,7.4,8.4,9.2,8.9,9,2.7,2,109,40,7.6,.8,.8,1.8,.82,3.9
2016,5,1,16.9,6.7,11.9,95.1,47.9,71,.46,8.6,.25,13.4,6.5,9.7,9.6,9,9.2,1,.6,112,50,4.1,1.2,1.2,1.3,.96,6.3
2016,6,1,15.6,5.1,11,89.9,34.3,66.3,.48,10.96,1.52,14.2,7.7,10.5,10.2,9.6,9.9,1.5,.8,281,56,7.6,.6,1.9,1.5,.85,4.4
2016,7,1,11.3,3.4,7.7,94.7,57.8,79.1,.24,1.81,21.84,9.2,7,7.9,10.2,9.6,9.9,1.7,.6,75,66,10.6,0,0,.7,.82,4.1
2016,8,1,9.7,3.1,6.3,96.7,54.3,84.3,.17,5.64,1.02,10.3,5.8,7.7,9.6,9.2,9.4,1,.6,289,49,6.5,0,.4,.8,.8,3.7
2016,9,1,12.4,1,6,96.6,43.7,76.9,.27,13.35,0,12.6,3.8,7.4,9.4,8.9,9.2,1,.4,275,65,5.4,0,1.8,1.2,.69,1.7
2016,10,1,11.8,-.3,6,95.6,42.8,72,.32,7.08,0,9.7,3.2,6.2,9.3,8.6,8.9,1.5,1.1,282,45,5.9,0,.8,1.2,.65,.8
2016,11,1,13.1,-.9,5.6,95.9,32.5,70.4,.35,13.75,0,11.9,2.7,6.8,8.9,8.4,8.7,1,.3,282,70,5.4,0,2,1.3,.6,-.4
2016,12,1,17.5,-2.7,5.8,94.7,20.4,67.4,.47,14.02,0,11.4,2,6.1,8.8,8.2,8.5,.9,.3,296,63,5.2,1,2.2,1.5,.56,-1.4
2016,13,1,20.1,-2.9,6.8,93.5,11.1,61.7,.59,14.31,0,11.7,2,6.2,8.6,8,8.3,1,.2,293,73,6.4,1.8,2.4,1.8,.52,-2.3
2016,14,1,17.7,-.5,7.6,87.2,10.2,55.2,.63,13.97,0,11.3,2.7,6.5,8.5,8,8.3,1.2,.2,327,73,5.6,1.1,2.5,1.8,.5,-2.9
2016,15,1,16.7,.5,8.4,82.4,23.3,53.6,.62,6.64,0,8.9,3.3,6.1,8.5,8,8.2,1.8,.5,350,70,9,.8,1.2,2,.55,-1.6
2016,16,1,15.7,-1.3,7.7,93.1,33.1,64.5,.47,12.62,0,11.3,2.9,6.9,8.4,8,8.2,1.3,.5,293,64,6.3,.5,2.1,1.6,.64,.5
2016,17,1,19.1,1.3,9.4,93.3,27.8,64.4,.56,14.16,0,12.7,4.4,8.1,8.8,8.3,8.4,1.3,.4,298,69,7.6,1.7,2.5,1.9,.7,1.9
2016,18,1,23,.3,10.1,91.8,11.1,56.1,.77,10.18,0,11.6,3.7,7.5,8.8,8.4,8.6,1,.6,83,53,3.9,3.1,1.8,2,.6,-.4
2016,19,1,21.9,.3,10.7,91,14.6,54.2,.8,14.02,0,13.4,4.1,8.4,9,8.6,8.8,1.3,.2,331,74,7.2,2.6,2.8,2.2,.61,-.1
2016,20,1,20,1.7,11.1,89,23.7,53,.75,14.3,0,13.4,4.8,8.7,9.3,8.9,9.1,1.6,.6,286,65,7.2,2.1,2.9,2.3,.64,.7
2016,21,1,19.7,.7,9.2,92,16.1,55.5,.7,14.42,0,13.1,4.1,8.2,9.4,9,9.2,1.1,.5,294,59,5.4,1.8,2.8,2,.56,-1.4
2016,22,1,23.6,.7,10.7,80.1,9.2,45.5,1,14.95,0,14.4,3.6,8.3,9.4,8.9,9.2,.7,.1,303,74,3.8,3.3,2.9,1.9,.47,-3.8
2016,23,1,27,.9,11.6,78.3,6.8,45,1.08,12.56,0,13.9,4.1,8.6,9.5,9,9.3,1.1,.3,56,70,6.7,4.7,2.8,2.6,.49,-3.1
2016,24,1,18.5,1.1,9.7,77.4,17.3,48.1,.75,14.49,0,12.8,4.3,8.2,9.6,9.2,9.4,1.7,1.1,302,49,7.9,1.5,3.1,2.4,.53,-1.9
2016,25,1,16.2,.8,7.9,78.2,23.1,50.8,.64,12.27,0,11.7,3.3,7.1,9.6,8.9,9.2,1.5,.7,293,61,7.2,.7,2.4,2.1,.49,-3.1
2016,26,1,16.7,-2,6.6,89.3,13.8,51.3,.63,15.2,0,12,2.8,6.8,9.2,8.6,8.9,1.1,.4,291,64,5.5,.8,2.8,1.9,.42,-5.1
2016,27,1,19,-2.7,8,78,11.3,42.2,.83,15.23,0,12.3,2.2,6.6,9,8.3,8.7,1.3,.1,92,78,7.8,1.5,3.2,2.3,.38,-6.4
2016,28,1,22.2,-1.9,9.2,81.4,10.7,45.2,.88,14.77,0,13.8,2.5,7.4,8.8,8.3,8.6,.9,.1,332,76,4.8,2.6,2.9,2.1,.44,-4.5
2016,29,1,24,-.7,10.3,79.9,8.1,43.7,.96,15.46,0,14.5,3,8.1,9,8.5,8.8,1.2,.2,326,72,7.3,3.3,3.2,2.6,.45,-4.1
2016,30,1,25.4,1.4,12.8,66.5,10.3,37.3,1.18,15.35,0,14.9,3.6,8.6,9.3,8.7,9,1.6,0,181,80,9.4,4.2,3.7,3.2,.47,-3.6
2016,31,1,25.2,5.3,16.1,63.6,14.1,34.8,1.41,15.4,0,14.9,5.1,9.7,9.7,9.1,9.3,2.8,1.3,180,58,10.2,4.6,4.5,4.2,.57,-1.1
2016,32,1,16.8,5.8,8.4,87.7,36.8,48.5,.57,7.03,3.05,10.4,6.5,8,9.9,9.4,9.8,4.4,3.9,265,26,14.1,1.1,2,3.5,.54,-2
2016,33,1,8.9,-2.3,4.1,86.7,22.3,49.5,.45,16.1,0,10.4,2.9,6.3,9.4,8.7,8.9,2.2,1.9,296,29,8.5,0,2.8,1.9,.38,-6.5
2016,34,1,11.8,-5.8,2.9,87.6,17.9,50.5,.49,16.45,0,10.4,1.4,4.8,8.8,7.9,8.3,1.4,.7,275,58,7,0,2.7,1.9,.33,-8.3
2016,35,1,16.4,-5.4,4.5,83.7,12.1,48.8,.61,15.97,0,10.3,1.3,4.9,8.2,7.5,7.8,1.3,.7,290,55,6.3,.6,2.9,2.2,.34,-8
2016,36,1,18.4,-3.6,6.2,73.9,12.1,44.7,.7,16.62,0,12.3,1.5,5.8,7.8,7.3,7.6,.9,.1,274,74,5.9,1.3,2.9,2,.36,-7.2
2016,37,1,24.3,-3.7,9.3,76.2,4.9,37.1,1.03,17.03,0,14,1.9,6.9,8.1,7.4,7.7,.7,.1,105,76,4.2,3.3,3.4,2.3,.33,-8.5
2016,38,1,21.9,-1.8,9.3,71,10.7,40.6,.95,12.93,0,12.1,2.4,6.9,8.2,7.7,8,1.1,.4,296,64,6.7,2.5,2.7,2.4,.39,-6.3
2016,39,1,27.1,-.7,12.9,76.5,8.7,38.3,1.35,16.9,0,14.3,2.7,8.1,8.5,7.9,8.1,1.5,1.3,94,33,10,4.7,4.3,3.5,.43,-4.7
2016,40,1,27.4,1.1,13.3,72.9,8.8,39,1.3,17.12,0,16.4,3.7,9.5,9.1,8.4,8.6,.9,.2,300,69,5,5,3.8,2.7,.48,-3.5
2016,41,1,28.5,1.9,14.3,71,6.1,37.1,1.46,17.41,0,17.1,4.5,10.3,9.6,8.9,9.2,.8,.4,120,59,4.6,5.5,3.9,2.6,.46,-4.2
2016,42,1,28.8,2.1,14.9,67.7,6.1,34.2,1.47,17.53,0,17.3,5,10.7,10.1,9.4,9.7,1.1,.2,307,72,4.8,5.7,4.1,3.2,.48,-3.5
2016,43,1,31.8,2.2,15.8,72.2,3.9,34.1,1.65,17.75,0,18.2,5.3,11.2,10.5,9.8,10.1,1,.2,334,72,5.5,6.8,4.2,3.3,.46,-4.3
2016,44,1,29.5,3.1,15.9,66.4,7.5,31.6,1.63,17.56,0,17.8,6.1,11.4,10.9,10.3,10.5,1.5,.8,297,56,9.3,6,4.6,3.8,.45,-4.3
2016,45,1,27,4,15.6,62.5,8.2,31.6,1.49,17.62,0,17.3,6.2,11.4,11.1,10.5,10.8,1.6,.7,292,60,7.4,5.2,4.5,3.7,.47,-3.6
2016,46,1,27.2,3.1,15.1,68.4,11.1,35,1.4,17.74,0,18.1,6.4,11.7,11.4,10.8,11.1,1.4,.7,291,56,6.6,5.1,4.3,3.5,.51,-2.4
2016,47,1,30.6,4.1,16.8,68.6,9.7,35.6,1.61,18.06,0,19.3,6.6,12.3,11.7,11,11.3,1.3,.5,300,63,5.9,6.7,4.4,3.7,.56,-1.2
2016,48,1,32.2,7.6,18.8,55.7,4.9,27.2,1.97,18.11,0,19.8,7.7,13,12.2,11.4,11.7,1.3,.7,106,57,5.8,7.9,4.7,3.9,.48,-3.7
2016,49,1,28.3,6.7,18.2,51.1,10.5,26.2,1.78,13.21,0,17.5,7.9,12.5,12.3,11.8,12.1,1.4,1,80,42,5.3,6.2,3.6,3.5,.48,-3.3
2016,50,1,28.8,10.9,18.7,61.5,9.1,27.9,1.75,13.19,0,19.4,10.5,13.9,12.8,12.1,12.3,.9,.6,92,49,4.4,7.4,3.1,2.9,.54,-1.8
2016,51,1,27.9,5.4,17.3,64.7,12,31.6,1.63,18.06,0,18.7,8.6,13.4,12.9,12.4,12.7,1.8,.9,298,55,7.2,5.7,4.8,4.1,.54,-1.7
2016,52,1,27.5,5.9,16.6,64.4,12.1,33.4,1.52,18.56,0,18.1,8.5,13.1,13,12.5,12.8,1.9,1.1,292,52,9.4,5.6,5,4.2,.55,-1.7
2016,53,1,24.6,3.7,14.6,61.5,11.1,31.5,1.35,18.68,0,16.3,7.1,11.7,13,12.4,12.7,2.3,1.4,307,50,12.3,4,5.2,4.3,.45,-4.1
2016,54,1,21,3.5,13.2,52.9,10.1,25.1,1.24,17.72,0,15.2,6.5,10.6,12.7,12,12.3,2.7,2.1,286,40,10,2.5,5,4.2,.35,-7.7
2016,55,1,23.3,2.3,13.3,53.8,11.3,28.1,1.29,19.31,0,16.7,5.4,10.3,12.3,11.4,11.8,2.3,1.9,96,34,11.7,3.3,5,4.2,.38,-6.6
2016,56,1,27.1,1,13.7,67.1,9.2,33.7,1.38,19.43,0,18.6,5.6,11.5,12,11.4,11.7,.9,.4,310,59,5.5,4.8,4.3,3.2,.43,-4.8
2016,57,1,30,2.9,17,63.8,5.1,27.8,1.83,19.5,0,19.5,6.7,12.6,12.4,11.7,12,1.2,.1,341,78,5.7,6.4,4.9,3.8,.41,-5.5
2016,58,1,29.5,4.9,17.1,54.8,7.5,26.4,1.78,19.4,0,19.7,7.7,13.1,12.8,12.1,12.4,1.5,.5,332,68,8.5,6.4,5.1,4.2,.42,-5
2016,59,1,27.7,4.9,16.3,55.9,7,27,1.63,19.77,0,19.9,7.6,13.2,13,12.3,12.6,1.2,.2,317,74,5.8,5.5,4.8,3.6,.42,-5.3
2016,60,1,28,6.5,17.2,54.9,7,26,1.71,18.97,0,18.7,8.3,13.2,13.1,12.6,12.9,1.7,.7,296,63,7.3,6,5.1,4.3,.45,-4.3
2016,61,1,28.9,5.2,17.4,63.7,8.3,29.2,1.71,19.2,0,20.7,8.1,13.8,13.4,12.7,13,1.2,.1,332,76,5.8,6.2,4.7,3.8,.5,-2.8
2016,62,1,29.4,6.1,17.6,54.3,9,27.9,1.75,19.17,0,19.2,8.6,13.8,13.5,13,13.3,1.5,.5,331,67,7.6,6.5,5,4.2,.48,-3.4
2016,63,1,30.4,7.6,18.2,50.6,5.9,26.1,1.9,19.19,0,20.6,8.9,14.2,13.7,13.1,13.4,1.2,.3,52,71,4.9,7.2,4.8,3.9,.45,-4.5
2016,64,1,31.3,6.9,19,60.3,4.4,22.3,2.08,20.16,0,21.4,9.4,14.6,14,13.4,13.7,1.3,.1,329,77,6.1,7.5,5.3,4.2,.39,-6.4
2016,65,1,29.1,8.1,19.9,40.1,6,18,2.14,18.46,0,20.2,9.6,14.7,14.2,13.6,13.9,1.6,.3,316,72,6.9,6.8,5.2,4.4,.36,-7.1
2016,66,1,26.5,12,19.6,37.1,10.7,19.9,1.91,14.21,0,18.8,11.2,14.5,14.3,14,14.2,2.1,.7,192,65,7.9,6.5,4.2,4.5,.44,-4.6
2016,67,1,20.8,7.1,13.9,61.4,17.3,38.1,1.05,16.08,.76,18,9.5,13.2,14.3,13.8,14,2.1,1.3,284,51,9.4,2.8,3.8,3.6,.58,-.8
2016,68,1,17.8,6.3,11.8,92.6,25.3,56.7,.69,17.41,1.27,17.3,9.4,12.8,14,13.5,13.8,2.2,1.5,295,45,8,1.5,3.5,3.2,.73,2.3
2016,69,1,23.6,2.7,14.3,83.3,10.9,38.5,1.26,21.6,0,19.2,7.1,12.7,13.8,13.1,13.5,2,1.1,296,55,9.1,3.5,5.3,4.2,.51,-3
2016,70,1,28.8,4,15.9,61.5,6.7,30.2,1.57,21.84,0,21.5,7.9,14,14,13.1,13.5,.9,.3,77,64,4.3,6,4.9,3.6,.45,-4.4
2016,71,1,30.1,4.9,18.5,54.8,6.2,23.6,1.95,17.8,0,19.7,8.7,13.9,14.1,13.5,13.8,1.6,.5,140,68,8.5,6.7,4.9,4.6,.41,-5.3
2016,72,1,20.5,7.1,14.4,56.1,14,31.6,1.19,22.3,0,18.8,9.7,13.5,14.1,13.6,13.9,2.6,2.1,292,35,8.8,2.7,5.5,4.5,.49,-3.4
2016,73,1,24.5,3.6,14.7,61,12,31.7,1.37,22.58,0,19.7,7.3,13.1,14,13.3,13.6,1.7,.7,313,64,7.7,4,5.5,4.3,.46,-4
2016,74,1,26,5.5,16.8,55.7,16.6,31,1.51,21.97,0,20.6,8.4,14,14.1,13.3,13.6,2,1,299,58,7.7,4.8,5.5,4.7,.55,-1.5
2016,75,1,28.1,6.3,17.6,68.2,6.9,32.9,1.63,22.57,0,22.1,9.4,15.1,14.5,13.7,14,1.6,.7,292,63,7.3,5.9,5.7,4.6,.56,-1.7
2016,76,1,28.9,6.2,18.2,51.5,4.7,23.1,1.92,23.18,0,22.3,9.2,15.1,14.6,14,14.3,1.4,.6,292,60,6.8,6.3,5.9,4.6,.39,-6.4
2016,77,1,29.3,6.7,19,45.4,6.7,20.4,2.04,23.16,0,22.3,9.3,15.2,14.9,14.2,14.5,1.7,.6,302,65,7.6,6.6,6.2,5,.38,-6.6
2016,78,1,28.6,6.7,18.3,55.2,6.8,22.9,1.88,23.37,0,21.7,9.7,15.3,15,14.4,14.7,1.7,.7,323,63,7.8,6.2,6.2,5,.41,-5.5
2016,79,1,28.9,7.3,18.4,53.3,9.1,25.5,1.85,22.96,0,21.8,10,15.4,15.1,14.5,14.8,1.9,1,293,56,8.4,6.6,6.3,5.2,.47,-3.6
2016,80,1,30.3,6.3,19.2,48.1,5.7,22.1,2.08,23.73,0,23.3,9.5,15.9,15.4,14.6,14.9,1,.2,98,71,4.6,7,5.8,4.3,.4,-5.7
2016,81,1,31.7,8.3,20.6,52.9,6.6,23.3,2.23,23.59,0,24,10.7,16.7,15.7,14.9,15.3,1.4,.2,334,73,6.9,7.9,6.3,4.9,.47,-3.7
2016,82,1,29.4,9.4,20.3,43.4,5.9,19.7,2.11,23.89,0,21.9,11.1,16.1,15.8,15.3,15.6,3.1,1.7,270,55,12.6,7.2,7.6,6.7,.41,-5.6
2016,83,1,20.6,6.1,14.7,48.8,4.8,20.4,1.41,24.63,0,19.5,10,13.9,15.8,14.7,15.3,3.2,2.9,284,24,10.5,2.6,6.8,5.4,.31,-10.2
2016,84,1,24.6,1.1,14,50.9,5.6,21.2,1.51,24.78,0,21.2,6.7,13.4,14.7,14,14.4,1.2,.6,299,56,6.2,3.7,5.8,4.2,.28,-10.6
2016,85,1,26.5,4.1,15.7,47.5,6.7,21.4,1.65,24.39,0,20.4,8.1,13.9,14.7,14.1,14.4,2,.9,305,60,9.6,4.9,6.5,5.2,.32,-8.5
2016,86,1,28.7,7.9,18.8,35,6.7,18,2,24.58,0,21.2,8.7,14.6,14.8,14.1,14.5,2.5,1,296,62,11.2,6.6,7.2,6.1,.34,-7.8
2016,87,1,28.5,7.2,19.4,48.4,7.9,23,1.94,24.67,0,23.1,9.5,15.8,15.3,14.4,14.7,1.4,.4,294,68,6.5,6.3,6.3,4.9,.47,-3.8
2016,88,1,27.6,11.4,19.9,53.1,11.9,30.3,1.78,22.99,0,22.2,11.5,16.3,15.5,14.9,15.2,2.6,1.4,200,54,10.9,6.9,6.5,5.7,.65,.7
2016,89,1,19.3,12,16.3,52.8,24,39,1.14,16.93,0,17.9,11.8,14.7,15.6,15.1,15.3,2.8,1.4,252,56,12.3,3,4.3,4.2,.72,2.1
2016,90,1,17.6,8.6,13.3,57.5,24.1,38.6,.96,19.52,0,18.3,10.7,14.1,15.3,14.7,14.9,2,1.6,298,35,8.8,1.6,4.2,3.8,.57,-1
2016,91,1,18.4,2.1,10.9,62.6,15.7,34.7,.96,19.4,0,17.1,7.5,12.3,15,14.1,14.5,1.7,.9,286,55,9.4,1.4,4.2,3.6,.41,-5.3
2016,92,1,22.5,3.9,14,57.7,15.4,32,1.24,25.64,0,20.5,7.4,13.5,14.4,13.7,14,1.8,.6,297,67,7.8,3.1,6,4.6,.47,-3.5
2016,93,1,25.9,3.9,16.6,63.4,9.9,28.3,1.62,26.17,0,22.2,8.6,14.8,14.8,13.9,14.3,1.5,1.2,95,38,9.8,4.7,6.4,4.8,.45,-4.3
2016,94,1,29.6,4.9,18,55.8,5,22.1,1.92,27.06,0,23.5,9.2,15.8,15.2,14.3,14.7,1.1,.6,112,53,5.5,6.4,6.6,4.9,.37,-7
2016,95,1,31.4,6,19.4,60,5.7,22.2,2.14,26.32,0,24.4,9.9,16.6,15.7,14.8,15.1,1.2,.2,47,75,6.1,7.3,6.7,5.1,.41,-5.7
2016,96,1,30.6,9.4,21.1,48.8,6.1,20.4,2.28,24.75,0,24.2,12.1,17.5,16.2,15.4,15.7,1.7,.8,302,58,8.4,7.8,6.9,5.7,.43,-5.1
2016,97,1,34.1,8.1,22,48.6,5.1,19.2,2.55,24.49,0,24.8,11.5,17.9,16.5,15.7,16,1.1,.4,300,64,7,8.5,6.4,5.1,.4,-5.8
2016,98,1,29.9,15.6,22.6,85,9.5,26.6,2.15,11,.76,22,15.2,17.9,16.8,16.4,16.5,1.5,.5,156,67,8.5,10,3.3,4.1,.67,.3
2016,99,1,24.8,13.6,18.9,92.8,32.4,60.2,.98,17.78,3.56,23.3,14.5,18.3,17,16.5,16.7,1.8,.8,89,61,6.9,6.5,3.8,3.9,1.25,10.2
2016,100,1,27.3,10.9,18.8,89.3,12.2,47.2,1.37,26.69,0,25.4,13.3,18.7,17.4,16.7,17,1.3,.4,151,69,6.7,6.6,6.1,4.9,.9,4.9
2016,101,1,20.4,10.4,14.3,94.5,30.2,64.1,.63,11.78,7.11,20.4,13.5,16.1,17.5,16.5,17.1,1.5,.2,238,76,12.5,3.2,2.1,2.8,1.02,7
2016,102,1,23.2,7.4,16,96.6,24.8,60,.93,26.45,.25,24.2,10.4,16.9,16.6,14.7,15.6,1.3,.7,292,56,6.1,3.9,5.4,4.3,.98,6.5
2016,103,1,24.6,12.6,18.2,91.2,21,52.2,1.13,25.22,3.3,24.7,14.6,18.8,17.4,16.6,16.8,1.5,.5,304,65,7.4,5.8,5.7,4.7,1.01,6.9
2016,104,1,28.3,9,19.1,88.3,8.9,43.9,1.55,27.65,0,27.2,12.9,19.4,17.8,17,17.3,1,.2,325,73,6.3,6.6,6.2,4.9,.81,3.4
2016,105,1,31,9.2,21.6,82.9,10.3,34.1,2.08,27.14,0,27.4,13.6,19.8,18.2,17.4,17.8,1.8,.7,273,63,7.8,7.9,7.2,6,.72,1.9
2016,106,1,27.5,10.8,20.1,63.2,9.9,26.4,1.86,26.79,0,24,13.8,18.3,18.3,17.7,18,4,2.9,276,42,14.7,6.7,8.5,7.4,.58,-1.6
2016,107,1,22.6,7,15.9,65.2,11.1,28.2,1.39,27.71,0,22.5,10.9,16.1,18.1,17.1,17.5,2.8,2.4,291,28,9.5,3.6,7.1,5.7,.47,-3.7
2016,108,1,25,6.2,17.3,68.2,12.3,29.6,1.59,27.85,0,24.1,10.7,16.8,17.4,16.5,16.8,1.7,1.1,310,48,7.3,4.5,6.7,5.2,.51,-2.7
2016,109,1,26.6,6.3,17.9,66.3,8.9,28.4,1.71,28.4,0,23.1,11.1,16.8,17.1,16.5,16.9,2.3,1.7,289,40,9.3,5.3,7.6,6,.49,-3.3
2016,110,1,29.5,7.4,19.3,57.2,7.5,25.7,1.98,27.89,0,26,11.5,18.2,17.4,16.6,16.9,1.8,.8,291,58,10.4,6.9,7.3,5.9,.47,-3.8
2016,111,1,31.6,8.4,21.1,52,5.3,22.4,2.31,28.44,0,26.4,12.6,19.2,17.8,16.9,17.3,1.5,.3,343,71,7.5,7.8,7.5,5.9,.45,-4.5
2016,112,1,34.5,8.5,23.1,56.4,4.1,19.7,2.69,28.32,0,29,13.2,20.4,18.3,17.3,17.7,1.3,.2,136,76,6.5,8.8,7.6,6,.44,-4.9
2016,113,1,34.5,12.3,24.2,63.1,5.5,19.6,2.74,27.58,0,26.8,14.3,20.2,18.6,17.9,18.2,1.6,.4,225,71,9.1,9.8,7.7,6.4,.51,-2.7
2016,114,1,31.6,13.7,23.6,49.6,9,25.5,2.36,27.61,0,26,15,20.1,18.8,18.2,18.5,2.9,1.9,270,47,11.3,9.7,8.4,7.5,.68,1.2
2016,115,1,30,10.6,21.4,62.5,6.6,26.8,2.1,26.88,0,26.4,14,19.8,18.9,18.2,18.6,1.7,.7,282,61,7.6,7.8,7.1,5.9,.59,-1.2
2016,116,1,26.9,13.9,21.1,56.7,5.8,24.3,1.99,27.31,0,24.3,14.2,18.6,18.9,18.3,18.6,3.3,2.1,245,48,11.4,7.6,8.2,7.1,.57,-2.2
2016,117,1,23.2,8,17,52.2,12.7,23.2,1.56,27.77,0,23.4,11.6,16.9,18.6,17.6,18,2.6,2.3,292,28,8.8,3.9,7.1,5.9,.44,-4.7
2016,118,1,27.3,8.8,19.1,46.7,8.9,23.6,1.88,24.42,0,23.9,11.3,17.1,18,17.1,17.4,2,.8,307,62,7.9,6.1,6.4,5.7,.46,-3.9
2016,119,1,26.4,12.2,19.7,33.3,8.7,19.2,1.93,26.53,0,23.8,12.3,17.4,17.7,17.2,17.5,3.3,1.5,249,60,12.3,6.6,7.9,7.1,.43,-4.9
2016,120,1,24,7.3,16.6,55.1,18.3,32.5,1.4,23.17,0,23.6,12.1,17.6,17.8,17.2,17.5,1.9,1.2,278,49,9.2,4.2,5.6,4.9,.59,-.6
2016,121,1,26.3,10.4,18.6,57.8,12.5,33,1.59,20.52,0,24.3,13.1,18,17.8,17.2,17.5,2.3,.5,190,72,9.4,5.9,5.4,5.4,.65,.7
2016,122,1,24.4,9.8,17.4,65.8,22.7,40.7,1.29,24.52,0,23.5,12.5,17.8,17.8,17.2,17.5,1.6,.3,45,72,6.4,4.8,5.5,4.8,.77,3.2
2016,123,1,28.9,8.8,20.5,65.9,11.9,32,1.93,28.67,0,26.3,12.8,19,18.1,17.3,17.6,1.6,0,33,80,7,6.8,7.1,5.8,.66,.9
2016,124,1,32,10.5,22.4,52.3,7,25.1,2.35,29.06,0,27.5,13.7,20.2,18.6,17.7,18,1.2,.4,295,67,5.9,8.5,7.3,5.8,.58,-.8
2016,125,1,36.5,12.9,26.9,42.4,5.5,18.8,3.33,29.75,0,29.7,15.1,22,19.4,18.3,18.6,2.4,1.1,112,59,8.8,10.4,9.3,8.1,.55,-1.6
2016,126,1,34.2,14.6,25.7,48.2,4.3,20.2,2.93,29.46,0,27.3,15.2,21.2,19.7,18.8,19.1,2,1.2,178,53,8,10.8,8.6,7.3,.56,-2
2016,127,1,26.6,15.9,21.7,43.3,7.1,25.3,2.02,28.5,0,25.6,15.1,19.7,19.8,18.9,19.1,3,1.6,218,56,9.4,8.5,8.1,7.1,.62,-.4
2016,128,1,25.5,9.4,18.5,66.1,16.8,36.9,1.47,27.98,0,26.1,13,19,19.5,18.5,18.9,2.1,.7,292,66,8.1,5.4,6.7,5.7,.73,2.3
2016,129,1,24.4,13.6,19.1,55.4,17.1,33.8,1.53,27.18,0,25.2,14.1,19,19.1,18.3,18.5,2.2,1.2,293,54,9.4,6.3,6.7,5.8,.71,2.1
2016,130,1,28.1,11.1,20.4,62,12.2,32.5,1.8,29.39,0,27.3,13.2,19.8,19.3,18.2,18.6,1.6,.8,295,57,7.8,7,7.2,5.9,.71,1.8
2016,131,1,31.6,10.7,22.6,49.4,12,24.4,2.33,27.12,0,28.3,13.5,20.5,19.4,18.5,18.9,1.7,.8,301,60,7.6,8.4,7.2,6.3,.61,0
2016,132,1,33.2,12.4,24.9,47.8,6.9,20.5,2.77,27.09,0,29.4,14.6,21.4,20.1,18.9,19.3,1.6,.7,318,62,6.6,9.5,7.4,6.4,.57,-1.2
2016,133,1,36.6,13.9,26.6,46.6,5.8,18.9,3.26,27.2,0,30,15.6,22.3,20.3,19.4,19.8,1.2,.1,310,76,6.5,10.9,7.5,6.2,.55,-1.7
2016,134,1,36.7,14.2,27,39.2,7.1,18.6,3.27,25.53,0,30.5,16.6,23.5,20.8,20,20.3,1.3,.4,256,68,7.4,11,7.2,6.1,.58,-.7
2016,135,1,35.8,17.4,27.2,50.6,10.8,24.7,2.98,21.7,0,30.3,18.2,24,21.4,20.5,20.8,1.7,.5,235,67,9.6,12.4,6.4,6.3,.83,4.2
2016,136,1,33.9,17.8,27.3,42.1,3.5,15.2,3.27,29.7,0,29.3,16.9,22.4,21.6,20.6,21,2.7,1.5,206,55,11.6,12.3,9.5,8.3,.47,-4.9
2016,137,1,32.4,13.5,24.5,30.9,5.7,16.6,2.74,29.67,0,29.4,14.5,21.5,21.2,20.2,20.7,2.4,.8,236,66,11.2,9.8,8.6,7.6,.48,-3.7
2016,138,1,30.9,15.9,24.4,48.9,11.1,27.2,2.37,27.66,0,29.1,16.2,22.3,21.1,20.2,20.6,2.3,1.4,258,51,9.2,10.5,7.8,7,.79,3.1
2016,139,1,28.3,15,22.5,55,17.7,34.6,1.86,23.06,0,29.5,17.6,23,21.2,20.6,20.9,2.2,1.5,303,46,9.5,8.9,6.1,5.8,.91,5.6
2016,140,1,31,13.2,23.2,61.2,14.7,33.6,2.12,29.14,0,30.3,16.4,23,21.4,20.6,21,1.2,.6,278,60,7.6,9.2,7.2,5.9,.87,4.9
2016,141,1,33.8,18.1,26.6,44.9,5.3,23.5,2.88,29.52,0,30.9,16.9,23.4,21.5,20.8,21.2,2.1,1.2,161,54,7.4,12.4,8.5,7.5,.73,1.7
2016,142,1,31.5,15.4,24.4,50.3,10.3,26.6,2.41,27.92,0,31.7,17.7,23.9,21.9,21.1,21.4,2.6,.9,242,65,9.3,10.5,8,7.3,.75,2.5
2016,143,1,31.8,12.6,23.6,59.1,10.4,25.3,2.4,29.98,0,28.2,14.8,21.4,22,19.2,20.3,2.7,1.1,265,62,9.3,9.2,8.8,7.7,.66,1
2016,144,1,32.3,12.6,24.1,46.1,8.7,19.7,2.6,30.06,0,29.4,14.6,21.7,21.2,20.1,20.4,1.8,.8,254,61,8.2,9.3,8.2,6.9,.55,-1.7
2016,145,1,31.6,13.6,23.8,36.6,5.5,18.3,2.63,30.36,0,28.4,14.3,21.1,21.2,20,20.3,2.3,1.2,257,56,10.1,9.6,8.7,7.4,.48,-3.5
2016,146,1,31.5,13.6,23.2,56.9,6.6,21.5,2.46,30.22,0,28.6,15,21.3,21,20.2,20.6,2.4,1.4,239,53,11.2,9.6,8.8,7.5,.53,-2.3
2016,147,1,26.7,9.6,20.3,44.8,10.5,21.8,1.99,30.26,0,27.5,13.3,20,21,19.8,20.2,2,1.3,309,49,9.4,5.9,7.8,6.3,.49,-3
2016,148,1,30.6,10.4,22.1,48.8,8.1,21.6,2.32,30.05,0,28.3,13.6,20.8,20.4,19.3,19.6,1.4,.5,308,64,7.6,8,7.6,6.1,.51,-2.5
2016,149,1,34.3,12.3,24,42.8,3.7,18,2.79,30.68,0,31.7,15.5,23,21,20,20.3,1.5,.4,210,70,8.8,9.7,8.4,6.8,.44,-4.8
2016,150,1,34.9,11.6,25.2,62.3,4.1,16.9,3.05,30.75,0,28.1,14.9,21.5,21,18,19.4,1.7,.5,210,67,7.6,9.6,8.7,7.2,.44,-4.8
2016,151,1,33.6,15.5,25.9,45.6,5.3,17.8,2.97,30.05,0,30.1,16.2,22.5,21.1,20.1,20.4,1.9,1.1,266,53,8.5,11.1,8.6,7.2,.52,-2.8
2016,152,1,33.4,13,25.4,31.5,7,16.3,2.96,28.97,0,29.8,14.5,22,21,20.1,20.4,1.6,.5,319,157,6.9,9.8,8.1,6.8,.49,-3.2
2016,153,1,35.2,20.1,28.2,53,9.3,18.6,3.29,28.53,0,30.1,17.4,23,21.6,20.3,20.7,2.4,1.5,294,49,9.2,13.6,8.9,8,.66,1
2016,154,1,37.7,16.9,29.5,38.7,6.5,15.9,3.77,29.84,0,30.1,16.5,23.1,21.7,20.2,20.8,2.5,1.8,296,42,10.3,12.5,9.6,8.6,.58,-.9
2016,155,1,40.2,17.7,30.3,32.6,4.3,13.7,4.14,30.26,0,30.6,16.7,23.5,21.7,20.4,21,2.5,1.8,291,43,9.9,13.1,10.2,9.2,.51,-2.7
2016,156,1,42.2,18.6,33.2,29.5,3.7,10.3,4.96,29.89,0,34.5,18.8,26.1,22.6,21.5,21.8,2.1,1.4,290,47,8.8,13.6,9.7,8.6,.46,-4
2016,157,1,42.4,19,32.6,44.5,4.1,12.8,4.76,29.75,0,32,19.2,24.8,23.5,21.2,22.6,1.7,.7,302,60,8.6,13.8,9.3,7.9,.54,-2
2016,158,1,42.7,19.7,32.4,30.1,2.7,11.2,4.78,29.09,0,31.6,18,24.6,23.4,21.5,22.2,2.1,.8,262,65,9.6,14.2,9.5,8.6,.46,-4.4
2016,159,1,39.8,18.9,30.7,32.7,7.3,14.9,4.06,30.31,0,32.4,17.1,24.5,23,21.4,22,2,.5,250,70,8,13.6,9.3,8.2,.64,.2
2016,160,1,39.2,22.8,31.9,49.3,6.8,25.3,3.81,29.48,0,33.6,20.2,26.2,23.8,22.5,22.8,1.9,.6,252,68,9.9,15.1,8.8,7.9,1.07,7.2
2016,161,1,37.4,22.7,31.3,49,17.8,29.6,3.36,28.21,0,33,21.1,26.5,24.2,23.2,23.5,2.8,2.4,299,31,9.4,14.9,8.9,8.5,1.32,10.9
2016,162,1,34.5,23.4,29.2,64.7,27.5,41,2.5,21.72,.25,30.8,21.6,25.5,24.2,23.5,23.7,3,1.8,291,51,11,14.9,7,7.1,1.61,14
2016,163,1,35.2,21.2,28.8,71.3,16,43.1,2.47,23.02,0,31.9,21.4,26.7,24.2,23.6,23.8,1.5,.2,324,76,10.9,14,6.1,6,1.59,13.6
2016,164,1,38.1,19.3,29.8,60.9,8.2,27.8,3.4,28.64,0,32.2,21.4,26.3,24.4,23.8,24.1,2,.7,253,66,11.1,13.5,8.6,7.8,1,6.3
2016,165,1,35.7,19,28.7,41.2,8.5,20.6,3.33,28.73,0,33.8,20.2,26.5,24.4,23.7,24.1,2.3,1.1,260,58,10.4,13.1,8.8,8,.75,2.4
2016,166,1,36.5,16.4,28,33.1,3.5,14.5,3.5,31.15,0,35.4,19.9,26.9,24.6,23.8,24.1,1.6,.5,276,66,7.5,12.1,8.8,7.3,.48,-3.8
2016,167,1,37.7,16.1,28.7,35.3,3.9,15.2,3.66,30.91,0,32.3,18.3,24.9,24.6,23.6,24.1,2.2,.9,243,62,9.7,12.1,9.5,8.3,.54,-2.3
2016,168,1,37.9,17.7,29.1,44.2,4.9,16.5,3.67,31,0,32.7,18,24.8,23.9,23.1,23.5,1.8,.3,302,73,7.7,12.8,9.1,7.7,.57,-1.2
2016,169,1,38.4,16.9,29.6,37,4.5,14.2,3.89,31.32,0,32,17.1,24.4,24,21.4,22.5,1.6,.5,324,66,7.1,12.6,9.2,7.6,.52,-2.5
2016,170,1,41.9,17.4,31.9,30.5,4.6,12.2,4.66,30.71,0,32.1,17.5,24.7,23.5,22.2,22.6,2.7,2,298,43,10.6,13.1,10.5,9.8,.49,-3.3
2016,171,1,44.7,22,34.7,34.3,3.4,11.4,5.35,30.35,0,33.5,18.9,25.9,23.9,22.9,23.2,2,.9,287,59,7.8,15.1,10.1,9,.55,-1.6
2016,172,1,43.1,26.3,35.2,39.4,7.8,16.1,4.99,28.6,.51,33.6,20.1,26.5,24.2,22.6,23.3,2.2,.2,320,77,9.7,16.5,9.5,8.9,.89,4.9
2016,173,1,40.2,26.5,34.1,48.8,12.8,22.5,4.35,26.25,0,33.2,21.7,27.1,24.7,23.8,24.1,2,.7,300,65,7.6,16.4,8.4,7.9,1.14,8.8
2016,174,1,41.7,24.2,34.2,38.5,10.3,20,4.57,28.81,0,34,21.2,27.3,25,23.2,24.1,2.2,1.3,287,51,9,15.8,9.4,8.7,1.01,7
2016,175,1,34.9,25.5,30.7,47.5,18,26.7,3.29,7.76,0,25.5,22.3,24.1,25.2,24.3,24.6,1.3,1.1,94,31,5.6,15.9,2.7,4,1.17,9.2
2016,176,1,38.7,27.5,32.1,40.5,15.6,27.2,3.57,23.02,0,32,22.1,25.8,24.6,23.7,24.1,2.1,1.6,99,42,9.1,16.7,7.3,7.5,1.28,10.6
2016,177,1,38.2,24.6,29.8,71.4,18.6,38.4,2.71,20.45,.76,32.6,22.2,26.2,24.9,24.3,24.5,2,.8,80,63,12.8,15.7,5.9,6.7,1.57,13.6
2016,178,1,38.1,19.5,29.9,89.2,16.8,42.5,2.7,16.62,33.78,30.4,22.7,25.4,24.9,24.2,24.5,1.9,.2,42,77,26.3,13.6,5,5.8,1.65,14.2
2016,179,1,38.4,24,31.4,78.3,16.7,40.2,3.04,20.6,0,32.3,22.5,26.5,25,24.3,24.6,1.5,.6,76,64,11.3,15.5,5.8,6.1,1.69,14.6
2016,180,1,38.6,26.7,31.8,56.9,20.9,38.4,3.02,17.79,0,34.8,23.7,28.4,25.6,24.9,25.1,1.7,.5,84,67,9.9,16.5,5.3,6,1.76,15.5
2016,181,1,35.5,21.7,27.9,93.2,33.4,61.9,1.62,19.02,10.41,34.3,24.2,27.9,25.8,25.4,25.5,1.9,1.1,105,50,9.1,14.3,4.7,5.4,2.24,19.2
2016,182,1,29.8,21.4,24.9,95.3,42.3,74.9,.88,10.7,11.94,28.8,24.1,25.9,25.8,25.4,25.6,1.7,.8,99,59,6.9,12.8,2.2,3.2,2.31,19.7
2016,183,1,31,22,26,88.8,46.2,67.9,1.13,18.06,.51,30.9,23.4,26.3,26.4,25.1,25.5,1.4,1,91,45,7.2,13.6,4,4.4,2.26,19.4
2016,184,1,35.8,22.4,29.5,85.6,25,50.9,2.25,27.92,0,35.8,23.9,29.1,26.6,25.9,26.2,1.3,.6,329,61,7.5,14.6,7.2,6.5,1.97,17.1
2016,185,1,37.5,23,30.9,77.1,19.9,40.7,2.9,28.72,0,38.7,24.5,30.7,27.1,26.3,26.6,1.3,.6,313,57,5.8,15,7.8,6.8,1.69,14.7
2016,186,1,39.2,22.8,32,69.9,15.8,34.2,3.37,26.08,0,39.6,25,31.1,27.5,26.8,27,1.3,.5,343,62,6.5,15.1,7.3,6.6,1.51,13
2016,187,1,39.8,22.6,32.2,70.4,9.4,31.4,3.68,28.37,0,38.5,24.4,30.3,27.5,26.9,27.2,1.7,.5,285,68,7.8,15,8.4,7.5,1.33,10.5
2016,188,1,38.2,26.1,31.3,60.3,18.4,37,3.02,26.7,1.02,37.2,24.1,29.5,27.6,26.9,27.2,1.7,.4,108,70,7.6,16.2,7.5,7.2,1.64,14.2
2016,189,1,38.3,25.8,31.9,59,17.4,38.2,3.13,28.13,0,36.3,24.1,29.3,27.2,26.6,26.8,2.1,.3,309,75,7.3,16.1,8.2,7.8,1.7,14.7
2016,190,1,39.1,25.8,33,52.8,18.5,30.8,3.65,27.87,0,36.3,24.6,29.6,27.4,26.8,27,1.9,.9,317,58,8.3,16.2,8.4,7.8,1.5,12.9
2016,191,1,39.8,23.7,32.7,60.4,13,28,3.82,28.27,0,35.5,23.3,29,27.3,25.8,26.5,1.8,1.2,312,48,8.4,15.5,8.6,7.7,1.28,10.5
2016,192,1,40,24.4,33.8,51.8,13.1,24,4.22,28.55,0,35.7,23.3,28.9,27,25.7,26.4,2.1,1.6,300,40,9.3,15.8,9,8.2,1.17,9.2
2016,193,1,40.5,21.7,32.7,57.5,9.3,24,4.12,28.89,0,34.9,22.5,28.2,26.9,25.9,26.3,2,.8,276,62,8.5,14.8,9,8.1,1.05,7.4
2016,194,1,40.4,24,32.9,40.5,9.6,23,4.13,28.81,0,35,21.9,27.9,26.8,25.4,26,1.9,.6,320,68,7.4,15.6,8.9,8.1,1.06,7.7
2016,195,1,39.9,25,33.2,46.8,14.4,27.8,3.88,27.92,0,35.4,22.7,28.4,26.6,25.1,25.9,2,.8,322,63,7.5,16,8.6,8,1.34,11.2
2016,196,1,39.8,26.5,33.5,51.4,14.2,29.9,3.84,27.56,0,35.3,23.3,28.6,26.7,25.6,26.1,2.8,1.8,302,49,9.1,16.5,9.2,8.9,1.46,12.4
2016,197,1,40.2,25.1,33.1,53.5,14,28,3.88,28.01,0,33.5,22.6,27.9,26.6,25.2,25.9,2.1,1.4,301,48,7.8,16,8.8,8.2,1.34,11.2
2016,198,1,39.2,27.9,33.3,47.8,16.4,29.4,3.76,26.79,2.03,32.5,23.5,27.5,26.7,26,26.4,2.8,.5,321,74,8.6,16.9,8.9,8.9,1.44,12.3
2016,199,1,37.4,27.1,32,56.5,22.4,34.1,3.21,19.03,.25,31.8,23.2,26.6,26.7,25.8,26.1,2.3,.2,217,77,7.8,16.5,6.2,6.8,1.58,13.8
2016,200,1,38.3,24,29.5,72.8,19.3,45.9,2.37,25.63,.76,36.8,23.8,28.9,26.8,26.1,26.3,1.9,.7,134,63,9.2,15.5,7.2,7.1,1.82,15.9
2016,201,1,38.9,23.9,30.5,68.2,19.2,42.7,2.68,22.93,2.03,38.5,24.6,29.8,27.2,26.5,26.8,1.5,.5,103,68,8.3,15.5,6.4,6.4,1.77,15.6
2016,202,1,37.6,22.9,30.8,70,20.4,40,2.89,18.92,0,33.7,24.1,27.8,27.3,26.7,27,1.5,.6,105,64,6,15,5.4,5.6,1.67,14.7
2016,203,1,40.3,25,33.1,59.2,14.8,33.4,3.65,23.34,.25,34.9,24.1,28.6,27.1,26.5,26.8,1.4,.2,67,76,7.2,16,6.8,6.4,1.57,13.5
2016,204,1,41.1,28.3,34.8,49.5,13.8,26.2,4.28,27.6,0,35.2,23.2,28.8,27.1,26.5,26.7,2.3,.1,84,79,9.9,17,8.7,8.6,1.39,11.8
2016,205,1,39.9,27.9,34.1,48.1,18,29.7,3.92,26.91,0,33.2,24.4,28.5,27.3,26.8,27.1,2.9,1.9,295,47,9.9,16.8,9.1,9,1.53,13.2
2016,206,1,38,27.9,32.9,55.5,22.3,34.3,3.4,25.48,0,32.2,24.1,27.7,27.3,26.7,26.9,3.2,1.8,294,53,14.7,16.8,8.6,8.7,1.66,14.5
2016,207,1,38,26.5,32.5,54,23.9,34.2,3.35,25.61,0,32.7,23.2,27.5,27,26.2,26.5,2.4,1.2,296,57,7.4,16.4,8,7.8,1.63,14.3
2016,208,1,39.8,23,32.5,89.4,19.3,38.9,3.31,27.21,8.13,33.2,23.9,27.8,26.9,26.2,26.5,2.4,.9,292,64,10.6,15.2,8.3,8.1,1.75,15.2
2016,209,1,39.6,23.1,30.7,84.9,20,50.8,2.53,26.55,3.81,34.4,24.9,28.3,27.2,26.5,26.8,2.6,.3,4,76,15.9,15.3,8,8,2.06,17.8
2016,210,1,40.4,22.3,31.6,91.5,20.4,48.8,2.86,26.72,8.13,36.8,24.2,29.3,28.1,26.6,27.4,1.4,.3,18,72,8.1,15,7,6.9,2.03,17.6
2016,211,1,40,21.5,30.4,89.2,18.8,54.1,2.37,25,14.73,35.6,25.7,29.4,28.1,27.6,27.8,2,.3,317,75,14.9,14.7,7,7.1,2.16,18.6
2016,212,1,36.1,23,28.3,86.7,27.4,59.2,1.82,26.08,1.27,34.7,24.5,28.6,28,27.3,27.6,2.1,.5,17,70,11.3,14.9,6.7,6.8,2.15,18.6
2016,213,1,34.7,20.4,27.8,91.9,31.5,61,1.68,22.01,9.91,33.8,25.1,28.7,27.7,27.2,27.5,2.1,.5,296,70,9.4,13.6,5.8,5.8,2.17,18.8
2016,214,1,33.4,21.2,26.4,93.8,35,69.7,1.21,21.75,2.29,33.8,24.6,28.4,27.6,27.1,27.4,1.3,0,217,80,6.5,13.8,5.1,5.1,2.32,19.8
2016,215,1,28.9,22.5,25.9,93.8,54.3,73.7,.91,11.06,4.57,29.3,25.8,27,27.5,27.1,27.3,1.4,.7,99,57,6.3,12.9,2.2,3,2.44,20.7
2016,216,1,31.8,23.8,26.6,87.7,47.3,71.4,1.06,16.92,2.54,33.8,24.9,27.8,27.2,26.8,27,1.3,.7,99,54,7.4,14.7,3.8,4.2,2.46,20.8
2016,217,1,33.2,24,27.7,85.7,42.7,65.9,1.36,17.64,0,33.3,25,28.2,27.3,26.9,27,1.2,.6,104,59,5.1,15,4.1,4.4,2.4,20.4
2016,218,1,37,23.2,28.4,88.1,28.4,61.8,1.64,22.58,6.35,35,24.8,28.8,27.5,27,27.2,1.3,.2,95,75,10.8,15.1,5.6,5.6,2.31,19.7
2016,219,1,38.3,22.4,30,88.9,20,52.8,2.38,26.39,3.3,34.9,24.4,29.2,27.8,27.1,27.4,1.4,.7,76,55,9.4,14.9,6.8,6.5,2.04,17.6
2016,220,1,38.5,23,31,83.8,21,47.3,2.68,25.26,0,37,24.8,30.1,28.1,27.4,27.7,1.1,.5,86,59,6.9,15.1,6.7,6.1,1.97,17.1
2016,221,1,39,23.6,32.2,80.7,17.2,41.2,3.12,26.58,1.02,37.1,25.7,30.8,28.5,27.8,28.1,1.2,.1,274,78,6.1,15.4,7.3,6.4,1.83,15.9
2016,222,1,31.1,20.4,26.3,100,42.1,70.8,1.08,11.38,59.44,31,25.3,27.7,28.6,27.8,28.2,1.1,.6,94,55,6.4,12.8,2.6,3,2.37,20.2
2016,223,1,34.4,22.8,28,87.8,35.9,63.5,1.49,24.26,0,34.7,24.6,29,27.9,27.4,27.7,1.2,.5,112,62,5.2,14.7,5.8,5.5,2.33,19.9
2016,224,1,32.6,23.6,28,86.4,34.2,60.2,1.6,23.32,0,34.4,25.8,29.2,28,27.5,27.8,2.1,1.5,295,43,7.2,14.7,6.1,5.8,2.21,19
2016,225,1,34.8,22.6,28.8,88.2,34,59.3,1.79,25.99,0,36.5,24.9,30.3,28.3,27.5,27.9,2.1,1.7,296,36,8.4,14.6,7,6.4,2.25,19.3
2016,226,1,37.3,21.7,29.2,85.5,22.6,53.3,2.18,26.96,7.62,38.8,25.5,31.3,28.7,27.8,28.2,1.8,.4,73,70,12.1,14.5,7.1,6.7,2.04,17.7
2016,227,1,37.8,22.1,29.2,69.8,18,42.1,2.57,27.16,0,35.8,23.4,29.1,28.7,27.7,28.2,1.3,.9,102,45,5.2,14.7,7.1,6.4,1.62,14.1
2016,228,1,38.3,21.4,30.1,77.2,19.4,42.8,2.76,26.64,0,38.3,24.6,30.8,28.5,27.7,28.1,1.1,.2,48,72,5.6,14.5,7,6.1,1.69,14.8
2016,229,1,39.3,23,30.7,84.6,17.3,40.4,2.99,26.41,4.83,35.9,24.8,29.8,28.6,27.9,28.3,1.5,.8,62,58,9.9,15.2,7.3,6.7,1.62,13.9
2016,230,1,38.3,21.9,30.1,73.3,13.6,39.3,2.93,26.01,0,35.2,24,29.2,28.5,27.7,28,.8,.6,89,46,5.4,14.7,6.8,5.7,1.52,12.9
2016,231,1,36.9,22.2,29.6,69.6,17,37,2.81,26.11,0,36,23.9,29.1,28.2,27.5,27.9,1.5,.9,300,52,7.8,14.7,7.2,6.4,1.45,12.4
2016,232,1,36,23.8,28.9,63.7,18,37.9,2.62,22.02,.51,33.9,23,27.7,28.2,27.3,27.7,2.5,.8,281,67,9.1,15.2,6.8,7,1.45,12.4
2016,233,1,34.6,21.1,27.9,75.4,21.2,45.9,2.25,25.36,0,33.3,22.5,27.3,27.7,26.8,27.2,2.4,1.7,297,44,10.9,13.9,7.3,6.8,1.61,13.9
2016,234,1,33.8,20.5,25.8,77,26.4,54.5,1.62,20.11,.76,31.6,22.4,26,27.3,26.5,26.9,1.8,.3,104,74,9,13.5,5.1,5.4,1.75,15.4
2016,235,1,35,19.3,26.8,78.7,18,48.1,2.12,24.53,0,31.8,21.6,26.2,26.8,25.9,26.3,1.2,0,148,79,6.3,13.1,6.1,5.5,1.54,13.3
2016,236,1,34.4,20.9,27.5,68.1,17.6,40.5,2.39,24.04,0,31.7,21.8,26.4,26.5,25.9,26.2,1.4,.6,314,60,8.2,13.8,6.5,5.7,1.38,11.5
2016,237,1,34.9,19.7,27.5,66.4,17.1,38,2.51,25.22,0,32.3,21.2,26.3,26.4,25.7,26,1.6,.8,301,57,7.2,13.3,7,6.1,1.3,10.8
2016,238,1,35.6,19.7,28.6,63.3,18.7,36.2,2.71,24.18,0,32.6,21.4,26.6,26.3,25.6,26,1.5,.2,352,75,6.2,13.4,6.7,5.9,1.33,11.2
2016,239,1,32.8,22,27.5,85.9,31.9,51.8,1.88,23.04,1.52,32,23.5,27.3,26.4,25.9,26.1,1.5,1,92,44,8.8,14,5.8,5.4,1.85,16.2
2016,240,1,34.8,20.5,27.4,72.4,11.4,36.7,2.55,24.24,0,32.1,22.9,26.7,26.5,25.9,26.2,1.4,.1,105,77,7.1,13.6,6.6,5.7,1.21,8.9
2016,241,1,34.9,16.1,26.1,66.7,12.6,33.2,2.58,25.53,0,32.4,19.9,25.6,26.4,25.4,25.9,1.3,.5,296,63,6.7,11.7,6.9,5.7,.99,6.7
2016,242,1,36.9,16.5,27.5,63.9,12.2,32.4,2.89,25.26,0,32.3,20,25.8,26,25.2,25.6,1,.3,322,67,5.9,12.2,6.7,5.4,1.04,7.4
2016,243,1,37.2,22.6,30.7,48.1,16.2,30.8,3.2,23.71,.51,31.3,21.5,25.9,25.9,25.2,25.5,2.4,1.6,84,47,7.6,14.9,7.4,7.1,1.32,11
2016,244,1,35.6,26.3,30.4,60,26.1,38.7,2.74,22.09,1.02,30.4,21.7,25.8,25.8,25.1,25.5,3.3,3,106,26,8.6,16.2,7.2,7.6,1.65,14.5
2016,245,1,37,25,30,64.5,19.8,44.4,2.52,23.7,2.79,32.8,23.5,27.3,26,25.3,25.6,1.7,.7,88,63,7.8,15.8,6.6,6.2,1.81,15.8
2016,246,1,36.7,23.3,29.3,65.7,24.2,44.6,2.45,19.07,0,31.4,23.1,26.7,26,25.5,25.8,1.2,.4,85,65,5.5,15.1,5,5,1.73,15.2
2016,247,1,37.9,18.8,28.4,70.9,13.1,39.2,2.77,22.57,0,31.8,21.3,26.2,26,25.4,25.7,1.3,.7,174,57,7.8,13.3,6.2,5.5,1.34,11
2016,248,1,37.8,18.4,27.8,69.5,5.7,22.6,3.26,24.94,0,30,20.5,24.5,26,24.9,25.4,1.6,.5,145,66,7.3,13.1,7.4,6.3,.72,1.8
2016,249,1,39.9,15,28.4,52.7,8.4,22.6,3.46,24.7,0,29.9,18.8,23.8,25.3,24.3,24.7,1.9,.5,228,69,9.7,11.9,7.7,6.9,.76,2.9
2016,250,1,33.5,19.3,27.2,71.6,20.7,38.9,2.28,15.68,.76,28.6,19.8,24,24.8,24,24.4,1.5,1,111,49,7.2,12.9,4.3,4.5,1.42,11.5
2016,251,1,26.8,20.4,22.1,94.9,52.8,85.4,.41,7.26,19.56,26,22.4,23.9,24.5,24.1,24.3,2.7,.3,267,77,9.1,10.8,1.3,2.5,2.26,19.4
2016,252,1,30,20.9,24.9,95,49,73.7,.95,23.18,0,30.5,22.6,25.7,24.7,24,24.2,2,1.6,288,36,8.4,12.7,5.6,4.9,2.26,19.4
2016,253,1,33.9,19.7,26.6,94.1,29.9,61.2,1.62,23.41,0,30.7,21.6,25.8,25,24.4,24.6,1.4,.8,290,50,7.6,13.1,6,5.2,1.99,17.3
2016,254,1,36.6,19.1,27.9,87.1,18.2,50.1,2.25,23.39,0,33.7,21.4,26.9,25.3,24.6,24.9,.9,.3,104,67,4.2,13.3,5.9,5,1.69,14.7
2016,255,1,35.9,21.2,28.9,78.5,15.6,41.8,2.54,23.37,0,34.1,23,27.7,25.8,25.1,25.3,1.7,.2,33,76,6.7,14.1,6.6,5.8,1.54,13.1
2016,256,1,32.6,20.9,24.7,88.8,32.8,57.5,1.42,15.05,0,28.3,22,24.7,25.8,25.1,25.4,1.7,1.2,87,41,9.9,13.4,3.6,4.3,1.74,15.2
2016,257,1,33.9,19.1,26.6,83.4,28.1,52.7,1.82,19.65,0,29.2,20.8,24.7,25.2,24.5,24.8,2.1,1.3,116,51,7.6,12.9,5.3,5.2,1.76,15.4
2016,258,1,34.8,20.5,26.6,80.6,20.4,54.3,1.79,20.5,0,32.2,21.6,26.2,25.2,23.4,24.8,1.2,.4,119,68,5.6,13.6,5.1,4.8,1.79,15.7
2016,259,1,32.8,16.4,24.2,86.6,13.3,47.2,1.91,22.75,0,30.4,20.4,24.7,25.3,24.5,25,1.1,.5,337,59,5.9,11.3,5.7,4.7,1.27,10
2016,260,1,33.3,13.4,23.4,73.2,9.9,38.2,2.11,23.6,0,29,18.1,23.2,26.8,22.1,24.5,1,.6,76,49,7.2,10,5.8,4.6,.95,5.9
2016,261,1,34.8,13.8,24.1,73,7.1,37.8,2.25,23.75,0,29.3,18.2,23.4,25.9,22.6,24,.8,.5,103,52,4.3,10.5,5.8,4.5,.98,6.4
2016,262,1,999,999,999,999,999,999,999,999,999,999,999,999,999,999,999,999,999,999,999,999,999,999,999,999,999
2016,262,1,37.5,13.6,25.4,73,9.1,36.4,2.62,24.01,0,29.1,18.2,23.5,24.2,23.6,23.9,1,.4,323,181,5.5,10.9,6.4,5,.96,6.2
2016,263,1,34.8,16.4,26.9,61,15,34.5,2.59,17.51,0,27.9,18.9,23,24.1,23.4,23.8,2.2,1.4,305,49,8.2,11.7,5.6,5.6,1.13,8.6
2016,264,1,32.4,23,27.6,62.6,32.1,44.6,2.11,13.94,0,27.6,21.2,23.9,23.9,23.5,23.7,1.5,.7,304,60,6.9,14.4,3.9,4.1,1.62,14.2
2016,265,1,36.4,21.2,28.4,69.9,22.9,48,2.25,19.72,0,29.9,21.2,25,24.2,23.5,23.8,1.4,.4,213,68,9.9,14.2,5.3,4.9,1.76,15.3
2016,266,1,33.9,19.9,27,86.8,17.9,54.6,1.8,22.08,0,29.4,21.6,25.2,24.5,23.9,24.2,1.9,1.1,277,51,7.6,13.2,5.9,5.3,1.84,15.9
2016,267,1,29.9,15.7,22.4,86.3,30.9,61.5,1.1,13.93,0,27,20.8,23.7,24.5,24,24.3,1.7,.8,295,61,13.5,10,3.3,3.6,1.65,14.1
2016,268,1,29.5,12.8,21.2,85.3,8.9,42.6,1.73,22.12,0,26.7,18,21.6,24.2,23.3,23.7,1.6,1,300,48,7.2,8.4,5.7,4.7,.92,4.7
2016,269,1,32.2,9.9,21.5,64.1,12.8,32.6,2.06,22.05,0,26,15.8,20.6,23.6,22.5,22.9,1.2,.8,76,45,8.8,8.4,5.7,4.4,.74,2.5
2016,270,1,26,18.2,23.2,53.6,29.9,37.1,1.8,8.69,0,20.3,17.9,19,22.9,22,22.4,5.5,5.2,89,19,14.4,9.3,4.6,5.9,1.05,7.7
2016,271,1,28.6,15.6,22,89,34.7,54.6,1.31,16.89,2.79,23.5,16.7,19.5,22,21.1,21.4,3.4,2.9,102,30,9.7,9.3,4.9,5,1.39,11.7
2016,272,1,31.8,17,23.1,91,30.3,64.8,1.17,14.13,.51,25.1,18.3,21.4,21.6,21.1,21.3,1.5,1.2,98,36,9.6,11.4,3.4,3.7,1.75,15.3
2016,273,1,32.8,19.8,24.2,93,32.9,68.7,1.14,17.38,1.02,27.9,20.2,23,22.2,21.5,21.7,1.5,.2,22,76,10.6,13,4.1,4.2,1.98,17.3
2016,274,1,31.3,17.2,23.9,93.3,27.9,60.6,1.37,17.42,0,26.9,19.4,22.8,22.5,22,22.2,1.2,.7,92,51,6.8,11.3,4.1,3.8,1.69,14.7
2016,275,1,32.7,15.4,23.8,87.4,17.9,50.8,1.74,20.88,0,28.1,18.6,22.8,22.6,22,22.3,.8,.2,35,72,4.5,10.8,4.9,3.9,1.36,11.3
2016,276,1,30.7,16.9,22.8,90.1,27.3,59,1.24,12,1.52,24.8,18.6,21.7,22.7,22,22.3,1.3,.9,97,45,6,11,2.7,3.2,1.61,13.6
2016,277,1,30.3,14.1,23.4,94.6,13.7,47,1.71,20.97,0,25.9,18.3,21.9,22.5,22,22.2,2.2,1.3,283,52,9.3,9.4,6,4.9,1.25,8.3
2016,278,1,28.3,9.1,18.5,77.4,10.7,38.7,1.58,21.17,0,24.4,15.2,19.4,22.5,21.3,21.8,1.1,.3,4,68,6.5,6.6,5,3.8,.7,1.5
2016,279,1,31.5,10.8,20.7,73,14,39.9,1.79,20.79,0,24.9,15.1,19.6,21.7,20.8,21.2,1.2,.5,75,63,6.9,8.5,5.1,4.1,.85,4.5
2016,280,1,30,11.6,20.8,76,19.5,43.7,1.63,17.89,0,24.1,16,19.9,21.3,20.7,21,1.1,.1,15,76,4.9,8.2,4.3,3.6,.98,6.6
2016,281,1,34.6,11.4,24.2,74.7,16.1,36.5,2.39,20.03,3.81,25.2,15.9,20.1,21.2,20.5,20.8,2,1.4,90,44,9.1,9.5,5.8,5.3,.93,5.8
2016,282,1,33.2,18.4,25.9,76.6,17.9,36.6,2.23,18.68,0,25.3,17.6,20.8,21.1,20.7,20.9,2.6,2.1,113,35,10.2,12.4,5.9,5.6,1.18,9.3
2016,283,1,33.8,15.9,24.3,76.5,18.5,45,1.97,18.64,0,26.2,17.8,21.4,21.3,20.8,21,1.2,.3,111,72,7.5,11.3,4.8,4.1,1.25,10.1
2016,284,1,34.2,14,23.7,65.8,14.6,38.6,2.15,19.65,0,26,17.1,21.1,21.3,20.8,21.1,1.3,.3,1,72,8.1,10.4,5.3,4.3,1.01,7
2016,285,1,35.3,14.2,24,66.2,10.1,34,2.36,19.73,0,25,16.6,20.5,21.3,20.7,21,1.4,.4,121,69,10,10.8,5.4,4.5,.88,5
2016,286,1,33.2,11.6,22,62.2,5.6,30.9,2.23,18.57,0,24.3,15.7,19.7,21.1,20.5,20.8,1.1,.3,80,70,4.8,9.3,4.8,3.9,.67,.7
2016,287,1,32.6,9.7,20.9,54.6,6.8,27.8,2.12,19.9,.25,23.8,14.7,18.9,20.8,20,20.4,1.1,.2,81,72,4.8,8.6,5.1,3.9,.59,-.7
2016,288,1,34.4,9.9,21.2,67.9,8.8,32.3,2.14,19.47,0,24.2,14.6,19.1,20.4,19.7,20.1,.7,.3,89,63,4.4,9,4.7,3.3,.69,1.6
2016,289,1,35.2,11.4,22.5,64.9,10.9,32.3,2.24,19.18,0,24.1,15.1,19.2,20.3,19.7,20,1.3,.6,82,61,6.3,9.6,5.1,4.2,.78,3.3
2016,290,1,34.3,10.9,22.8,70.1,12.3,33.2,2.22,19.18,0,24,15.1,19.2,20.2,19.6,19.9,1.3,.4,72,69,6.8,9.3,5,4.1,.81,3.8
2016,291,1,32.8,11.3,21.9,64.5,9.9,32.8,2.11,19.3,0,23,15.3,18.8,20.1,19.6,19.8,1.5,.3,28,72,9,9,5.3,4.3,.75,2.6
2016,292,1,32.6,12.2,21.6,60,12,34.2,2.04,18.6,0,22.9,14.8,18.6,19.9,19.4,19.6,1.3,.5,31,161,6.1,9.2,5,4,.81,3.8
2016,293,1,31.6,11.3,21.3,66.6,15.4,38.2,1.86,18.05,0,23.6,15,18.7,19.8,19.3,19.6,1.6,.6,286,63,7.1,8.7,4.9,4.1,.87,4.9
2016,294,1,34,9.9,23.7,68,9.7,30.6,2.5,18.31,0,21.1,14.4,17.7,19.7,19.1,19.4,2.5,2.4,92,20,8.2,8.9,6.1,5.7,.7,2.3
2016,295,1,34.8,16.4,25.3,65.2,11.8,28.8,2.53,17.92,0,23.1,15.1,18.7,19.4,18.9,19.1,1.8,1.5,113,35,6.5,11.7,5.3,4.8,.86,4.7
2016,296,1,35.1,13.4,24.5,73.4,13.5,33.5,2.37,15.86,0,23.6,15.6,19.3,19.5,19,19.3,1.2,.4,46,67,6,10.4,4.4,3.8,.93,5.9
2016,297,1,33,14.3,23.9,65,17.4,39.1,2.05,15.36,.25,23.8,16.5,19.8,19.7,19.3,19.5,1.4,.2,316,75,6,10.3,4.2,3.8,1.08,8
2016,298,1,32.6,14.6,22.6,73.2,19.8,47.7,1.63,12.42,2.03,23.7,16.6,19.8,19.8,19.5,19.7,1.5,.5,72,67,13.1,10.4,3.2,3.6,1.24,10
2016,299,1,31.4,14.6,22.4,88.6,25.8,56.2,1.44,17.12,0,25.2,17.3,20.8,20.1,19.6,19.8,.7,.2,103,66,4.8,10.1,3.8,2.9,1.4,11.9
2016,300,1,34.1,13.2,23.1,83.8,14.9,47.1,1.89,17.3,0,24.3,16.7,20.3,20.2,19.8,20.1,.7,.5,86,45,4.7,10.1,4.1,3,1.17,9.2
2016,301,1,35.7,13.6,25.5,71.3,14,35.5,2.56,16.37,0,23.8,16.5,20,20.3,19.8,20.1,1.2,1,102,31,6.7,10.6,4.6,3.8,.98,6.6
2016,302,1,33.9,17,25.7,65.4,16.9,30.1,2.51,13.21,0,23.5,17.3,20,20.2,19.9,20.1,1.2,.2,149,75,6,11.8,3.9,3.5,.93,5.8
2016,303,1,33.5,13.6,22.7,65.7,13.6,40.5,1.96,16.75,0,24.8,16.4,20.2,20.3,19.8,20.1,.8,.1,43,74,6.6,10.1,4,2.9,1.01,7.1
2016,304,1,33.6,13.7,22.9,61.9,14.8,36.7,2.07,14.33,0,23,16.5,19.5,20.3,19.8,20.1,1.3,.3,150,71,6.7,10.2,4,3.6,.93,5.9
2016,305,1,31.2,14.7,23.2,55.4,20.2,38.1,1.93,14.5,0,22.1,15.9,19,20.1,19.6,19.9,1.8,.2,233,77,8,10,4.2,3.8,1.05,7.5
2016,306,1,28.1,12.9,19.8,77.5,18,46.8,1.37,16.25,0,22.7,16.4,18.8,19.9,19.5,19.7,1.4,.5,300,65,7.6,7.8,4,3.2,1.03,7.2
2016,307,1,27,9.6,18.9,67,20.2,41.7,1.44,16.4,0,21.9,14.3,17.6,19.8,19,19.4,1.4,.3,262,72,6.1,6.1,3.9,3.1,.86,4.7
2016,308,1,28.4,12.9,19.9,95.2,21.6,60.4,1.1,12.99,5.59,20.3,16,17.8,19.3,18.9,19.1,3,1.5,78,57,10.7,7.9,3.9,4,1.3,10.7
2016,309,1,25.3,10.7,16.8,96.3,26.1,69.4,.74,16.02,.25,21.8,15,17.9,19.1,18.6,18.9,.9,.4,296,63,4.8,5.6,3,2.4,1.25,10.2
2016,310,1,25.1,8.2,16.3,94.6,26.9,65.1,.85,15.87,.25,20.8,14.8,17.5,18.9,18.5,18.7,1.4,1,286,46,6.6,4.9,3.4,2.7,1.11,8.5
2016,311,1,27,8.2,17.4,90.8,25,57.6,1.1,15.9,0,21.3,14.5,17.5,18.7,18.2,18.4,1.2,.3,302,69,5.8,5.9,3.4,2.7,1.04,7.5
2016,312,1,28.2,8.6,17.6,86.5,18.6,56,1.16,15.62,0,20.6,13.4,16.7,18.5,17.9,18.2,1.2,.5,297,65,6.2,6.5,3.5,2.9,1.01,7
2016,313,1,29.2,10.4,22.6,78,15.9,31,2.1,15.57,.51,18.4,13.5,15.5,18.1,17.6,17.8,4.4,4.1,83,20,12.9,7.4,6.4,6,.75,2.7
2016,314,1,26,16.9,21.5,30.8,13.2,20.5,2.07,15.93,1.02,16.9,12.3,14.2,17.7,17.1,17.3,5.1,4.7,90,23,13,8.7,6.8,6.7,.52,-2.2
2016,315,1,24.2,14.2,19.5,48.5,21.9,30.9,1.59,15.31,.25,17.1,11.2,13.8,17.1,16.4,16.7,3.7,3.5,93,19,11.2,6.4,5.1,4.8,.7,1.7
2016,316,1,27,8.8,19.5,73.1,16.5,37,1.57,15.1,.25,18.5,11.4,14.6,16.7,16.2,16.5,1.8,1.7,107,25,6.3,5.9,4,3.3,.78,3.3
2016,317,1,25.9,11.5,20.1,55.8,17.8,31.5,1.71,15.21,0,18,11.7,14.5,16.6,16.2,16.4,2.6,2.4,97,22,8,6.1,4.7,4,.71,2
2016,318,1,26.8,7.6,17.4,70,15.4,39.8,1.39,14.8,0,18.8,10.7,14.4,16.5,16,16.3,1,.2,346,74,4.6,5.6,3.4,2.5,.72,2.2
2016,319,1,28,5.9,16.2,69.9,11.8,38.8,1.43,15.24,0,18.3,10.1,13.9,16.4,15.9,16.1,1.1,.4,304,65,5.4,5.9,3.6,2.7,.61,-.1
2016,320,1,33.4,6.1,17.6,61.4,4.9,29.9,1.8,15.25,0,19.6,10.3,14.4,16.2,15.7,16,.9,.6,90,50,4,8,3.7,2.7,.49,-3.1
2016,321,1,29.3,8.8,18.1,60.6,13.4,28,1.69,10.39,0,16.7,10.8,13.7,16.2,15.7,15.9,1.5,.7,112,56,6.1,6.9,2.9,3.1,.54,-1.7
2016,322,1,21.2,4.8,16,56.9,8.2,26.6,1.4,14.56,0,15.8,10,12.8,15.9,15.5,15.7,2.6,1.8,294,45,8.3,2.8,4.3,3.4,.48,-4.7
2016,323,1,24.1,.7,11.9,62.8,9.9,28.1,1.23,14.79,0,15.8,7.2,11.1,15.6,14.6,15,.9,.5,286,56,5.3,3.5,3.3,2.2,.34,-7.9
2016,324,1,28.7,4.5,17.1,59.8,11.7,29.4,1.71,14.63,0,16.4,8.1,12.1,14.9,14.3,14.6,1.7,1.5,105,27,6.9,6,4.2,3.4,.49,-3
2016,325,1,28.8,10.3,18.8,53.2,16,28.8,1.66,8.66,0,17.1,10.9,13.6,15,14.6,14.7,1.8,.3,347,74,9.2,7.2,2.8,3.4,.6,-.3
2016,326,1,22.3,13.1,17.6,76.8,32.5,53.3,.97,8.67,.76,16.7,12.9,14.4,15.3,14.9,15.1,2.6,1.2,272,59,12.1,4.9,2.4,2.8,1.06,7.8
2016,327,1,20,5.3,12.8,92.3,32,60.8,.68,14.18,0,17.2,10,13.2,15.3,14.9,15.1,1.3,.7,278,55,6,2.3,2.6,2,.85,4.5
2016,328,1,24.9,1.6,12.8,86.7,9.3,48.4,1.07,14.61,0,16.7,7.8,11.8,15.2,14.4,14.7,1.2,.4,290,64,5.8,4,3.1,2.3,.59,-.7
2016,329,1,23.1,3.9,11.7,69.1,15.4,44,.96,14.32,0,15.2,8,11.3,14.7,14.1,14.4,1.2,.6,306,58,5.9,3.4,3.1,2.3,.54,-1.7
2016,330,1,25.1,2.8,14.8,63.7,12.3,31.8,1.43,12.23,0,14.6,7.2,10.6,14.3,13.6,13.9,1.7,1.5,106,26,6.7,4.1,3.5,3,.45,-4.1
2016,331,1,24.8,6.1,17,60.8,14.5,30.9,1.47,7.06,0,14,8.4,11.4,13.9,13.5,13.7,1.4,.8,123,52,7.6,4.4,2.2,2.6,.56,-1.2
2016,332,1,18.1,6.6,13.4,89.6,26.9,46,.88,11.87,2.54,14.7,9.9,11.9,13.9,13.7,13.8,3.4,3,276,27,13.2,1.6,3.1,3,.68,1.3
2016,333,1,15.7,3.1,10.1,95.5,25.3,61.7,.57,13.25,.25,14.6,7.3,10.9,13.9,13.3,13.6,1.5,.6,301,61,6.7,.6,2.3,1.7,.7,1.7
2016,334,1,13.5,-.3,8.9,74.5,16.5,50.9,.6,13.95,0,13,6.8,10.1,13.6,13.2,13.4,3,2.8,286,23,8.6,.1,3,2.1,.56,-1.7
2016,335,1,15.9,-3.5,5.3,82.4,12.7,49.8,.6,14.06,0,12.3,3.9,7.5,13.3,12.1,12.5,1.1,.3,301,67,6.6,.5,2.4,1.6,.38,-6.5
2016,336,1,18.2,-2.2,7,73.1,12.4,43,.73,13.58,0,12.7,3.9,7.7,12.3,11.4,11.8,1,.3,304,68,5.8,1.3,2.6,1.8,.37,-6.8
2016,337,1,16.8,-.4,8.7,65.6,16.4,37.1,.8,11.4,0,11.8,4.7,7.9,11.8,11.3,11.6,1.8,.8,318,61,9.7,.8,2.6,2.2,.38,-6.4
2016,338,1,17.4,1,9.2,70.2,26.5,43.9,.74,13.02,0,11.8,4.8,8.1,11.6,11.1,11.3,2,1.5,285,41,7.5,1.1,2.9,2.3,.49,-3.2
2016,339,1,18.4,-1.5,7.8,81.1,22.5,51.3,.65,13.5,0,12.3,4.1,7.8,11.4,10.8,11.1,1.3,.7,283,55,5.8,1.3,2.6,1.9,.5,-2.7
2016,340,1,22,.5,10.3,68.1,13.9,38.7,.96,12.84,0,13,4.1,8.1,11.2,10.6,10.9,1.3,.3,30,72,6.1,2.7,2.8,2.2,.43,-4.9
2016,341,1,21,3.2,11.7,65.3,20.5,40.4,.93,11.16,0,12.9,5.1,8.6,11.1,10.7,10.9,1.5,.3,89,72,6.4,2.5,2.4,2.2,.54,-1.9
2016,342,1,18.1,4.7,12,83.9,39.3,57.5,.66,9.82,0,13.4,6.9,9.9,11.4,11,11.1,1.3,.6,291,60,5.1,1.5,1.8,1.6,.79,3.5
2016,343,1,19.6,2.4,10.7,88.7,31.5,61.9,.61,12.81,0,14.3,6.4,9.9,11.6,11.2,11.4,1,.4,287,64,5.8,1.9,2.2,1.6,.75,2.9
2016,344,1,21.4,1.3,10.5,85.5,25.8,57.7,.71,12.36,0,14,5.7,9.5,11.6,11.1,11.4,.9,.4,287,62,5.9,2.5,2.2,1.7,.67,1.3
2016,345,1,24.4,1.1,11.7,84.2,19.9,53,.87,12.87,0,14.8,5.7,9.8,11.6,11.1,11.4,1,.3,301,68,5.6,3.7,2.5,1.9,.66,1
2016,346,1,23.6,5.1,13.2,71.4,24.1,49,.93,12.35,0,15.3,7,10.7,11.8,11.3,11.5,.9,.1,64,75,4,3.7,2.4,1.8,.69,1.6
2016,347,1,23.7,4,13.4,77.1,24.6,51.1,.95,12.48,0,15.4,7,10.8,12,11.1,11.7,1.2,.3,348,70,5.6,3.7,2.6,2,.73,2.4
2016,348,1,23.5,5.1,13.2,77,27.4,55.1,.85,11.68,0,15.5,7.3,11,12.1,11.6,11.9,.8,.2,79,67,4,3.7,2.1,1.6,.78,3.4
2016,349,1,25.5,4.5,13.2,83.2,18,54.7,.92,12.21,0,16.1,7.4,11.2,12.2,-9.9,12,.6,.1,57,73,3.1,4.6,2.2,1.5,.75,2.8
2016,350,1,29.1,2.6,14.1,76.1,9,41.3,1.27,11.84,0,15.6,6.7,10.7,12.3,11.8,12.1,.9,.4,92,61,4.7,5.9,2.6,2.2,.55,-1.5
2016,351,1,25.5,11.9,18.3,55.4,21.1,34.4,1.47,7.92,0,15.4,10.2,12.1,12.5,11.6,12.2,1.8,.7,174,64,9.4,6.1,2.3,2.9,.71,1.9
2016,352,1,18.1,.5,9.5,91.8,34.2,58.6,.54,11.65,5.84,13.3,7.1,11,12.6,12.5,12.6,3.1,2.2,278,43,12.9,1.3,2.3,2.4,.69,1.2
2016,353,1,14.9,-3.1,5.3,94.1,25,66.4,.42,11.6,0,11,3.8,7.2,12.6,999,11.8,1.1,.7,288,47,5.6,.3,1.8,1.4,.54,-1.8
2016,354,1,22.2,.9,9.8,91.6,19.5,60.4,.7,11.69,0,13.6,4.7,8.6,11.4,8.5,11,.7,.1,239,76,3.9,2.8,1.9,1.5,.64,.7
2016,355,1,23.3,2.1,12.6,89.3,17.6,53.4,.91,10.49,0,13.9,5.7,9.8,11.3,10.7,11.1,.7,.1,67,74,4,3.4,1.8,1.5,.68,1.4
2016,356,1,20.2,11.9,16.1,93.6,50.6,69.9,.58,3.72,5.59,14.6,10.9,12.6,12.1,11.3,11.6,.9,.5,105,55,4.8,3.4,.4,1.2,1.27,10.4
2016,357,1,21.6,9.2,16.3,92.2,55.7,74.5,.48,7,4.06,17.2,12.8,14.5,13,12,12.5,2.8,.5,20,73,8.3,3.4,1.4,1.7,1.39,11.7
2016,358,1,17.4,4.5,10.7,95.6,49.1,79.4,.33,12.48,0,16.4,9,12.3,13.1,12.7,12.9,.9,.3,294,65,5.2,1.2,1.8,1.3,.99,6.8
2016,359,1,19.7,4.5,10.1,92.3,32.5,71.7,.49,11.4,5.33,14,7.8,10.4,13,12.3,12.6,2.7,1,144,63,13.7,2.1,2.3,2.4,.82,4.1
2016,360,1,11.7,1.4,6.4,92.7,39.3,71.2,.31,9.23,0,12,6.7,8.9,12.5,11.8,12.1,1.2,.5,25,63,4.8,0,1.1,1.1,.66,1.1
2016,361,1,15.4,-1.5,5.9,95,30,74.8,.34,12.7,0,12.2,3.8,7.5,11.9,10.9,11.3,.9,.5,294,58,6.5,.5,1.8,1.3,.65,.8
2016,362,1,21.9,-.1,9.3,95.5,24.5,72.2,.52,12.07,0,13.2,4,8.3,11.1,10.5,10.8,1,.5,286,56,5.1,2.7,2,1.6,.78,3.3
2016,363,1,20.3,4.1,11.2,95.3,35.2,74.1,.46,8.41,0,13.3,6.5,9.6,11.1,10.7,10.9,1,.4,300,63,4.5,2.3,1.2,1.4,.94,6
2016,364,1,21.6,8.5,14.1,92.3,31.8,65.4,.67,4.54,.25,13.2,9.1,10.8,11.5,11.1,11.3,2,1.8,112,24,7.8,3.3,1,2,1,6.9
2016,365,1,20.7,7.9,14.7,90.2,42.9,65.5,.63,9.46,2.29,15.4,8.5,11.7,11.9,11.4,11.6,1.5,1.2,104,34,5.2,2.9,1.7,1.7,1.08,7.9
2016,366,1,15.1,11.1,12.7,95.4,60.2,84.3,.24,5.09,4.83,14.6,11.6,12.9,12.5,11.9,12.2,1,.5,82,59,5.4,.8,.3,1,1.23,10
