2016,1,2,15.7,.7,8.5,75.1,18.4,37,.77,13.33,0,11.3,3.8,6.4,12.8,12.5,12.7,2.4,1.8,359,40,7.9,.5,3.1,2.5,.38,-6.4
2016,2,2,19.3,.4,10.1,78.6,21.4,41.1,.84,12.73,0,12.5,4.2,7.3,12.6,12.4,12.5,1.9,1.3,18,47,7.5,1.7,2.9,2.4,.47,-3.7
2016,3,2,20.5,2.8,10.9,82.3,28.5,55.2,.68,10.76,0,13.4,5.3,8.7,12.5,12.4,12.4,1.5,.9,55,53,5.8,2.3,2.1,2,.7,1.7
2016,4,2,13.2,8.2,10.8,97.2,63.8,88.7,.14,3.11,3.56,13.1,9.1,10.8,12.7,12.4,12.6,2,1.8,28,26,5.9,.1,0,.7,1.16,9
2016,5,2,16.7,8.3,12.6,100,77.8,94.3,.09,4.63,7.87,15.2,10.2,12.4,13,12.7,12.8,2,1.1,129,54,7.5,1.2,.2,.8,1.38,11.7
2016,6,2,19.1,8.2,13.1,96.7,37.2,73.8,.44,12.79,1.02,15.8,9.4,12.1,13.3,13,13.1,2.8,1.8,224,47,8.6,2.2,2.2,2.1,1.1,8.2
2016,7,2,13.7,7.2,10.6,96.6,67.8,85.7,.19,5.82,2.79,13.3,9.6,11.6,13.5,13.3,13.4,2.6,1.9,245,43,9.4,.1,.5,1,1.1,8.3
2016,8,2,16.1,1.8,8.9,98.7,41.2,78,.32,13.4,0,13.9,6.8,9.5,13.6,13.4,13.5,1.5,.8,266,57,6.5,.7,2,1.4,.86,4.8
2016,9,2,17.9,1.6,8.9,98.6,31,76.8,.37,13.03,0,14.4,5.4,8.9,13.4,13.2,13.4,.9,.4,61,57,2.5,1.2,1.8,1.4,.83,4.3
2016,10,2,18.3,8,12.6,91.6,37.1,67.1,.55,11.87,0,16.1,8.7,11.6,13.3,13.2,13.3,1.8,1.6,20,31,6,1.9,2.2,1.9,.94,6.1
2016,11,2,16.8,5.9,11.7,89.7,29.9,51.7,.71,13.49,0,14.3,7.9,10.1,13.5,13.3,13.4,2.6,2.2,359,30,8.4,1.1,3.1,2.4,.68,1.4
2016,12,2,17.6,2.8,10.8,82.3,22.5,43.1,.81,14.21,0,13.4,6.3,8.6,13.5,13.3,13.4,2.5,2,7,36,8.8,1.2,3.4,2.7,.52,-2.1
2016,13,2,20.9,.9,10.4,85.8,15.9,51.7,.75,13.63,0,14.4,4.9,8.4,13.3,13.1,13.2,1.4,.6,30,61,6,2.3,2.6,2.2,.6,-.4
2016,14,2,21,1.5,10.4,88.4,25.4,60.8,.64,13.62,0,14.2,4.9,8.5,13.1,13,13.1,1.6,1.2,28,43,7.2,2.3,2.6,2.2,.71,2.1
2016,15,2,21.1,3.8,12.6,91.4,36.8,65.3,.62,12.91,0,13.9,6.5,9.8,13,12.9,13,2.5,1.7,285,45,11.7,2.6,2.9,2.4,.92,5.7
2016,16,2,20.3,4.9,12,93.3,27.5,58.9,.68,11.47,0,15.4,6.8,10.4,13.1,13,13.1,1.4,.9,44,48,4.6,2.4,2.1,2,.78,3.4
2016,17,2,21.7,5.9,13.4,83.6,25,53.8,.84,14.02,0,15.6,7.7,10.5,13.2,13.1,13.1,1.8,1.3,19,41,7.8,3.1,3.1,2.5,.77,3.2
2016,18,2,21,6.8,13,91.1,29.8,62.6,.64,8.84,0,15.4,8,11,13.2,13.1,13.2,1.3,.9,32,47,5.2,2.8,1.5,1.8,.92,5.5
2016,19,2,22.9,4.9,12.8,92.7,33,68.5,.61,12.11,0,16,7.2,11,13.4,13.2,13.3,1,.4,25,63,4.8,3.4,2.1,1.8,.97,6.4
2016,20,2,24.4,5.3,14.4,93.7,28.9,63.9,.78,13.82,0,17.6,7.9,11.6,13.4,13.3,13.4,1.5,1.2,15,34,6.3,4.2,2.8,2.4,.98,6.6
2016,21,2,22.8,7.7,15.9,85.7,22.2,44.4,1.1,13,0,16.5,9,11.6,13.6,13.4,13.5,2.8,2.4,20,29,7.9,3.7,3.6,3.4,.76,2.8
2016,22,2,22.8,5.2,13.7,77.1,13.9,41.9,1.07,13.08,0,15.9,7.6,10.8,13.7,13.6,13.6,1.7,1.2,29,46,5.8,3.4,3.1,2.8,.59,-.7
2016,23,2,21,4.2,11.8,87.1,21.1,59.5,.69,10.17,0,15.2,7,10.7,13.7,13.6,13.6,.9,.3,209,67,2.8,2.6,1.7,1.7,.78,3.2
2016,24,2,22.7,5.2,14.1,90.1,17,55.1,.87,14.8,0,17.5,8.6,11.6,13.6,13.6,13.6,1.8,1,307,55,8.4,3.4,3.1,2.6,.82,3.7
2016,25,2,21.7,2.7,13.1,89.6,18.1,45.8,1.03,14.53,0,16.4,6.7,10.6,13.7,13.6,13.6,2.5,2.2,5,29,8.8,2.7,3.9,3.2,.58,-.9
2016,26,2,20.6,8.6,15,39.2,13,22.9,1.35,15.81,0,16.6,8.2,10.9,13.6,13.6,13.6,3.6,3.1,359,31,11.6,2.9,5.1,4.5,.38,-6.3
2016,27,2,23,4.1,14.1,64.9,10.1,28.1,1.28,14.3,0,17.4,7.3,10.8,13.6,13.5,13.6,2.2,1.7,16,40,7,3.4,4,3.5,.41,-5.8
2016,28,2,23.5,5.9,14.5,71.1,12.4,34.2,1.23,13.65,0,18.5,7.9,11.6,13.6,13.5,13.5,1.9,1.4,19,40,5.7,3.9,3.5,3.2,.51,-2.4
2016,29,2,24.2,4.8,13.6,83,15,48.8,1,14.88,0,18.7,7.3,11.6,13.6,13.5,13.5,1.3,.9,44,46,4.6,4,3.2,2.6,.69,1.5
2016,30,2,26.5,5.9,15.4,86.3,25.5,55.1,.95,15.3,0,19.2,8.5,12.7,13.6,13.5,13.6,2.1,1.3,193,51,6.9,5.2,3.7,3.3,.93,5.7
2016,31,2,24.5,6.8,14.7,92.9,34,65.7,.71,14.89,.25,18.4,8.7,12.8,13.8,13.6,13.7,3.8,3,220,35,14.4,4.4,3.9,3.7,1.06,7.6
2016,32,2,16.8,6.3,11.6,70.9,22.9,42.6,.83,15.59,0,15.5,9.1,11.4,13.9,13.8,13.9,5.1,4.2,269,33,13.9,1.1,4.6,4,.56,-1.5
2016,33,2,16.6,2.4,10.1,57.8,11.6,27,.95,16.87,0,17.2,6.2,10.1,13.9,13.7,13.8,1.7,1.1,2,51,8,.9,3.6,2.7,.31,-8.9
2016,34,2,15.8,2.9,10.1,60.1,12.1,24.1,.98,17,0,16.3,6.4,9.6,13.7,13.5,13.6,3.2,3,2,23,8,.7,4.4,3.7,.28,-10.1
2016,35,2,19.6,0,10.8,68.7,10.8,27.5,1.07,17.2,0,17.4,5.4,9.6,13.5,13.3,13.4,2.9,2.3,2,37,9.7,1.8,4.6,3.8,.31,-9.1
2016,36,2,21.9,8.8,16.1,40.6,13.8,22.9,1.45,17.21,0,18.5,7.9,11.7,13.3,13.2,13.3,3.8,3.4,359,24,10.6,3.5,5.5,5,.41,-5.4
2016,37,2,22.9,7.2,16.2,53.8,11.1,23.8,1.48,17.61,0,19.4,9.6,12.8,13.4,13.2,13.4,4.2,3.9,2,22,11.3,3.7,6,5.4,.41,-5.3
2016,38,2,26,6.1,17.8,56.3,11.9,22.5,1.7,17.7,0,20,8.8,12.8,13.5,13.4,13.5,3,2.5,354,33,9.4,4.9,5.8,5,.43,-4.7
2016,39,2,28.1,10.8,20.6,42.7,9.8,17.8,2.1,17.77,0,21.2,10.8,14.5,13.7,13.5,13.6,4.6,4.1,2,25,12.3,7,7.2,7,.41,-5.4
2016,40,2,29.1,8.8,20.7,57.7,10.5,22.8,2.07,18.12,0,22.1,10.9,15.1,14,13.7,13.9,3.7,3.1,360,32,9.9,6.9,6.8,6.3,.5,-2.8
2016,41,2,30.8,9.5,21,57,9.7,22.7,2.12,17.47,0,23.1,10.9,15.2,14.2,14,14.1,2.7,2.1,19,36,8.4,7.9,5.8,5.4,.51,-2.6
2016,42,2,30.1,10.2,20,58.5,10,26.7,1.94,18.46,0,23.8,10.8,15.2,14.4,14.2,14.3,2,1.5,23,37,6.6,7.8,5.4,4.5,.56,-1.4
2016,43,2,30.4,5.3,17.9,75,9.6,38,1.69,18.72,0,23.4,9,14.4,14.5,14.4,14.5,1.6,1.1,17,43,6.3,6.8,5,4,.63,.2
2016,44,2,31.6,5.3,17.9,77.9,8.7,37.5,1.65,18.92,0,23.2,8.9,14.4,14.6,14.4,14.5,1.7,.9,11,57,7.4,7.3,5.2,4.4,.65,.6
2016,45,2,31.5,6.8,19.4,74.9,6.4,33.6,1.96,18.85,0,23.5,9.5,15,14.6,14.5,14.6,1.5,.9,8,51,7.6,7.5,5.2,4.2,.57,-1.3
2016,46,2,30.8,15.5,23.5,46.5,12.6,22.6,2.34,18.63,0,24.1,12.7,16.9,14.8,14.6,14.7,3.3,2.9,355,26,9.9,10.3,6.8,6.2,.63,.3
2016,47,2,31,9.8,20.7,71.6,12.7,34.4,1.93,19.01,0,23.6,11.8,16.9,15,14.8,14.9,1.9,1.3,20,46,7.9,8,5.5,4.6,.73,2.3
2016,48,2,31.1,10.1,19.5,66.4,15.3,41.5,1.59,18.88,0,23.8,12.5,17.3,15.4,15,15.2,2,1.1,156,55,7.2,8.1,5.3,4.6,.87,4.9
2016,49,2,26.9,11.1,18.9,73,18.2,41.7,1.42,12.68,0,22.5,14.4,17.6,15.7,15.4,15.6,1.5,.6,283,61,6.3,6.4,3.1,3.2,.85,4.4
2016,50,2,28.9,12.7,19.5,76.7,15.8,48.1,1.39,15.24,0,24.6,15,18.5,16,15.7,15.9,1.3,.3,49,69,4.2,7.9,3.5,3.3,.99,6.6
2016,51,2,29.9,8.6,19.1,89.5,13.7,47.7,1.5,19.33,0,25.1,13.1,18.3,16.3,16,16.2,1.2,.4,314,64,5.7,7.2,4.6,3.5,.9,5.3
2016,52,2,31.3,9,19.2,82.9,9.7,41.4,1.68,19.88,0,24.6,13,18,16.6,16.3,16.5,1.4,.6,357,60,6.2,7.9,5.1,4.1,.77,2.9
2016,53,2,30,7.3,19.6,79.6,7.7,31.8,1.95,19.81,0,23,12.8,17.5,16.8,16.6,16.8,2.8,1.9,355,44,9.3,7,6.4,5.7,.56,-2
2016,54,2,24.6,8.1,18.3,67.9,8.1,21.4,1.8,19.7,0,21.2,13.1,16.9,16.9,16.8,16.9,4.3,3.9,8,23,12.4,4.7,7.3,6.2,.39,-6.7
2016,55,2,25.6,10.9,18.3,43.6,8.9,18.2,1.81,20.3,0,23.4,13.2,17.2,16.9,16.8,16.9,2.7,2.1,5,37,8.1,5.8,6.1,5.3,.37,-7.1
2016,56,2,29.3,6,17.5,71,8.4,30.4,1.72,20.86,0,24.5,11.5,17,17,16.8,16.9,1.8,1.3,19,45,7.5,6.5,5.7,4.7,.5,-3.1
2016,57,2,31.3,7.1,18.1,75.2,8.9,37.5,1.65,20.85,0,26.1,11.7,17.8,17,16.8,16.9,1.3,.3,58,71,4.8,7.6,5.1,4.1,.66,.9
2016,58,2,30.7,9.5,18.6,70.7,10.8,40.2,1.59,20.75,0,26.8,13,18.8,17.2,16.9,17.1,1,.1,184,75,3.3,7.7,4.8,3.7,.76,2.8
2016,59,2,31.9,10,19.7,73.4,10.4,43.3,1.6,19.28,0,26.1,13.8,19.2,17.5,17.2,17.4,1.3,.3,257,72,4.6,8.3,4.7,4,.89,5.2
2016,60,2,30.9,10.8,20,68.1,15.8,44.9,1.58,20.34,0,27.6,14.4,19.9,17.8,17.4,17.6,1.2,.3,217,71,4.5,8.2,4.9,3.9,.95,6.1
2016,61,2,33.2,11.6,21.2,72.2,12.1,41.4,1.84,20.21,0,28.6,14.9,20.6,18.1,17.8,18,1.3,.2,53,76,3.7,9.3,5,4.2,.91,5.4
2016,62,2,32.2,11.6,20.9,66.2,9.5,39.7,1.79,20.43,0,28.1,15.5,20.9,18.4,18,18.3,1.3,.4,210,67,4.6,8.9,5.2,4.2,.88,5
2016,63,2,31.3,10.7,20.2,71.6,6.2,41.3,1.69,19.31,0,27.6,15.1,20.5,18.6,18.4,18.5,1,.2,223,74,4.2,8.4,4.7,3.7,.86,4.6
2016,64,2,32.2,10.1,20.4,71.6,5.8,38.2,1.83,21.74,0,28,14.6,20.3,18.8,18.6,18.7,1.4,.6,253,62,5.4,8.5,5.6,4.5,.76,2.7
2016,65,2,27.8,9.4,19.8,72,18.8,43.3,1.46,16.17,0,26.4,15.4,20.7,19,18.8,18.9,1.2,.7,218,53,5,6.5,3.8,3.4,.95,5.9
2016,66,2,26,15.4,20.2,56.8,23.3,40.3,1.45,19.2,0,26.6,17.1,20.6,19.1,18.9,19,5.5,4.9,286,27,13.6,8,6.6,6.6,.95,5.9
2016,67,2,18.1,7.6,13.7,71.3,32.5,50.8,.8,11,0,19,13.9,16.5,19.2,18.9,19.1,4.9,4.5,274,24,11.5,1.7,3.4,3.7,.78,3.4
2016,68,2,24.1,6.5,16.7,76,17.7,40.3,1.29,22.03,0,23.5,12.6,17.1,19,18.4,18.7,3.8,3.4,304,25,9.8,4.2,6.1,5.3,.7,1.9
2016,69,2,28.8,8.4,20,81.4,10.6,36.1,1.73,22.44,0,27,14.2,19.8,18.5,18.4,18.5,2.7,1.8,302,46,8.2,6.6,6.1,5.5,.73,2.3
2016,70,2,31.6,8.8,19.6,77.3,10.8,44,1.65,22.13,0,29.6,15,21.1,18.8,18.5,18.6,1,.6,202,55,3.9,7.9,5.2,4.1,.86,4.5
2016,71,2,28.9,11.3,19.5,75.1,19,44.9,1.43,18.06,0,27,16.2,20.7,19.1,18.7,19,3,2,265,47,17.7,7.6,5.1,5.3,.96,6.4
2016,72,2,23.3,10.5,16.6,73.1,20.5,44.2,1.15,22.83,0,26.7,14.8,19.7,19.2,19,19.1,2.7,2.3,265,32,11.1,4.5,5.5,4.7,.8,3.6
2016,73,2,25.7,7.8,16.7,84.8,19.1,51.8,1.11,22.64,0,27.6,13.7,19.9,19.3,19.1,19.2,1.6,1,228,50,5.4,5.1,5,4,.9,5.5
2016,74,2,27.4,10.7,19.5,73.2,28,47.7,1.32,22.45,0,27.9,15.8,21,19.3,19.1,19.2,2.7,2.3,268,34,8.3,6.6,5.8,5,1.05,7.6
2016,75,2,31.1,9.9,20.9,88.7,12.2,45.3,1.71,23.18,0,30.4,15.4,21.9,19.5,19.3,19.4,1.3,.5,345,63,5.9,8,5.6,4.5,.95,5.9
2016,76,2,32.3,10.2,22.4,80.2,7,27.9,2.29,23.95,0,30.4,16.2,22.2,19.8,19.5,19.7,1.7,1.1,12,49,6.8,8.5,6.7,5.5,.62,-.2
2016,77,2,31.5,10.7,20.9,68.9,9.2,34.1,1.93,24.02,0,30.6,15.8,22.2,20,19.8,19.9,1.4,.8,216,53,5.3,8.5,6.2,4.9,.74,2.5
2016,78,2,31.7,11.8,21.2,74.2,16,44.9,1.65,23.63,0,31.8,16.5,23.1,20.2,20,20.1,1.2,.8,218,47,4.3,8.9,5.7,4.6,1.05,7.6
2016,79,2,32.1,12.7,21.8,70.3,14.7,45.7,1.64,23.74,0,32,16.9,23.4,20.5,20.2,20.4,1.1,.6,202,56,4.2,9.4,5.7,4.6,1.12,8.5
2016,80,2,32.6,13,22.3,72.5,12.8,43.7,1.8,23.64,0,32.7,17.3,23.8,20.7,20.5,20.6,1.3,.4,221,67,6,9.7,5.9,4.8,1.07,7.8
2016,81,2,31.1,11.8,22.6,70.2,9.5,37.2,1.99,23.98,0,31.1,17.2,23.5,20.9,20.7,20.9,2.5,1.6,270,48,10.8,8.7,6.9,6,.91,5.5
2016,82,2,25.2,15.2,20,53,18.1,35.8,1.56,24.13,0,26.7,17.9,21.5,21.1,20.9,21,6.3,6.1,286,17,12.5,7.5,8.3,7.6,.82,4
2016,83,2,25.6,11,19.5,53.3,7.9,19,1.92,25.56,0,27,16.2,20.5,21,20.7,20.9,3.8,3.2,352,33,9.1,5.8,8,7,.4,-6.1
2016,84,2,29.1,6,18.3,69.4,8.3,30.7,1.76,25.34,0,28.7,14.1,20.6,20.8,20.5,20.6,2,.9,353,60,8.1,6.4,6.8,5.5,.55,-1.8
2016,85,2,31.3,8.4,19.4,73.4,11,39.7,1.7,24.64,0,32.3,14.5,22.1,20.6,20.4,20.5,1.1,.4,216,63,4.1,7.8,5.8,4.6,.79,3.4
2016,86,2,30.3,9.5,20.7,70.3,7.3,29.9,2.04,25.41,0,28.6,15.7,21.7,20.7,20.5,20.6,2.4,1.9,12,34,8.4,7.6,7.4,6.2,.59,-1.4
2016,87,2,29.5,12.3,21,69.2,8.8,25.9,1.96,25.68,0,32.4,15.9,23.1,20.8,20.6,20.7,1.6,.3,39,72,9.8,8.1,6.5,5.4,.63,-.9
2016,88,2,26.6,12.9,19,86.9,20.6,51.9,1.18,21.43,0,29.7,17.5,22.2,21,20.7,20.9,2.9,2.3,269,37,12.6,7,5.6,5.2,1.1,7.8
2016,89,2,20.7,12.1,15.7,52.8,23.9,38.1,1.14,24.34,0,26.5,14.9,19.4,21,20.7,20.9,5.7,5.1,273,26,13.9,3.7,7,6.3,.66,1.1
2016,90,2,21.1,4.3,14.2,85.8,20.7,47,.96,24.94,0,27.9,13.4,19.3,20.8,20.4,20.6,2.8,2.4,262,31,8.5,2.7,5.7,4.5,.71,2.1
2016,91,2,25.9,7.3,17.5,80.5,11.8,40,1.38,26.15,0,27.8,14.5,20.4,20.4,20.2,20.3,2.7,1.9,286,44,8.8,5.1,6.6,5.6,.72,1.9
2016,92,2,29.3,9,18.6,80.5,14.6,48.2,1.36,24.93,0,31.2,15.7,22.3,20.4,20.2,20.3,1.7,1.3,208,38,6.8,7.1,5.8,5,.94,6
2016,93,2,31.3,11.1,20.9,73.4,9.9,41.2,1.81,26.06,0,33.1,16,23.3,20.6,20.3,20.5,1.4,.6,44,61,4.5,8.5,6.3,5.2,.86,4.5
2016,94,2,32.8,11.1,21.7,76.1,9.6,38.2,1.97,26.32,0,33.8,16.8,24,20.9,20.5,20.8,1.6,.2,39,75,4.6,8.9,6.8,5.7,.85,4.4
2016,95,2,34,13.1,22.7,69.1,9.2,36,2.1,25.96,0,35.2,17.4,24.9,21.2,20.9,21.1,1.1,.2,229,72,4.4,10,6.4,5.3,.89,5.1
2016,96,2,32.9,13.6,22.4,66.6,13.3,41.2,1.84,22.75,0,33.7,18.6,25,21.5,21.2,21.4,1.5,.7,211,61,4.3,10,5.8,5.3,1.05,7.5
2016,97,2,35.8,14.2,24.5,71.3,8.9,37.7,2.27,21.25,0,33.5,18.9,25.2,21.7,21.5,21.6,1.9,.4,41,72,5.7,10.9,6.1,6.1,1.02,6.9
2016,98,2,28.5,19.8,25,67.4,14.5,34.8,2.12,9.81,0,24.1,20.7,22.7,22,21.7,21.9,4.1,3.5,292,29,9.8,11.4,4.6,6.1,1.07,7.6
2016,99,2,24.1,16.2,19.3,94.7,51,78.6,.5,16.72,5.33,25.3,18.8,21.4,22,21.6,21.8,1.8,.7,214,62,8,7.4,3.2,3.3,1.75,15.3
2016,100,2,26.9,14.7,20,97.1,29.1,68,.87,22.83,0,25.9,17.9,21.1,21.7,21.4,21.5,2.4,1.1,171,59,7.8,8,5.3,4.7,1.53,13.2
2016,101,2,21.2,13.3,17.5,98.2,53.4,73.9,.56,15.58,10.41,24.1,16.9,19.8,21.4,21.1,21.3,1.9,.2,291,77,7.8,4.5,2.8,2.9,1.46,12.6
2016,102,2,24.8,12.8,18.8,96.9,38.7,69.9,.76,22.58,0,26,15.9,20.1,21.1,20.8,21,1.5,.7,350,59,5.2,6,4.5,4,1.46,12.6
2016,103,2,28,12.3,20.4,92.4,29.5,60.4,1.12,26.06,0,27,16.2,20.9,21,20.8,20.9,1.6,1.3,218,37,5.9,7.4,5.9,4.9,1.37,11.6
2016,104,2,30.3,13.3,21.7,91.4,23,57.4,1.37,25.98,0,28.7,16.3,21.6,21,20.9,20.9,1.3,.5,207,65,4.5,9,5.9,5,1.37,11.6
2016,105,2,30.6,13.1,22.4,86.6,14,43.1,1.79,25.7,0,25.9,16.6,20.6,21.1,20.9,21.1,2.9,2.2,263,42,11.6,9,7.4,6.6,1.05,7.3
2016,106,2,28.1,15,21.8,60.1,8.7,26.8,2.04,27.3,0,24.1,15.1,18.8,21.1,20.9,21,3.9,3.2,321,35,11.5,8.8,8.7,7.7,.64,-.3
2016,107,2,28.8,14.6,22.6,31.5,9.1,16.4,2.37,28.65,0,25.1,14.6,19,21,20.6,20.8,4.1,3.7,336,23,11.7,8.9,9.6,8.5,.44,-4.6
2016,108,2,29.9,10.1,23.6,64.2,9.5,18,2.51,28.8,0,27.7,15.3,20.6,20.7,20.5,20.6,3.1,2.8,357,25,11.5,7.7,9.1,7.6,.49,-3.1
2016,109,2,32.9,10.9,21.6,71.1,7.4,36.9,1.99,28.91,0,32.8,15.3,22.5,20.7,20.6,20.6,1.7,.6,64,66,6,9,7.5,6.4,.82,3.8
2016,110,2,34.4,11.3,23.1,76.8,7.6,38.1,2.17,27.87,0,33.6,16.2,23.7,20.9,20.6,20.8,1,.1,187,78,4.1,9.5,6.8,5.5,.92,5.5
2016,111,2,34.2,14.2,24,65.9,10.8,38.1,2.15,28.77,0,34.2,17.5,24.8,21.2,20.9,21.1,1.4,.5,207,65,4.5,10.6,7.4,6.2,1.05,7.6
2016,112,2,33.6,14,23.3,71.5,10.8,40.7,1.97,28.35,0,34.1,17.9,25,21.5,21.2,21.4,1.4,.7,185,58,4.8,10.4,7.1,6,1.08,8
2016,113,2,31.6,12.8,22.8,78.1,18.6,44,1.77,28.58,0,31.2,18.1,24.2,22.1,21.5,21.7,2.5,1.8,196,43,9.4,9.2,7.9,6.7,1.15,9
2016,114,2,30.2,16,23.5,61.5,9.3,29,2.2,29.24,0,27.4,17.6,22.1,22.6,22.1,22.5,2.3,1.8,311,38,8.5,10.3,7.9,6.9,.77,2.8
2016,115,2,30.5,10.8,21.5,73.3,14.6,43.6,1.65,28.79,0,28.9,16,21.5,22.5,22.1,22.3,2.3,1.6,196,45,7.6,8.1,7.5,6.4,1.06,7.7
2016,116,2,25.8,13.1,19.7,51.4,12.1,33.8,1.6,29,0,24.7,15.7,19.1,22.2,21.9,22.1,6.2,5.9,279,17,13.4,6.7,9.4,8.3,.74,2.4
2016,117,2,27.1,8.3,18,75.2,13.8,42.9,1.39,28.51,0,28,13.3,19.7,21.9,21.5,21.7,2.1,1.6,245,39,7.4,5.9,6.7,5.7,.81,3.8
2016,118,2,28.4,10.8,19.8,87.7,15.4,50.6,1.35,27.74,0,30.8,15.2,22,21.5,21.3,21.4,2,1.2,235,52,11.8,7.1,6.6,5.7,1.08,7.9
2016,119,2,24.3,13.7,18.8,57.8,25.4,38.5,1.38,26.15,0,27.1,15.6,20.5,21.5,21.3,21.4,5.9,5.6,282,17,13.5,6.2,8,7.4,.83,4.2
2016,120,2,29,12.1,20.4,79.8,15.9,47,1.44,28.66,0,31.2,16.2,22.6,21.4,21.2,21.3,2.7,2.2,252,34,9.2,7.8,7.2,6.4,1.06,7.7
2016,121,2,25.7,12.7,19.2,88.3,24.3,53.3,1.19,26.18,0,28.9,17.1,21.9,21.4,21.2,21.3,2.8,2,311,42,12,6.4,6.6,5.6,1.1,8.3
2016,122,2,28.4,11.1,20.5,88.4,22.5,52.3,1.33,29.09,0,33,17,23.8,21.4,21.2,21.3,1.4,.1,146,78,6,7.2,6.5,5.3,1.17,9.2
2016,123,2,31.2,14.5,22.9,80.7,17.5,48.3,1.7,29.07,0,34.5,18.1,25,21.5,21.3,21.4,1.4,.2,281,76,5.2,9.9,6.9,5.8,1.22,9.8
2016,124,2,33.8,14.3,24.7,76.8,12.2,40.9,2.17,29.91,0,35.3,18.9,25.7,21.7,21.5,21.6,1.6,.4,79,69,7,10.5,7.8,6.5,1.14,8.6
2016,125,2,34.1,15.1,24.2,72.3,15.3,43.5,1.96,30.02,0,35.1,19,25.8,21.9,21.7,21.8,1.7,1.1,176,49,7.6,11,7.8,6.7,1.24,10.1
2016,126,2,30.4,15.5,22.6,75.2,16.5,44.5,1.65,28.9,0,34.1,19.3,25.3,22.1,21.9,22,3.8,1.7,246,61,11.8,10.2,8.1,7.6,1.18,9.2
2016,127,2,24.3,12.3,18.5,89.4,33.4,57.6,.96,20.53,0,24.7,18.7,21.7,22.2,21.9,22.1,3.2,1.8,260,53,11.8,5.6,4.8,4.8,1.21,9.7
2016,128,2,25.5,10.2,19,91,24.1,53,1.16,29.79,0,28.7,16.9,22,22,21.6,21.7,1.9,1.2,253,50,7.9,5.5,6.6,5.4,1.11,8.4
2016,129,2,27,13.9,20.6,86,24.9,49.2,1.33,29.11,0,29.4,17.5,22.5,21.7,21.6,21.6,2.8,1.9,256,47,10.6,7.7,7.1,6.2,1.16,9
2016,130,2,29.2,12.3,20.5,92.1,26.2,60.2,1.17,29.5,0,30.4,17.7,23.1,21.7,21.6,21.7,1.4,1.2,196,30,4.9,8,6.5,5.5,1.36,11.5
2016,131,2,31.5,14.2,22.5,83.3,25,53.1,1.45,29.66,0,31.1,18.1,23.5,21.8,21.6,21.7,1.5,1,192,46,5.8,9.9,7.1,6,1.4,11.9
2016,132,2,33.2,14.6,24.2,85.1,18.3,47,1.85,29.63,0,32.2,18.4,24.2,21.9,21.7,21.8,1.1,.6,193,58,4.6,10.6,7.1,5.9,1.34,11.2
2016,133,2,37.3,14.9,26,87.7,10.8,45.7,2.29,29.44,0,33.4,19.3,25.2,22,21.8,21.9,.9,.5,206,55,3.7,11.5,7.2,6.1,1.37,11.4
2016,134,2,37.1,15.7,26.6,68.5,13.4,41.5,2.32,29.6,0,33.3,19.3,25.3,22.2,22,22.2,1.2,.9,208,45,4.4,11.9,7.6,6.5,1.38,11.6
2016,135,2,34.9,18.6,26.1,69.9,18.3,43.9,2.1,28.25,0,31.4,21.1,25.3,22.5,22.2,22.4,2.2,1.8,165,36,8.9,12.8,7.9,7.2,1.42,12.1
2016,136,2,32.6,16.1,23.9,88.3,17.2,51.5,1.68,29.91,0,31.3,20,24.6,22.5,22.4,22.5,2.9,2,258,44,9.6,11.1,8,7.3,1.4,11.7
2016,137,2,30.9,15.5,23.5,73,20.3,45.5,1.75,29.84,0,32.4,19.8,24.6,22.6,22.5,22.5,1.8,1,225,54,7.7,10.3,7.4,6.4,1.25,10.2
2016,138,2,31.1,16.5,22.8,92.9,26,63.1,1.23,28.17,5.08,31.9,20,24.7,22.6,22.4,22.5,1.9,.6,172,66,11.1,10.9,6.7,6,1.65,14.4
2016,139,2,32.7,15.1,23.5,99.5,22.2,65.3,1.3,28.55,0,31.4,20.5,24.8,22.6,22.5,22.5,1.3,.8,184,47,4.8,10.7,6.4,5.8,1.74,15.2
2016,140,2,35,17.8,26,80.5,15.2,50.7,1.93,28.94,0,31.8,20.8,25,22.6,22.5,22.6,1.9,.9,189,57,6.8,12.5,7.5,6.8,1.59,13.9
2016,141,2,33.5,13.8,25.1,83.8,14.9,41.9,2.15,29.76,0,30.3,20.1,24.4,23.2,22.6,22.7,3.5,1.5,247,60,12.9,10.3,9,8.1,1.21,9.2
2016,142,2,28.6,15.6,21.7,49.3,15.4,31.1,1.9,30.26,0,26.6,16.4,21,23.3,20.8,21.9,6.4,6.1,296,18,14.1,9.3,9.8,9.6,.77,3.2
2016,143,2,29.2,15,21.5,55.1,10,34.3,1.82,31.22,0,27.5,18.7,22.1,22.1,21.9,22,3.5,2.9,288,35,10.9,9.4,8.5,8,.83,4.1
2016,144,2,30.4,11.1,22.5,78.3,10.2,33.7,2,31.22,0,27.1,18.7,22,22,21.8,21.9,2.3,1.8,263,40,8.1,8.1,8.1,7,.85,4.4
2016,145,2,29.3,16.4,22.4,48.9,14.2,30.5,1.99,31.21,0,25.9,19,21.8,21.9,21.7,21.8,5.1,4.8,285,20,12,10.1,9.8,9.2,.8,3.7
2016,146,2,28.8,16.3,21.8,52.7,14.6,34,1.84,30.96,0,25.8,19.2,21.8,21.8,21.6,21.7,4.3,3.8,285,28,11.3,9.8,9.2,8.4,.85,4.5
2016,147,2,31.4,13.9,22.2,66.4,13.6,40.2,1.83,30.79,0,25.9,18.6,21.6,21.7,21.5,21.6,2.3,1.8,254,38,7,9.7,7.9,7.1,.99,6.7
2016,148,2,32.9,14.4,24.1,78.3,14.1,43.4,2,30.72,0,26.1,18.4,21.7,21.6,21.5,21.5,1.2,.7,195,50,5.8,10.4,7.6,6.2,1.19,9.5
2016,149,2,34,13.7,24.3,73.4,13.1,36.9,2.21,31.24,0,25.4,18.2,21.4,21.6,21.4,21.5,2,1.4,172,44,7.9,10.3,8.6,7.3,1.01,7.1
2016,150,2,32.7,13.8,24.5,67.1,11.8,34.7,2.24,31.52,0,24.9,17.9,21,21.5,21.3,21.4,2.1,1.4,163,45,8.3,10.1,8.5,7.3,.98,6.6
2016,151,2,34.2,15.4,24.8,70.2,14.7,41.1,2.13,30.66,0,25.4,18.1,21.4,21.4,21.2,21.3,1.4,.9,185,51,5,11.2,7.8,6.6,1.19,9.4
2016,152,2,36.7,16.8,26.6,64.9,13.3,36.3,2.53,30.3,0,25.7,19,21.9,21.4,21.2,21.3,1.9,1.2,186,48,6.2,12.3,8.4,7.5,1.16,9.2
2016,153,2,37.1,17.4,28,66.9,13.1,30.4,2.93,30.69,0,25.4,19.3,22,21.4,21.3,21.4,2.4,1.8,181,40,8.5,12.6,9.3,8.3,1.07,8
2016,154,2,41.3,18,29.9,61.4,9.3,30.7,3.41,30.73,0,26.6,19.3,22.4,21.5,21.4,21.5,1.4,.9,191,49,5.1,13.3,8.6,7.5,1.16,9.1
2016,155,2,43.8,18.5,33.4,64.4,6,25,4.66,30.98,0,30.7,19.6,25.4,22.2,21.5,21.7,2,1.6,300,38,8.8,13.7,9.9,8.9,.99,6.2
2016,156,2,44.7,31.5,38.3,15.9,5.7,10,6.22,31.57,0,28.8,25.1,26.7,23.2,22.2,22.9,4.1,3.8,297,23,10.6,17.2,12.9,13.1,.67,1.1
2016,157,2,42.3,29.6,36.1,24.2,5.7,12,5.36,32.29,0,28.4,24.3,26,23.6,23.2,23.4,4.3,3.6,289,34,10.9,17.1,12.7,13,.71,2
2016,158,2,40.4,21.6,33,46.8,5.9,17.6,4.38,32.33,0,27.6,23.3,25.3,23.7,23.5,23.6,2.9,2.1,269,44,9.6,14.8,10.9,10.2,.81,3.8
2016,159,2,39.1,20.6,29.7,64.4,13.5,38.6,2.92,30.46,0,27.3,22.3,24.6,23.7,23.6,23.6,2.3,1.9,170,36,7.1,14.3,9.1,8.4,1.48,12.6
2016,160,2,38.5,20,28.9,79.3,17.7,43.9,2.55,29.38,0,26.8,21.7,24.1,23.6,23.5,23.6,2,1.6,181,35,6.9,13.9,8.3,7.8,1.63,14.1
2016,161,2,37.5,21.1,28.8,68.6,18.9,46.2,2.4,30.47,0,26.6,22.4,24.3,23.6,23.5,23.5,3.1,2.7,161,28,9.4,14.2,9.2,8.8,1.72,15.1
2016,162,2,34.5,22,27.8,75.2,29,52.2,1.92,17.07,0,25.2,23,24,23.5,23.5,23.5,3.1,2.9,136,21,9.1,14.3,5.4,6.3,1.88,16.4
2016,163,2,35.1,21.2,28.1,71.1,25.4,44.7,2.29,30.26,0,25.6,22.3,23.7,23.5,23.4,23.4,4.2,3.8,144,24,10.2,14,9.8,9.1,1.62,14
2016,164,2,36.2,19.3,27.2,80.5,14.5,43.4,2.33,31.01,0,25.8,21.2,23.4,23.4,23.3,23.4,2.4,1.8,151,38,7.2,13.3,8.7,8,1.43,11.9
2016,165,2,35.8,16.5,27,66.8,10.8,32.8,2.75,31.01,0,25.1,20.3,22.6,23.3,23.1,23.2,1.5,.9,244,50,5.8,12,8.3,7.1,1.02,7
2016,166,2,37.3,17,27.5,68.4,11,32.5,2.89,31.69,0,25,20,22.4,23.2,23,23.1,1.9,1.4,181,39,7.5,12.5,9,7.9,1.03,7.3
2016,167,2,37.8,16.3,28.4,71.4,9.6,29.8,3.13,31.28,0,24.8,19.9,22.4,23,22.9,22.9,2.7,1.6,252,51,10.2,12.2,9.8,9,.98,5.9
2016,168,2,37.3,21,29.2,51.5,10.9,21.9,3.37,31.47,0,26.1,20.6,23,22.9,22.8,22.9,1.8,.8,274,61,6.6,14.2,9,7.9,.84,4.2
2016,169,2,39.1,18,28.9,75.6,9.1,37.1,3.03,31.92,0,29.8,20.3,25.1,23.1,22.8,22.9,1.5,.9,200,52,5.2,13.1,8.7,7.6,1.26,10
2016,170,2,43.3,18.1,33.1,65.2,7.2,23.7,4.55,31.26,0,28,23.7,26,24.4,23.1,24,1.7,.9,275,57,6.9,13.6,9.6,8.4,.96,6
2016,171,2,47.8,22.6,37,55.2,6.2,19.1,5.91,31.25,0,28.5,23.5,25.8,24.4,24.3,24.4,2.2,1.2,320,54,8.4,15.5,10.7,10,.96,6.2
2016,172,2,41.7,26.8,35.9,44.7,9.5,25.2,4.62,30.15,0,29.8,24.8,27.1,26.3,24.4,25.2,4,2.4,166,52,8.1,16.6,11.4,11.3,1.43,11.7
2016,173,2,39.8,26.7,32.9,48.7,12.6,29.2,3.73,22.13,0,27.8,25.7,26.7,25.9,25.5,25.7,2.9,2.3,167,37,9.3,16.5,8,8.6,1.39,11.8
2016,174,2,43.7,23.4,33.4,51.5,10.6,28.5,4.1,30.02,0,28.5,24,26.1,25.5,25.3,25.4,1.8,1.3,196,45,6.3,15.6,9.3,8.5,1.35,11.4
2016,175,2,42.4,24.2,32.8,53,10.2,32.8,3.74,31.11,0,28.3,23.8,25.8,25.3,25.1,25.2,2.2,1.8,172,32,7.8,15.8,9.8,9,1.49,12.8
2016,176,2,41.5,22.5,31.9,67.6,13.5,37.5,3.34,30.44,0,28,23.6,25.6,25.2,25,25.1,2.5,2,176,37,7.7,15.2,9.4,9.1,1.64,14.2
2016,177,2,40.1,23.9,32,59.7,15.2,33.7,3.45,29.54,0,27.3,23.1,25.1,25.1,24.9,25,2.7,1.9,171,45,8.2,15.6,9.6,9.1,1.49,12.8
2016,178,2,41,24.2,32.8,52.8,18.3,30.1,3.73,28.3,0,27.2,23.5,25.3,24.9,24.8,24.9,2.2,1.6,179,40,9.6,15.8,9,8.4,1.46,12.5
2016,179,2,42.2,25.4,34.9,47,14.8,27.8,4.3,28.16,0,28,24.4,26.1,24.9,24.8,24.8,1.7,1.1,210,47,6.8,16.1,8.7,7.9,1.49,12.8
2016,180,2,43.6,25.4,34.7,60.8,12.6,33.1,4.08,28.56,0,28.4,24.7,26.4,24.9,24.8,24.9,2.3,1.6,191,43,5.9,16.2,9.1,9,1.69,14.8
2016,181,2,37.6,27,32,66.7,30.3,45,2.67,14.46,0,26.8,24.7,25.8,25,24.9,24.9,3.2,2.9,168,22,9.1,16.5,5.2,6.7,2.14,18.4
2016,182,2,39.4,27.4,33.1,69.1,27.7,47.8,2.83,28.2,0,28.4,25.4,26.7,25,24.9,24.9,2.9,2.5,168,30,8.4,16.7,8.7,8.7,2.33,19.9
2016,183,2,39.9,26.7,32.8,67.9,27.3,44.5,2.96,28.56,0,30.9,25.2,28.2,25.9,25,25.2,2.4,1.7,158,43,8.6,16.5,8.7,8.4,2.14,18.5
2016,184,2,40.2,26.2,33,56.2,18.5,34.3,3.53,28.91,0,29.9,27,28.1,27.2,25.9,26.6,3.2,2.6,156,36,9.1,16.4,10,9.7,1.65,14.4
2016,185,2,40,26.4,32.9,57.2,19.1,36.3,3.43,29.38,0,28,25.6,26.8,27.2,26.7,26.9,2.6,2.2,173,31,8.3,16.4,9.4,8.9,1.73,15.2
2016,186,2,42.3,22.6,33.2,58.5,9.3,29.2,3.98,28.98,0,27.8,24.7,26.2,26.7,26.5,26.6,1.7,1.1,191,50,6.9,15.3,8.8,8,1.34,11.2
2016,187,2,42.8,22.4,33.1,58.3,7.4,26.3,4.2,30,0,27.1,23.9,25.5,26.5,26.2,26.4,1.8,1.2,202,47,6.7,15.1,9.1,8.3,1.16,8.7
2016,188,2,39.2,25.3,31.9,69.7,16.2,41.1,3.01,29.34,0,27.4,24.6,26,26.2,26,26.1,3.3,3,151,24,10.1,16,9.6,9.4,1.85,16
2016,189,2,40.3,23.8,31.6,81,11.8,41.9,3.1,30.24,0,26.7,24,25.4,26,25.9,26,2.4,2,157,33,7.4,15.6,9.2,8.7,1.74,14.7
2016,190,2,41.5,23.8,32.4,64.8,10.6,31.1,3.7,30.34,0,26.4,23.7,25,25.9,25.7,25.8,2.2,1.5,172,45,7.6,15.6,9.4,8.8,1.39,11.5
2016,191,2,43.3,22.6,33.4,48.8,9.8,25.1,4.22,30.16,0,26.3,23.3,24.9,25.7,25.5,25.6,1.3,.5,233,65,5.8,15.3,8.8,7.6,1.19,9.3
2016,192,2,42.5,23.8,34.5,50.6,9.5,20.6,4.67,30.99,0,26,23.6,24.9,25.5,25.4,25.5,3.4,2.8,273,32,11.8,15.6,11.3,10.9,1.03,7.3
2016,193,2,40.3,20.5,32.5,44.3,5.9,15.3,4.38,31.65,0,25.3,22.9,24.3,25.4,25.2,25.3,2.3,1.6,268,45,7.6,14.3,10.2,9.1,.69,1.4
2016,194,2,41.2,21.1,31.6,70.4,7.2,34,3.54,30.22,0,25.3,22,23.9,25.2,25,25.1,2,1.5,163,43,7.3,14.6,9.1,8.4,1.39,11.4
2016,195,2,41.3,22,32.3,71,15.1,38.9,3.31,29.74,0,25.9,22.5,24.3,25,24.9,25,2.5,1.9,162,38,8.4,14.9,9.2,8.8,1.76,15.3
2016,196,2,42.7,23.7,33.2,73.9,12.9,38.5,3.53,28.3,0,26.2,22.8,24.6,24.9,24.8,24.9,1.7,1.2,193,46,5.3,15.6,8.3,7.9,1.82,15.8
2016,197,2,43.1,24.5,33.8,63.2,14.1,32.9,3.86,28.36,0,29.6,23.6,27,25.2,24.8,25,2.2,1.6,177,41,7.5,15.9,9.1,8.7,1.64,14.2
2016,198,2,42.2,26.6,33.7,62.1,10.8,37,3.6,27.02,0,29.2,27.5,28.2,26,25.1,25.6,2.7,2.1,175,38,8.4,16.6,8.7,9,1.8,15.4
2016,199,2,40.5,27.4,33.1,55.6,14.9,33.9,3.54,23.76,0,27.9,25.9,26.8,26.4,26,26.3,3.1,2.7,158,30,11.5,16.8,8.7,9,1.66,14.4
2016,200,2,41.1,26,33.5,64.5,13.7,34.2,3.73,27.77,0,26.8,25,25.9,26.4,26.2,26.3,2.2,1.5,173,45,7.5,16.3,8.8,8.3,1.61,13.8
2016,201,2,41.7,25.6,34,49.4,14.2,28.6,4.09,27.57,0,26.7,24.7,25.7,26.3,26.1,26.2,2.3,1.5,159,49,8.9,16.3,9.2,8.6,1.44,12.3
2016,202,2,43,25.3,35.1,49.5,15.6,28.7,4.32,26.9,0,27,24.7,25.9,26.1,26,26.1,1.7,.7,191,61,7,16.1,8.5,7.8,1.54,13.4
2016,203,2,44.9,26.5,36.7,55.7,12.1,27.1,4.91,26.66,0,27.3,25.1,26.2,26.1,26,26,1.4,1,238,45,5.3,16.6,8.3,7.5,1.53,13.2
2016,204,2,44,27,36,54.7,14.2,30,4.46,26.81,0,27.3,25.3,26.4,26,26,26,2.2,1.8,193,34,7.3,16.7,8.9,8.6,1.69,14.9
2016,205,2,43.1,29.1,35.1,65.2,19.3,37.5,3.77,25.11,0,27.4,25.3,26.4,26,26,26,4.2,3.9,163,22,11.1,17.2,9.7,10.7,2.04,17.6
2016,206,2,41.1,28.2,33.8,71.3,21.4,44.8,3.14,24.48,0,27.2,25.7,26.5,26,26,26,4.7,4.5,166,17,11.7,16.9,9.4,10.3,2.24,19.2
2016,207,2,41.3,27.1,34,72.2,20.2,45.3,3.18,26.7,.25,28,25.7,26.8,26.1,26,26,2.3,1.7,181,42,8.4,16.6,8.2,8.2,2.27,19.4
2016,208,2,42.2,26.7,34.5,78.6,20.4,45,3.33,27.08,.25,28.1,26.3,27.2,26.1,26,26.1,2.7,2.1,175,38,8.8,16.6,8.5,8.8,2.3,19.6
2016,209,2,43.5,28.3,36.2,58.5,18.7,35.3,4.21,26.47,0,28.1,25.9,27,26.2,26.1,26.1,2.4,1.9,190,36,7.7,17,9,8.7,2,17.5
2016,210,2,42.4,29,35.5,52,19.5,35,3.96,23.3,0,27.9,25.9,26.9,26.2,26.1,26.1,3.2,2.9,178,27,10,17.2,8.8,9.3,1.96,17.2
2016,211,2,41.6,29,34.8,76.5,26.2,47.2,3.18,26.6,0,28.3,26.1,27.2,26.2,26.1,26.2,4.1,3.4,166,34,17.5,17.1,9.4,10,2.51,21
2016,212,2,35.9,25.1,31.1,89.5,37.7,59.1,1.99,19.74,8.13,27.8,26.2,27,26.2,26.1,26.2,4.2,3.2,186,39,15.4,15.7,6.7,6.9,2.6,21.6
2016,213,2,38.7,26.5,32.1,85.9,31.3,57.2,2.3,25.97,0,28.2,26.2,27.1,26.2,26.1,26.2,3.6,3.3,165,26,9.1,16.4,8.2,8.3,2.61,21.7
2016,214,2,39.8,27.6,33,75.8,28.6,51.7,2.65,25.95,0,28.4,26.3,27.3,26.2,26.1,26.2,3.3,2.7,170,34,7.8,16.8,8.1,8.6,2.48,20.9
2016,215,2,40.2,29,33.5,58.6,25,42.2,3.15,24.56,0,27.8,26.4,27,26.2,26.2,26.2,3,2.5,159,35,9.8,17.1,8.3,8.6,2.13,18.5
2016,216,2,40.5,27,33.6,72.1,23.2,43.7,3.17,26.28,0,27.8,25.9,26.8,26.2,26.1,26.2,3.1,2.7,161,29,8.5,16.6,8.8,8.8,2.17,18.6
2016,217,2,41.1,27.2,34.5,61.8,18,33.8,3.85,26.28,0,27.4,25.4,26.4,26.2,26,26.1,2.1,1.6,150,42,7.8,16.6,8.5,8,1.75,15.4
2016,218,2,42.8,27.9,34.8,59,16.1,30.7,4.16,26.23,0,27.2,25.2,26.1,26.1,26,26,2.2,1.7,169,40,8.1,16.9,8.9,8.5,1.6,13.9
2016,219,2,43.3,25.8,35,54.6,15.6,29.2,4.31,26.95,0,27.1,24.4,25.8,26,25.9,25.9,2,1.4,172,44,8.3,16.4,8.8,8.1,1.55,13.5
2016,220,2,44.2,25,34.7,54.2,9.3,24.6,4.6,27.89,0,26.6,23.9,25.2,25.9,25.7,25.8,2.2,1.5,175,47,10.4,16.1,9.5,8.8,1.23,9.7
2016,221,2,43.5,23.6,34.2,62.6,8.1,25.3,4.44,27.41,0,25.4,22.6,24.1,25.7,25.4,25.6,3.4,3,164,27,12,15.6,10.8,10.5,1.22,9.3
2016,222,2,39.5,28.5,33.2,83,26.6,54.8,2.55,25.8,0,27,24.4,26,25.5,25.3,25.4,6.1,5.7,159,19,13.3,17,9.9,10.3,2.65,21.8
2016,223,2,39.1,27.8,32.8,79.9,33.4,57.3,2.33,23.6,0,27.7,26.1,26.8,25.6,25.4,25.5,5.4,5.1,150,20,9.9,16.8,8.3,9.2,2.73,22.4
2016,224,2,39.3,27.8,32.7,79.5,31.9,56.4,2.37,25.46,0,28.2,26.3,27.1,25.8,25.6,25.7,4,3.5,150,28,8.4,16.8,7.9,8.6,2.68,22.1
2016,225,2,40.6,27.2,33.6,80.8,26.3,50.3,2.88,25.9,0,28.3,26.1,27.1,25.9,25.8,25.9,2.3,1.7,184,40,6.9,16.7,7.7,7.7,2.46,20.7
2016,226,2,43.7,27.5,35.3,70.7,13.2,40.7,3.84,26.33,0,28.3,25.8,27.1,26,25.9,26,1.8,1.4,211,39,5.7,16.8,8.1,7.8,2.11,18
2016,227,2,43.7,28.7,35.7,73.2,18.7,41.3,3.77,26.05,0,28.5,26.1,27.2,26,26,26,2.8,2.3,172,35,8.6,17.1,8.6,9.1,2.27,19.3
2016,228,2,44.8,28.7,36.2,77.8,15.1,38.9,4.14,25.93,0,28.5,26.3,27.3,26.1,26,26.1,2.1,1.2,184,52,8.3,17.1,8.3,8.3,2.11,18.1
2016,229,2,45.4,27.6,36.3,57.7,8.9,33.2,4.55,26.07,0,27.9,25.3,26.7,26.2,26,26.1,1.6,1,193,51,6,16.9,8.2,7.7,1.77,15
2016,230,2,42.6,27.9,34.8,52.7,18.4,37.1,3.71,24.74,0,27.9,25.1,26.5,26.1,26,26,2.8,2,168,41,9,16.9,8.6,8.7,1.99,17.4
2016,231,2,41.7,29,35,51.1,19,32.9,3.99,24.02,0,27.6,25.5,26.4,26,25.9,26,3.2,1.9,148,52,10.9,17.1,9.1,9.2,1.78,15.6
2016,232,2,40.9,26.6,33.8,51.8,22.9,36.2,3.49,25.35,0,27.7,25,26.3,26,25.9,25.9,2.7,1.1,181,63,11,16.5,8.3,8.3,1.87,16.3
2016,233,2,39.6,27.3,33,64.7,25.6,45.6,2.91,21.35,0,27.6,25.5,26.5,25.9,25.8,25.9,3,2,175,47,12.4,16.7,7,7.7,2.23,19.1
2016,234,2,37.8,25.5,32,62.1,22.5,37.4,3.12,23.11,0,27,25,26,25.9,25.8,25.8,2.8,.9,114,67,11.2,16,7.6,7.6,1.73,15.1
2016,235,2,39.7,27,32.9,78,18.6,48.2,2.87,23.07,0,27.5,25.2,26.3,25.8,25.7,25.7,2.1,1.5,186,44,6.9,16.6,7,7,2.26,19.1
2016,236,2,39.5,23.8,32.5,85.6,19.3,45.2,3,24.94,0,33.6,24.7,28.8,28.4,25.7,26.5,1.4,.7,172,57,6,15.5,7,6.3,2.02,17.2
2016,237,2,40.4,25.6,32.9,79,18,42.3,3.19,24.74,0,32.4,28,30.2,28.5,28,28.4,2.6,2.4,174,27,7.6,16.2,8.1,8,1.96,16.9
2016,238,2,40.4,26.6,32.6,78.8,17.3,43.9,3.05,24.98,0,28.3,26.8,27.5,28.5,28.1,28.3,3.7,3.4,161,25,11.3,16.5,9,9.2,2.03,17.2
2016,239,2,37.8,26.2,31.4,84.6,19.7,52.1,2.44,22.79,0,28.1,25.9,27.3,28.1,27.8,27.9,3.4,3.1,139,25,10.3,16.3,7.6,7.7,2.26,18.7
2016,240,2,37.7,22.8,30.6,66.7,12.9,33.8,3.15,25.77,0,26.9,24.7,25.7,27.8,27.4,27.6,1.9,1,94,56,7.2,15,7.8,6.9,1.38,11.2
2016,241,2,39.1,21,30.7,60,12.6,27,3.53,25.74,0,26.1,23.3,24.8,27.4,27,27.2,1.4,.9,224,50,6.3,14.4,7.6,6.3,1.1,8.4
2016,242,2,42.3,23.1,33.5,49.2,12,24.9,4.3,25.38,0,26,23.6,24.9,27,26.6,26.8,1.5,.2,70,74,6.3,15.4,8,6.9,1.18,9.3
2016,243,2,43.8,24.1,34.7,49.8,6.7,24.1,4.65,25.16,0,26.1,24,25.1,26.7,26.4,26.5,1.4,.5,110,66,6.3,15.8,7.9,6.7,1.18,9.1
2016,244,2,41,25.7,33.9,73.3,21.4,38.9,3.44,24.54,0,26.8,24.2,25.6,26.4,26.3,26.4,3.5,2.7,157,37,9.5,16.3,8.6,8.9,1.98,17
2016,245,2,39.8,28.4,33.1,68,26,45.8,2.93,18.01,0,27.1,25.7,26.2,26.4,26.3,26.3,3.2,2.8,154,31,8.6,16.9,6.6,7.5,2.23,19.1
2016,246,2,40.4,26.3,32.9,65.6,19.1,42.8,3.1,24.24,0,27,24.9,25.9,26.3,26.2,26.3,2.5,1.8,171,43,8.1,16.4,7.8,7.6,2.04,17.6
2016,247,2,40.3,24.8,32.3,60.3,9.4,32.3,3.53,24.7,0,26.4,24,25.1,26.3,26.2,26.2,2.4,1.4,176,54,9.4,15.9,8.2,7.8,1.48,11.9
2016,248,2,38.2,22,30.7,22.9,7.5,13.7,3.94,26.15,0,24.6,22.6,23.5,26.2,26,26.1,3.5,2.8,283,35,8.9,14.7,9.8,9.4,.6,-.5
2016,249,2,35.9,19,28.4,48.5,5.3,19.8,3.32,26.67,0,24.1,21,22.7,26,25.6,25.8,1.7,1.1,282,48,6.3,13.2,8,6.5,.68,.8
2016,250,2,38,18.6,28.7,73.6,14.4,33.1,2.79,24.51,0,23.7,19.7,21.9,25.6,25.1,25.4,3.2,2.4,136,41,10.6,13.3,8.3,8,1.39,10.2
2016,251,2,35.9,26.4,30.9,78.1,30.5,55.7,2.12,20.12,0,25.2,23.7,24.5,25.2,25.1,25.1,3,2.5,138,34,8.3,16.2,6.2,6.4,2.4,20.2
2016,252,2,37.3,25,30.7,84.2,23.6,51,2.42,23.73,0,25.8,24.2,24.9,25.2,25.1,25.2,2.5,1.9,170,38,6.5,15.9,7,6.8,2.1,17.9
2016,253,2,39.5,21.2,30.9,68.8,11.7,36.7,3.21,24.04,0,25.3,22.7,24,25.3,25.2,25.2,1.2,.6,204,58,4.7,14.5,6.7,5.7,1.47,12.4
2016,254,2,41.5,20.2,31.8,70.4,10.9,31.3,3.77,23.88,0,24.6,21.5,23.2,25.2,25,25.1,1.4,.9,235,51,6.8,14.2,7.3,6.2,1.27,10.3
2016,255,2,40,22.4,31.9,57.4,15.7,35,3.36,23.32,0,25,22.1,23.7,25,24.9,25,2,1.2,210,51,7.2,15,7.3,6.7,1.59,13.7
2016,256,2,39.3,23.5,31.3,83.6,14.8,39.2,3.05,23.34,0,24.9,22.3,23.7,25,24.8,24.9,2.9,1.6,228,54,8.7,15.4,7.9,7.7,1.68,13.5
2016,257,2,33,23.6,27.4,45.8,18.5,30.5,2.59,15.76,0,26.7,22.3,24.3,24.9,24.9,24.9,3.5,3.2,299,25,10,14.8,6,7.1,1.1,8.3
2016,258,2,34,19.4,27,58.3,11,29,2.72,24.58,0,25.9,22.7,24.4,25.1,24.9,25.1,1.8,1.3,298,42,8.8,13,7.1,6,.95,5.8
2016,259,2,35.8,15.9,26.4,65.4,7.8,24,2.95,24.69,0,23.2,20.7,22,25.1,24.8,25,1.3,.6,248,58,5.3,11.7,7,5.5,.72,2.1
2016,260,2,37.4,17.2,27.8,56,9,26,3.11,23.69,0,22.6,20.2,21.4,24.8,24.4,24.6,1,.3,61,70,7.1,12.5,6.5,5,.87,4.8
2016,261,2,38.8,19,28.6,74.4,9.9,32.2,3.07,23.54,0,22.4,20.3,21.3,24.4,24.1,24.3,1.3,.8,71,48,6.3,13.5,6.8,5.6,1.11,8
2016,262,2,41.2,19.9,30.5,64.6,8.4,26.6,3.73,23.23,0,22.2,20.1,21.1,24.1,23.9,24,1.5,.9,47,53,5.8,14.1,7.1,6.1,.98,6.3
2016,263,2,34,21.9,28.1,78,29.4,46,2.12,8.62,0,22.5,20.6,21.7,23.9,23.8,23.9,3.2,1.7,226,56,11.2,14.2,3.7,5.2,1.74,15
2016,264,2,28.4,22.2,24.8,88.3,41.8,73.3,.86,8.54,1.27,23.2,22.3,22.8,23.8,23.8,23.8,2.4,1.6,359,45,8.1,12.5,2,2.9,2.28,19.6
2016,265,2,31.6,22,26.4,89.8,48.7,71.9,1.07,10.82,0,24,23.1,23.5,23.9,23.8,23.8,1.8,.3,4,74,5.8,13.8,2.4,3.2,2.42,20.6
2016,266,2,34.9,22.6,28.1,93.6,8.9,50,2.1,21.3,0,24.6,22.5,23.7,24,23.8,23.9,3.4,2.6,264,39,12.9,14.6,7.1,6.8,1.8,13.9
2016,267,2,30.7,14.8,24.2,58.4,9.3,25.7,2.42,23.54,0,22.6,20,21.1,24,23.8,24,2.5,1.9,348,40,13.1,9.9,7.2,6.1,.7,1.4
2016,268,2,34.3,14,25,60.8,9.3,25.2,2.72,23.4,0,20.6,18,19.5,23.8,23.4,23.6,1.8,1.3,13,45,7.9,10.5,7.1,5.8,.69,1.7
2016,269,2,35.6,22.5,30.3,27.7,11,16.4,3.68,23.13,0,21,19.2,20.2,23.4,23.1,23.3,4,3.7,2,21,10.3,14.6,9.2,8.9,.7,1.9
2016,270,2,37.4,26.5,30.8,31.1,14.4,21.1,3.57,17.5,0,21.2,20.3,20.8,23.1,23,23.1,5.2,4.2,56,34,11.2,16.3,8.8,10.3,.94,5.7
2016,271,2,33.9,21.7,27.6,51.5,21.9,34.4,2.52,19.21,0,21.9,20.7,21.2,23,22.9,23,2.3,1.9,59,34,8.2,14.1,6.2,5.8,1.25,10.2
2016,272,2,35.5,21.5,28.2,52.2,19.5,35.9,2.62,21.2,0,22.1,20.2,21.1,23,22.9,22.9,1.8,.8,54,62,5.8,14.2,6.2,5.5,1.32,11
2016,273,2,35.6,21.5,28.4,67.1,23.3,43.3,2.37,15.87,0,26.5,20.3,23.1,23.1,22.9,22.9,1.2,.4,342,65,4,14.2,4.3,4.1,1.61,14
2016,274,2,36.7,22.1,29.7,69.8,19.8,39.1,2.76,20.94,0,26.3,24.5,25.2,23.8,23.1,23.5,1.1,.4,225,63,5.3,14.6,5.8,4.6,1.54,13.4
2016,275,2,35.8,21.4,29,72.6,20.2,46.4,2.36,20.88,0,24.5,22.9,23.7,24,23.8,23.9,1.4,.8,180,54,6.9,14.2,5.7,4.9,1.76,15.3
2016,276,2,34.3,19.7,27.4,78.4,9.5,36.6,2.54,21.32,0,23.6,21.9,22.8,24,23.9,24,2.9,2.3,275,36,11.4,13.2,7.1,6.5,1.23,8.5
2016,277,2,29.7,14.5,23,53.8,9.8,26.3,2.2,21.76,0,22.5,19.7,20.9,23.9,23.6,23.8,2.1,1.4,325,47,9.7,9.3,6.4,5.2,.69,1.4
2016,278,2,31.3,14.3,23.2,74.4,15.3,36.3,2.03,21.23,0,21,18.7,19.9,23.7,23.2,23.5,1.4,.3,280,73,6.1,9.9,5.5,4.4,.95,6.1
2016,279,2,31.6,16.6,23.4,74.1,11.6,42.9,1.83,19.56,0,20.9,18.8,19.8,23.2,22.9,23.1,1.2,.6,265,57,5.1,11.1,4.9,4.1,1.15,8.1
2016,280,2,32.9,13.7,23.6,67.9,8.6,27.6,2.42,21.27,0,19.8,17.7,18.8,22.9,22.6,22.8,1.6,1,7,51,6.7,10,6.1,4.9,.68,1.2
2016,281,2,33.8,17.3,26.3,28.4,8.8,15.5,3.02,20.3,0,19.3,17.1,18.2,22.6,22.2,22.4,2.1,.8,359,63,7.3,12,6.6,5.6,.52,-2.4
2016,282,2,37,15.5,26.1,66.7,10,27.4,2.81,20.13,0,19.9,17.5,18.7,22.2,22,22.1,1,.1,152,76,5.2,11.7,5.5,4.1,.83,4.1
2016,283,2,35.8,16.1,26.2,61.8,11.3,33.1,2.59,20.3,0,20.4,17.8,19,22,21.9,22,1.4,.4,139,70,4.8,11.8,5.8,4.7,1.02,7.2
2016,284,2,35.4,18.1,26.4,75,13.5,43,2.26,20.35,0,20.6,18,19.4,21.9,21.8,21.9,1.6,.6,152,63,6.1,12.7,5.8,4.9,1.35,11.2
2016,285,2,34.8,17.4,26.1,75.9,14.8,42.5,2.24,20,0,20.7,18.3,19.5,21.9,21.8,21.8,1.1,.3,238,68,4,12.2,5.2,4.1,1.31,10.7
2016,286,2,35.1,16.3,25.6,80.6,11.5,43.9,2.16,20.03,0,20.5,18.1,19.4,21.8,21.7,21.8,1.3,.3,248,70,6.9,11.8,5.2,4.3,1.29,10.2
2016,287,2,34.5,14.1,24.5,73.9,13.6,39.4,2.18,19.66,0,24.2,17.8,21.3,21.8,21.5,21.6,.9,.2,163,71,3.7,10.6,5,3.7,1.1,8.2
2016,288,2,34.8,16.3,24.9,59.3,12.7,37.3,2.27,19.71,0,23.5,20.8,21.9,22.1,21.6,21.9,1.4,.3,142,70,5.2,11.7,5.4,4.4,1.08,7.9
2016,289,2,34.5,16.1,24.9,80.6,13.3,51.8,1.85,19.3,0,21.2,19,20.3,22.1,21.9,22,1.3,.7,180,56,4.9,11.5,4.9,4.1,1.48,12.4
2016,290,2,32.8,15.5,24.9,92.3,25.1,53.9,1.74,19.23,0,20.8,18.9,20,21.9,21.8,21.8,1.9,1.3,264,46,8.4,10.9,5.1,4.4,1.55,13.4
2016,291,2,30.9,19.3,24.7,56.2,29.6,42.2,1.88,18.67,0,20.6,19.9,20.2,21.8,21.7,21.7,3.3,3,299,27,9.4,12.2,5.9,5.7,1.3,10.8
2016,292,2,32,14.4,23.6,80.1,19,44.4,1.88,18.84,0,20.1,18.4,19.3,21.7,21.5,21.6,1.4,.5,340,63,5.8,10.2,4.9,3.9,1.18,9.4
2016,293,2,32.8,13.2,24.6,71.9,9.2,27.7,2.56,18.84,0,19,17.3,18.2,21.6,21.3,21.5,3,2.3,3,39,12.1,9.8,6.9,6.1,.71,1.3
2016,294,2,32.9,18.5,26.5,26.2,8.1,12.7,3.11,19.01,0,18.5,17.4,18,21.4,21.1,21.2,3.7,3.2,357,29,11.1,12.4,7.8,7.5,.43,-4.7
2016,295,2,36.1,14.8,26.6,44.8,11.2,20.7,2.95,18.17,0,19,16.7,17.8,21.1,20.9,21,2.1,1,28,57,7.6,11.2,6,5.4,.71,1.5
2016,296,2,35,15.3,24.9,66.3,14.8,41.1,2.11,17.85,0,19.7,16.8,18.3,20.9,20.8,20.8,1.2,.6,149,55,4.2,11.3,4.8,3.8,1.22,9.7
2016,297,2,34.1,16.2,25.1,72.2,31.3,51.3,1.72,16.32,0,20.4,17.3,19,20.8,20.7,20.8,1.5,.5,169,66,7.6,11.5,4.2,3.8,1.65,14
2016,298,2,31.5,18.5,24.3,91.3,39.1,67.9,1.09,10.45,.51,20.8,18.8,19.9,20.8,20.7,20.8,1.5,.3,24,73,5.8,12,2.4,2.9,2.02,17.6
2016,299,2,31.7,17.9,24.8,87.7,32.5,57.9,1.47,17.23,0,20.7,19.8,20.3,21,20.8,20.9,1.9,1.1,319,52,6.5,11.8,4.4,3.9,1.75,15.3
2016,300,2,34.2,15.9,24.4,88.4,25,57,1.57,17.12,0,20.2,18.3,19.4,21,21,21,1,.6,249,52,4.8,11.4,4,3.3,1.64,14.3
2016,301,2,32.8,16.7,24.8,83.6,27.4,55.1,1.6,13.72,0,24.3,18.5,21,21.2,20.9,21,1.1,.6,208,54,3.5,11.4,3.4,3.1,1.64,14.3
2016,302,2,33.2,18.4,25.3,78.3,22.3,52.2,1.76,13.68,0,23.7,22.5,22.8,22,21.2,21.7,1,.4,161,65,4.6,12.4,3.4,3,1.58,13.7
2016,303,2,33.8,19.6,25.9,81.6,17.7,53.1,1.81,15.34,0,22.8,22.1,22.4,22.1,22,22,.8,.3,163,62,4.6,13,3.8,3,1.65,14.3
2016,304,2,32.8,18.5,25.6,75.5,29.1,49.8,1.79,12.7,0,22.1,20.8,21.5,22.1,22,22,2.4,1.2,306,57,11.6,12.3,3.8,4.3,1.58,13.8
2016,305,2,26.3,17.9,22.1,62.4,27.3,45.7,1.48,15.04,0,21.7,20.4,21.1,22,21.9,22,4.3,4.1,298,17,11.7,9.3,5,5.1,1.2,9.5
2016,306,2,26.2,11.6,20.2,69.5,21.5,42.8,1.45,17.16,0,20.4,18.9,19.6,21.9,21.6,21.8,2.7,2.3,297,33,8.8,6.3,4.8,4.1,.97,6.5
2016,307,2,27.2,12.5,20.4,78.8,18.6,39.4,1.6,17.01,0,19.5,18,18.7,21.7,21.3,21.5,2.3,1.6,1,46,8.8,7.1,4.9,4,.88,5.1
2016,308,2,30.7,16.4,23.9,64,17.9,30.8,2.15,16.38,0,18.7,17.6,18.1,21.3,21,21.1,3.2,2.5,16,37,9.6,10.7,5.8,5.5,.89,4.9
2016,309,2,29.7,15.6,21.8,77.6,27.9,53,1.37,15.98,0,19.2,17.7,18.5,21,20.7,20.8,1.5,.4,78,69,4.9,9.9,3.9,3.2,1.33,11.2
2016,310,2,31.4,14.4,21.7,83.1,20.9,55.2,1.42,15.88,0,18.9,16.9,17.9,20.8,20.5,20.7,.9,.1,102,75,3.1,10,3.6,2.8,1.32,11
2016,311,2,32,14.3,21.8,87.6,22.1,53.9,1.46,15.74,0,18.8,16.8,17.7,20.6,20.4,20.5,1,.3,58,67,4.2,10.1,3.6,2.9,1.32,11
2016,312,2,31.8,14,22.3,81.2,16.4,49.7,1.64,15.54,.25,18.4,16.6,17.5,20.4,20.2,20.3,1.3,.9,49,43,4.6,9.9,4,3.2,1.22,9.8
2016,313,2,33.4,14.3,24.4,83.8,17.6,37.6,2.2,15.34,0,18.1,16.4,17.3,20.3,20.1,20.2,1.9,1.6,19,34,6.3,10.5,4.9,4.2,1.03,7.3
2016,314,2,31.3,17.7,23.8,49.3,12.8,30.3,2.19,15.71,0,18.2,16.8,17.5,20.1,20,20.1,2.7,2.4,56,27,9.7,11.6,5.5,5.1,.86,4.7
2016,315,2,30.8,15.6,22.1,63.4,12.7,30.1,2,15.61,0,17.6,16.3,17,20,19.9,20,2.2,1.9,35,30,6.9,10.4,4.8,4.3,.75,2.8
2016,316,2,30,12.7,21.4,74.8,20.8,39.5,1.72,15.39,0,17.3,15.3,16.3,19.9,19.7,19.8,2.1,1.6,41,39,7.7,8.7,4.6,4,.95,6.2
2016,317,2,30,13.1,21.3,74,20.2,42.2,1.66,14.55,0,17.2,15.5,16.3,19.7,19.5,19.6,1.9,1.6,35,30,7.6,8.8,4.1,3.6,.99,6.8
2016,318,2,31,12.6,21.6,78.6,15.6,40.7,1.78,15.62,0,16.9,14.9,16,19.6,19.4,19.5,1.6,1.2,37,41,7,9,4.3,3.4,.95,6.2
2016,319,2,32,9.7,20.1,87.5,12.1,48.2,1.6,15.51,0,16.4,14.1,15.3,19.4,19.2,19.3,1.2,.6,45,56,5.2,8.2,3.9,3,.97,6.4
2016,320,2,31.7,10.1,20.1,77.8,12.1,44.5,1.6,15.04,0,16.1,13.7,15,19.2,19,19.1,1.5,1,49,46,5,8.2,4,3.3,.94,5.9
2016,321,2,27.4,13.9,19.1,90.3,25.5,58.3,1.01,9.51,0,16.8,14.9,15.8,19,18.9,18.9,1.2,.2,138,73,4.1,7.9,2.1,2.3,1.27,10.3
2016,322,2,21.8,8.6,17.5,54.7,9.7,20.4,1.63,15.31,0,16.1,13.4,15.4,18.9,18.8,18.9,2.9,2.6,358,26,7.8,3.4,5,4,.4,-6.5
2016,323,2,23.4,8.1,15.7,66.8,9.4,22.9,1.48,15.14,0,16.9,12.4,14.5,18.8,17.7,18.5,2.2,1.6,5,42,9.2,4.2,4.4,3.6,.38,-6.9
2016,324,2,25.3,5.5,15.1,71.9,11.5,37.4,1.25,11.8,0,16.1,14.1,14.8,17.7,16.7,17.2,1.3,.2,41,74,5.1,4.5,2.8,2.5,.59,-.8
2016,325,2,20.4,8.6,14.7,87.9,21.3,63.7,.65,6.48,0,14.8,14,14.4,16.7,16.2,16.4,1.5,.6,89,62,6.3,2.9,1.1,1.7,1.05,7.4
2016,326,2,22.1,12,17.2,97.4,34.1,66.9,.73,13.54,.25,15,14.2,14.7,16.3,16.2,16.2,3,2.5,280,33,8.9,4.4,3.3,2.7,1.26,10.2
2016,327,2,24.6,8.2,16.6,87.2,25.1,54,1,14.38,0,14.6,13.1,13.9,16.4,16.3,16.3,1.6,.8,318,57,8.1,4.7,3.2,2.5,.96,6.3
2016,328,2,25.3,7.5,16.1,86.4,19.3,51.7,1.09,14.45,0,13.3,11.4,12.4,16.4,16.2,16.3,1.3,.9,339,45,5.2,4.8,3.3,2.4,.86,4.7
2016,329,2,23.8,9.2,17.9,75.9,12.3,25.3,1.62,14.76,0,13.1,12,12.7,16.2,16.1,16.2,3.4,3.1,356,22,11.1,4.5,5.2,4.5,.48,-4
2016,330,2,24.8,7.8,16.9,63.2,11.1,24,1.57,14.51,0,13.1,11.5,12.5,16.1,16,16,2.7,2.2,3,35,9,4.7,4.7,4.1,.43,-5.2
2016,331,2,17,6.2,11.6,80.1,27.4,57.5,.63,4.96,0,12.4,10.4,11.4,16,15.8,15.9,1.3,.8,265,52,10.9,1.2,.8,1.5,.77,3.2
2016,332,2,20.4,7,14,98,39.1,64.8,.63,12.22,0,13.3,11.9,12.6,15.8,15.7,15.7,3.9,3.3,251,30,11.4,2.6,3.1,2.8,1,7
2016,333,2,20,4.4,11.9,98.9,35.2,73.3,.5,12.15,.25,12.8,10.8,11.9,15.7,15.6,15.7,1.3,.2,51,75,4.6,2.2,1.9,1.7,.97,6.5
2016,334,2,19.5,5.1,13.2,79.9,14,41.7,.97,14.06,0,12.4,10.7,11.9,15.6,15.6,15.6,2.6,2.2,12,30,10.2,2.1,3.7,2.9,.59,-1.3
2016,335,2,19.7,1.5,10.3,84.3,15.5,45.1,.83,13.98,0,10.9,9.1,10,15.6,15.3,15.5,1.4,.9,42,50,5.4,1.9,2.9,2.1,.51,-2.5
2016,336,2,20,2.4,11.6,81.6,14.8,41.1,.94,13.55,0,10.8,8.6,9.7,15.3,15,15.2,1.4,1,32,43,4.9,2.1,2.9,2.1,.5,-2.8
2016,337,2,18.7,7.6,13.5,77.9,17.4,37.3,1.07,12.51,0,11.4,10.2,10.8,15,14.9,14.9,3.3,2.9,360,30,11.8,2,4,3.4,.52,-2.6
2016,338,2,19.9,7.3,14.7,39.5,11.4,19.8,1.37,13.2,0,11.5,10.2,11,14.9,14.8,14.8,3.7,3.1,345,32,12.6,2.5,4.6,4.3,.32,-8.4
2016,339,2,22.4,6.6,14.8,70.4,11.3,26.2,1.35,13.83,0,11.4,9.6,10.5,14.8,14.7,14.8,2,1.6,4,35,9.1,3.4,3.8,3,.41,-6.1
2016,340,2,22.8,3.3,12,82.7,22.7,50,.83,12.05,0,10.9,8.7,9.7,14.7,14.6,14.7,1.2,1,31,29,4.1,3.2,2.3,2,.68,1.1
2016,341,2,21.7,6.1,13.2,85.9,31,68,.55,11.41,0,11.6,9.4,10.4,14.6,14.4,14.5,1.1,.1,230,77,3.4,3.1,1.9,1.6,1.03,7.1
2016,342,2,20.2,5.5,12.8,95.6,16.5,53.3,.79,11.13,0,11.7,9.9,11,14.5,14.4,14.5,1.9,1.4,16,40,7.5,2.4,2.6,2.2,.73,1.7
2016,343,2,21.3,5.5,13.4,74,10.6,27.8,1.2,12.99,0,10.8,9.1,9.9,14.5,14.4,14.5,1.9,1.6,20,32,6.8,2.8,3.5,2.8,.39,-6.3
2016,344,2,22.1,5.8,13.6,67.6,14.8,37.8,1.08,10.13,0,10.9,8.8,9.8,14.4,14.3,14.4,1.2,.9,27,41,4.6,3.2,2.3,2.1,.56,-1.4
2016,345,2,24.5,6.5,14.7,74.8,19.4,48.2,.98,12.29,0,11.3,9.2,10.2,14.3,14.2,14.2,1,.4,49,59,3.2,4.4,2.5,1.9,.78,3
2016,346,2,24.8,9.2,15.6,88.1,33.1,64.1,.75,11.9,0,12.2,10.3,11.1,14.3,14.2,14.2,.8,.2,73,70,3.6,5,2.2,1.7,1.1,8.3
2016,347,2,24.5,9.5,15.8,89.4,44.2,71.2,.62,11.75,0,12.6,10.6,11.5,14.4,14.2,14.3,.9,.3,96,69,3.1,4.9,2,1.6,1.26,10.3
2016,348,2,24.8,9.1,16.2,92.8,40.7,71.3,.66,11.37,0,12.8,10.9,11.8,14.5,14.3,14.4,.7,.3,57,63,2.8,5,1.9,1.5,1.27,10.5
2016,349,2,26.8,9.9,16.7,89.5,32.5,65.5,.83,12.09,0,12.7,11,11.8,14.6,14.4,14.5,1.1,1,32,28,4.6,6.1,2.4,2,1.18,9.4
2016,350,2,23.1,8.4,15.4,92.3,42.6,73.7,.54,6.69,.25,12.9,10.6,11.7,14.6,14.6,14.6,.7,.2,29,65,2.6,4,.9,1.2,1.27,10.3
2016,351,2,27,12.9,18.6,92.3,36.7,65.2,.86,11.4,0,14.8,12.9,13.8,14.8,14.6,14.7,3.5,1.9,286,55,15.9,7.2,3.1,3.5,1.36,11.3
2016,352,2,17.4,6.8,12.2,55.8,11.7,34,.98,13.08,0,13.9,10,12.5,15,14.8,14.9,3.6,3.1,305,33,16.5,1.4,3.6,3.5,.47,-4.3
2016,353,2,16.2,6.1,10.6,33.9,12.2,18.5,1.07,13.15,0,10.9,9.8,10.4,15,14.8,14.9,3.8,3.7,2,18,11.4,.9,4.3,4,.23,-12.6
2016,354,2,17.5,8,12.5,30.3,11.7,15.6,1.25,13.13,0,10.7,9.8,10.3,14.8,14.5,14.7,4.9,4.6,3,21,12.2,1.5,5.2,4.9,.22,-13.1
2016,355,2,20.8,9.6,15.3,56.9,11.5,17.6,1.47,11.29,0,11.4,10.4,10.8,14.5,14.3,14.4,2.9,2.5,360,29,9.9,3.2,4.1,3.9,.3,-9.9
2016,356,2,19.9,11.1,15.5,92.4,14.6,39.6,1.13,5.6,5.84,12.1,11.4,11.7,14.3,14.3,14.3,3,2.7,11,23,8.8,3,2.2,3.3,.64,-.7
2016,357,2,14.7,10.2,12.5,99.2,79.3,92.2,.12,4.99,10.67,13.1,12,12.6,14.4,14.3,14.3,1.4,.8,33,51,9.9,.6,.3,.8,1.33,11.2
2016,358,2,19.6,10,14.3,98.4,63.3,87.5,.23,10.16,0,13.8,12.6,13.1,14.6,14.4,14.5,1,.4,115,61,5.4,2.7,1.3,1.2,1.42,12.1
2016,359,2,15,6.4,11.6,98,47.6,81.7,.25,7.23,3.81,13.2,11.8,12.8,14.7,14.5,14.6,3.4,2.2,241,48,11.4,.5,1.2,1.1,1.12,8.3
2016,360,2,15.5,2.4,8.4,95.5,39.3,74.4,.34,12.94,0,11.8,10.3,11,14.7,14.6,14.7,1.1,.2,263,74,3.8,.5,1.8,1.3,.79,3.6
2016,361,2,15.2,4.1,9.7,91.6,39.1,61.5,.52,12.91,0,11.2,10.1,10.7,14.6,14.4,14.5,3,2.8,4,22,7.2,.5,2.6,2.1,.71,2.1
2016,362,2,17.9,5.5,11.9,83,28.8,44.2,.82,13.09,0,11.3,10.8,11.1,14.4,14.2,14.3,2.7,2.2,341,35,8.7,1.4,3.2,2.7,.6,-.3
2016,363,2,18.5,5.7,12.5,79.8,24.8,45.4,.84,9.88,0,11.3,10.7,11,14.2,14.1,14.2,2.6,2.1,7,37,8.2,1.7,2.6,2.6,.64,.5
2016,364,2,22.1,8.2,16,78.4,23.2,37.7,1.2,13.12,0,11.9,11.2,11.5,14.1,14.1,14.1,3.1,2.8,5,25,8.4,3.5,4,3.5,.66,1
2016,365,2,20.8,9.2,14.2,98.9,36.7,65.6,.61,6.42,4.32,12.5,11.4,11.9,14.1,14.1,14.1,2.1,1.4,20,47,6.6,3.1,1.4,2.1,1.03,7.1
2016,366,2,20.2,6.7,12.7,100,55.2,88.5,.23,10.32,.25,12.6,11.1,11.9,14.2,14.1,14.1,.7,.2,118,72,4.5,2.5,1.3,1.2,1.29,10.5
