2016,1,4,11.8,2.3,7.1,75.2,44.2,58.3,.44,7.21,0,8.3,5.8,7,9.4,9.3,9.3,4.9,4.5,142,23,9.5,0,1.9,2.3,.58,-.7
2016,2,4,12.9,2.2,7.5,81.3,40.7,59.8,.44,9.25,0,9.4,7.2,8,9.6,9.3,9.5,4.5,4.1,142,23,8.4,0,2,2.3,.61,0
2016,3,4,14.9,-1.4,6.6,90.8,31.4,63.8,.43,13.22,0,9.2,6,7.7,9.7,9.6,9.7,4.3,3.8,125,27,8.8,.3,2.7,2.4,.59,-.5
2016,4,4,11.6,3.9,6.7,97.2,51.9,75.9,.25,3.55,13.46,8.6,7.4,8,9.8,9.6,9.8,4.7,4.1,150,29,9.6,0,.7,1.7,.74,2.5
2016,5,4,11.2,4.4,7.7,98.1,68.1,88.1,.14,5.06,0,9.2,7.1,8,9.9,9.8,9.8,2.2,1.9,124,30,6.1,0,.2,.9,.92,5.7
2016,6,4,13,1.6,8.4,100,42.4,78.6,.26,8.85,2.03,9.8,8,8.8,10.1,9.8,9.9,3.3,2.1,308,48,11.2,0,1.5,1.3,.85,4.4
2016,7,4,11,.8,4.2,99.6,55.8,89.9,.1,6.59,7.37,8.4,6.2,7.2,10.1,10,10.1,2.7,1,196,64,12.1,0,.6,1.2,.74,2.5
2016,8,4,5.9,.1,2.7,100,81.2,95.1,.04,5.61,3.56,7.3,5.5,6.4,10,9.6,9.8,1.9,.8,295,60,10.6,0,.1,.6,.7,2
2016,9,4,9.6,-.9,3.8,100,48.2,85.8,.14,10.99,0,8.2,5.2,6.5,9.7,9.4,9.5,1.5,.7,290,59,7,0,1.3,1,.68,1.4
2016,10,4,9.1,-2.4,2.5,99.5,50.9,84,.15,8.85,0,7.2,4.2,5.7,9.4,9.1,9.3,1.1,.3,196,70,4,0,.7,.9,.61,-.2
2016,11,4,11.1,-2.3,3.4,100,31,76.5,.25,14.33,0,8,4.4,6.1,9.2,9,9.1,1.1,.3,282,68,4.5,0,1.8,1.2,.57,-1.1
2016,12,4,13.4,-4.1,3.3,97.6,30.7,72.3,.31,14.37,.25,7.5,3.9,5.6,9.1,8.8,9,1.7,1.5,126,28,5.5,0,2.1,1.6,.53,-2.1
2016,13,4,15.9,-3.3,4.3,95.7,25.1,67.5,.38,14.62,0,7.9,3.9,5.7,8.9,8.7,8.8,1.5,1.2,127,41,4.6,.5,2.1,1.8,.52,-2.3
2016,14,4,15.5,-4.1,4.3,96.1,21.3,64.1,.43,14.57,0,7.7,3.9,5.8,8.8,8.6,8.7,1.6,.4,283,71,5.8,.4,2.3,1.8,.49,-3.1
2016,15,4,12.4,-3.4,3.5,95.5,30.4,70.8,.3,8.7,1.27,7,4.1,5.6,8.7,8.5,8.6,2.4,1,301,63,13.2,0,1.3,1.6,.53,-2.1
2016,16,4,13.1,-4,4.8,99.6,36.9,74.9,.29,13.42,0,7.9,4.1,6,8.6,8.4,8.5,1.2,.3,254,69,4.1,0,1.7,1.3,.62,.1
2016,17,4,18.6,-1.9,7.3,96.4,22.2,61.2,.56,14.6,0,9.1,5,7.1,8.7,8.5,8.6,1.8,.6,302,67,7.7,1.3,2.7,2.2,.56,-1.2
2016,18,4,18.3,-1.6,7.2,86.4,20.1,55.4,.61,12.08,0,8.8,5,7,8.9,8.7,8.8,1.8,1.4,130,37,6.5,1.3,2.1,2.2,.5,-2.7
2016,19,4,19.3,-3.3,7.5,92.3,21.2,56.7,.62,14.38,0,9.5,5.1,7.3,8.9,8.8,8.9,1.2,.1,30,79,4.6,1.5,2.4,2,.52,-2.2
2016,20,4,19,-.7,9.9,87.8,24.9,54.8,.68,14.9,0,10.2,6.3,8.3,9.2,8.9,9.1,2.8,1.7,308,52,10.9,1.6,3.3,2.8,.63,.3
2016,21,4,17.6,-1,8.9,74.6,11.6,40,.8,15.49,0,10.2,6.7,8.5,9.4,9.2,9.4,2.5,.5,126,72,7.5,1.1,3.3,2.9,.4,-6.2
2016,22,4,18.6,-1.7,7.6,65.3,13.8,38.6,.78,15.02,0,9.5,5.8,7.7,9.6,9.4,9.5,3.3,3,129,21,6.6,1.4,3.5,3.5,.36,-7.1
2016,23,4,20,1,9.3,58.3,13.9,36.9,.87,13.55,0,9.8,6.1,7.8,9.5,9.4,9.4,2.8,2.4,121,29,6.7,2,3.2,3.4,.39,-6
2016,24,4,18.5,-2.4,7.9,77.7,18.4,46.1,.72,13.92,0,9.4,6,7.9,9.5,9.4,9.4,3.4,2.1,298,49,12.9,1.3,3.6,3.3,.45,-4.3
2016,25,4,15.4,-3.1,6,81.1,23.5,50,.58,13.6,0,9.4,5.8,7.6,9.5,9.4,9.5,2.1,.9,317,61,7.2,.4,2.6,2.3,.43,-4.8
2016,26,4,15.6,-5.7,5,77.6,11,38.7,.67,15.98,0,9.2,5.1,7.2,9.5,9.3,9.4,1.4,.8,157,55,6.5,.4,3,2.1,.29,-10.1
2016,27,4,15.5,-2.4,5.5,63.9,16.8,41.8,.62,15.91,0,9.1,5,7,9.4,9.1,9.3,2.4,2.1,125,25,7.1,.4,3.1,2.7,.35,-7.5
2016,28,4,18.9,-5,5.5,75,16.1,45.1,.67,15.85,0,9.5,4.8,7.1,9.2,9,9.1,1.1,.7,124,48,4.9,1.4,2.8,2.1,.36,-7.1
2016,29,4,19.8,-4.5,6.7,73.6,15.4,43,.75,15.19,0,9.8,5.1,7.4,9.2,9,9.1,1.5,.2,103,76,5.4,1.7,2.9,2.5,.37,-6.6
2016,30,4,21.5,-2.3,9.9,69.2,14.5,38.9,.98,16.01,0,10.7,5.8,8.2,9.2,9.1,9.2,1.9,.5,262,69,8.3,2.4,3.6,3.1,.41,-5.4
2016,31,4,23.9,-.1,13.5,72.7,13.3,37.3,1.22,15.41,1.78,12,7.3,9.7,9.6,9.2,9.4,2.7,1.4,184,56,18,3.3,4.1,3.9,.5,-2.9
2016,32,4,15.1,3.4,6.3,90.8,36.7,63.2,.37,13.1,4.32,11.4,7.6,9.2,10.1,9.6,9.9,7.1,5.4,280,40,20.3,.5,3,3.6,.6,-.4
2016,33,4,8.4,-2.2,3.8,68.5,25.5,49.6,.42,16.7,0,8.4,5.7,7,10,9.6,9.9,4.9,4,298,35,10.9,0,3.4,2.4,.39,-6.3
2016,34,4,10,-7.6,1,86.4,18.9,52.2,.4,17.05,0,8.2,3.9,6,9.7,9.1,9.4,1.7,.4,285,70,7,0,2.7,1.8,.31,-9.2
2016,35,4,12.3,-5.8,2.2,71.8,14,42.2,.52,16.08,0,7.8,3.6,5.6,9.2,8.8,9,2.5,2,138,36,8.1,0,2.9,2.5,.26,-11.1
2016,36,4,17.1,-7.8,3.7,78,12,40.6,.64,17.24,0,8.7,3.4,5.8,8.8,8.5,8.6,1.4,.6,144,60,4.7,.8,3,2.4,.28,-10.5
2016,37,4,17.9,-1.9,7,50.4,10.2,28,.84,17.64,0,9.3,4.5,6.8,8.6,8.5,8.6,3.3,3.1,132,22,7.8,1.1,4.2,3.9,.25,-11.7
2016,38,4,19.6,-5.3,7,57.8,10.7,31.6,.86,15.09,0,9.7,4.6,7.1,8.7,8.5,8.6,1.6,1,128,51,5.8,1.5,3,2.8,.27,-10.6
2016,39,4,23.4,-2.6,10,61.8,12.6,33,1.08,17.75,0,10.9,5.3,8,8.8,8.6,8.8,2.2,1.9,140,29,7.4,3,4.3,3.8,.35,-7.5
2016,40,4,23.3,2,11.3,53.9,12.4,31.7,1.11,17.74,0,12,6.9,9.3,9.3,8.8,9.1,2.8,2.5,126,25,6.7,3.3,4.4,4.3,.38,-6.5
2016,41,4,24.9,2.2,12.1,52.3,10.5,30.4,1.19,18.03,0,12.9,7.6,10,9.7,9.2,9.5,2.4,2,135,31,5.5,4,4.4,4.2,.38,-6.5
2016,42,4,24.9,-.7,10.6,61.3,10.2,34.3,1.11,18.25,0,13.4,7.7,10.4,10.1,9.7,9.9,1.4,.6,109,62,3.5,3.7,3.9,3.3,.37,-6.6
2016,43,4,27,.4,12.2,56.7,9.4,30.3,1.31,18.46,0,13.7,8.1,10.8,10.4,10.1,10.3,1.9,1.6,125,32,5.6,4.6,4.5,4.1,.36,-7.2
2016,44,4,27.2,2.2,14.1,46,8.2,23.6,1.49,18.5,0,14.5,8.9,11.5,10.7,10.4,10.6,2.1,1.1,136,56,5.2,5,4.7,4.3,.32,-8.5
2016,45,4,26.2,-1,12.9,59.6,7.8,27.1,1.37,18.76,0,14.4,9.1,11.8,11.1,10.7,10.9,2.4,1.4,316,53,8.6,4.2,5,4.6,.34,-8
2016,46,4,25,1.6,13.4,56.2,10,28.2,1.32,18.72,0,15.3,10.1,12.6,11.4,11,11.3,1.6,.2,296,76,4.4,4,4.3,3.5,.38,-6.5
2016,47,4,27.5,1.2,13,51,9,28.2,1.39,18.94,0,15.4,10,12.6,11.7,11.4,11.6,1.9,1.5,125,37,5.2,5,4.7,4.3,.37,-6.9
2016,48,4,30.2,5.1,16.1,43.8,8.2,24.6,1.67,18.96,0,16.2,10.9,13.3,12,11.7,11.9,2.8,2.2,123,37,6.7,6.8,5.3,5.6,.4,-5.8
2016,49,4,27.2,4.7,16.2,45.2,11.4,25.1,1.6,15.86,0,16.1,11.1,13.7,12.4,12,12.2,1.4,.3,172,70,5.4,5.3,4,3.4,.43,-5
2016,50,4,27,8.6,16.4,45.5,12.1,28,1.53,11.34,0,15.9,12.6,14.2,12.8,12.4,12.6,1.5,.4,99,69,5.4,5.9,3,3.4,.48,-3.4
2016,51,4,27.2,2.4,14.2,57.3,10.8,31.2,1.4,18.63,0,16.6,11.4,14,12.9,12.8,12.9,1.4,.4,285,67,5.9,5,4.4,3.6,.44,-4.5
2016,52,4,27.8,2.4,15.4,57.9,11.7,28.9,1.54,19.47,0,16.7,11.8,14.3,13.1,12.9,13.1,2.4,1.5,310,48,8.2,5.2,5.4,4.8,.44,-4.6
2016,53,4,24.6,1.3,14.1,51.3,10,26.1,1.4,19.6,0,15.9,11.9,14.1,13.4,13.1,13.3,4.4,3.2,292,41,13.9,3.8,6.6,5.9,.38,-6.6
2016,54,4,18.6,5.2,13,31.9,10.9,20.5,1.24,20.27,0,15.5,12.5,14.1,13.5,13.3,13.4,5,4.4,301,29,11.3,1.8,6.5,5.4,.29,-9.7
2016,55,4,19.6,.1,9.7,55.3,13.4,31.3,.94,20.15,0,15.2,11.1,13.1,13.5,13.3,13.4,3,2.7,121,27,9.6,1.8,4.8,4.2,.35,-7.7
2016,56,4,24.6,1.6,11.9,46.2,9.5,25.9,1.24,20.16,0,15.5,10.6,12.9,13.4,13.1,13.2,3.1,2.8,131,26,7.9,3.8,5.3,5.2,.32,-8.7
2016,57,4,25.5,3.3,13.2,36.8,9.4,22,1.39,20.2,0,16,11.1,13.4,13.3,13.1,13.2,2.7,2.4,127,27,7.1,4.3,5.4,5.1,.31,-9.2
2016,58,4,27.9,3.6,15.9,39.3,9.2,21.2,1.65,19.45,0,16.7,11.7,14.1,13.3,13.2,13.3,2.7,1.2,127,60,6.7,5.5,5.3,5.4,.34,-7.6
2016,59,4,27.6,1.3,14.3,45.2,8.9,22.9,1.55,20.63,0,16.9,11.8,14.4,13.6,13.3,13.5,2,.7,297,66,6.7,5,5.3,4.7,.33,-8.4
2016,60,4,27.1,3.4,15.8,41.2,10.8,22.2,1.65,19.37,0,16.8,12.3,14.6,13.8,13.6,13.7,2.5,1.4,315,54,9.3,5.2,5.6,5.1,.36,-7
2016,61,4,28,2.3,15.7,74.6,11.8,25.8,1.59,20.22,0,17.8,12.7,15.2,14,13.8,13.9,1.5,.5,276,67,5,5.3,4.9,4.1,.42,-5.2
2016,62,4,28.4,2.8,15.7,54.5,9.8,26.2,1.62,20.76,0,19,12.8,15.8,14.2,14,14.1,2.3,.7,308,67,10.5,5.6,5.6,5.1,.41,-5.5
2016,63,4,28.5,3.4,15.6,45.6,6.9,24.4,1.66,19.53,0,19.4,12.8,15.9,14.5,14.2,14.4,1.6,.8,123,55,5.8,5.8,4.8,4.3,.37,-6.8
2016,64,4,29.7,3.5,15.6,51.7,7.5,23.9,1.68,20.18,0,20,12.9,16.2,14.7,14.5,14.6,1.2,.7,127,54,4.8,6.3,4.9,3.9,.35,-7.3
2016,65,4,29.1,5.9,17.9,46.2,6,18.2,1.94,19.14,0,19.7,13.5,16.6,14.9,14.7,14.8,2.6,.4,298,75,7.4,6.4,5.7,5.6,.32,-8.5
2016,66,4,26.4,10.1,18.6,33.5,8.3,19.6,1.85,17.37,0,20.2,15.1,17.6,15.3,14.9,15.1,2.5,1.7,296,45,9.9,5.9,5.1,5,.39,-6.1
2016,67,4,20.9,7.6,13.9,72.7,21,40.8,1.01,19,0,20.1,15.3,17.6,15.6,15.3,15.4,3.9,2.5,297,48,15.3,2.9,4.9,4.7,.62,.1
2016,68,4,18.7,5.9,11.6,81.1,22.6,51.5,.75,18.28,0,19,14.3,16.5,15.7,15.5,15.6,2.5,.2,240,78,9.1,1.8,3.7,3.5,.66,.8
2016,69,4,23.7,-.7,12.9,82.3,9.8,35.9,1.23,22.27,0,19.7,12.9,16.2,15.6,15.4,15.5,2.1,1.2,302,54,7.6,3.3,5.2,4.4,.43,-5.2
2016,70,4,26.9,.3,14.2,55.2,6.6,24.2,1.52,22.9,0,20,13.2,16.5,15.6,15.4,15.5,2.4,2,131,35,8.2,4.6,6.1,5.4,.32,-8.7
2016,71,4,27.8,4,16.8,34.9,7.8,17.9,1.81,19.9,0,19.6,13.5,16.6,15.6,15.4,15.5,3.1,2,123,49,7.8,5.5,5.9,6.1,.31,-8.9
2016,72,4,20.5,4.6,13.9,52.6,12.2,28.7,1.21,22.61,0,18.6,14.1,16.4,15.7,15.5,15.6,5.3,4.4,300,33,16.9,2.4,7.3,5.8,.44,-5
2016,73,4,23.9,-.5,13.2,66.2,12.5,32.7,1.25,22.92,0,20,12.8,16.3,15.7,15.4,15.5,2.2,1.1,303,56,7.9,3.4,5.4,4.5,.43,-4.9
2016,74,4,26.2,2.4,15.4,53.4,14.8,28.4,1.45,22.48,0,20.4,13.8,17.1,15.7,15.5,15.6,3.4,2.5,311,42,11.7,4.5,6.5,5.9,.47,-3.7
2016,75,4,27,7.9,16.9,58.2,7.3,28.2,1.59,23,0,21.3,15,18,16,15.7,15.9,2.9,2.5,297,31,8.7,5.8,6.4,5.8,.46,-4.6
2016,76,4,27.9,1.2,15.2,45.5,7.7,21.2,1.68,23.61,0,21.5,14,17.7,16.2,16,16.1,1.8,.8,295,62,6.7,5.2,6,5,.31,-9.1
2016,77,4,28.8,1.7,16.4,42.9,7.8,19.5,1.82,23.69,0,21.8,14.4,18.1,16.4,16.1,16.2,2.4,.9,320,63,11.4,5.6,6.6,5.8,.31,-9
2016,78,4,28.6,2.6,17.4,42.7,6.6,17.8,1.91,23.99,0,21.8,15,18.4,16.5,16.3,16.4,2.7,1.7,312,50,9.6,5.7,7,6.2,.3,-9.5
2016,79,4,28.8,3.9,16.8,44.7,8.2,19.9,1.82,23.57,0,22.4,15,18.6,16.7,16.5,16.6,2,.1,6,79,6.8,5.9,6.3,5.4,.34,-8
2016,80,4,26.1,8.4,16.6,41.3,12.2,26.1,1.52,23.21,0,21.6,16,18.7,16.9,16.6,16.8,3.8,3.5,145,22,10.3,5.4,6.7,6.5,.47,-3.6
2016,81,4,30.7,7.5,19,51.7,9.4,25.8,1.9,23.46,0,22.9,15.7,19,17,16.8,16.9,2.4,1,114,61,6.8,7.3,6.3,6,.5,-2.9
2016,82,4,29.8,5.9,18.4,52.7,6.4,21.3,1.94,24.42,0,22.6,16.1,19.4,17.2,17,17.1,4.2,2.6,292,49,15.3,6.7,8.2,7.8,.38,-6.3
2016,83,4,20.7,8.3,15.1,44.1,5.8,17.1,1.48,25.28,0,20.9,16.6,18.7,17.4,17.2,17.3,4.7,4,303,31,13.9,2.9,7.9,6.6,.27,-11.8
2016,84,4,23.3,-1.3,12.4,62.2,8,21.9,1.34,25.32,0,21.9,14.1,17.8,17.4,17,17.2,1.4,.2,163,76,4.6,3.1,5.6,4.3,.27,-10.9
2016,85,4,26,.5,14.5,57.3,7.8,22,1.58,25.05,0,21.3,14.4,17.9,17.2,17,17.1,3,1.8,305,52,10.9,4.3,7,6.1,.3,-9.5
2016,86,4,27.6,4.1,16,54.3,7.9,22.1,1.69,24.83,0,21.6,15.1,18.4,17.2,17,17.1,3.3,1.7,290,57,15.1,5.4,7.6,6.7,.34,-7.8
2016,87,4,27.2,3.6,16.5,64.9,9.4,24,1.65,25.2,0,22.7,15.1,18.7,17.3,17.1,17.2,2,.6,111,68,6.2,5.1,6.2,5.3,.4,-5.8
2016,88,4,28,4.8,17.5,62.7,11.4,28,1.68,22.05,0,22.4,15.9,19,17.4,17.2,17.3,2.5,.7,193,68,10.2,5.6,5.9,5.6,.51,-2.6
2016,89,4,22.5,11.1,16.5,50.6,17.9,34.2,1.28,14.42,0,20,17.4,18.5,17.6,17.4,17.5,7.3,3.1,201,62,17.5,4.3,6,6.7,.63,.3
2016,90,4,17.5,7.3,12.5,49.5,21.5,32.9,1,20.75,0,19.9,15.1,17.4,17.5,17.2,17.4,4.3,3.8,302,26,9.5,1.4,5.4,5,.47,-3.7
2016,91,4,19.4,-.9,10.7,80.8,11.6,36.6,.97,24.18,0,20.3,13.8,17.1,17.3,17,17.1,2.6,1.9,290,43,11.6,1.7,5.5,4.4,.4,-5.8
2016,92,4,22.7,.9,13.6,70.2,9.8,32.8,1.23,25.83,0,21.5,14.4,17.9,17.1,16.9,17,2.6,.9,336,65,9.1,3,6.2,5.1,.45,-4.3
2016,93,4,22.9,4.7,13.7,67.6,12.1,38,1.13,26.21,0,22.2,15.4,18.7,17.2,17,17.1,3,2.5,133,31,7.8,3.5,6.3,5.4,.54,-1.9
2016,94,4,27.8,3.1,15.4,53.4,7.8,25.6,1.58,26.67,0,23.1,15.2,18.9,17.4,17.2,17.3,2.2,1.6,133,44,9.9,5.4,6.5,5.8,.38,-6.4
2016,95,4,31.9,4,18.4,48.9,6,20.4,2.08,26.37,0,23.7,15.6,19.5,17.6,17.4,17.5,2,.7,98,65,6.9,7.2,7,6.3,.36,-7.2
2016,96,4,31.1,6.1,19.7,52.1,6.7,19.3,2.18,24.44,0,23.4,16.9,20.2,17.9,17.6,17.8,2.6,1.8,317,45,10.5,7.2,7.3,6.8,.37,-6.9
2016,97,4,31.7,6.6,19.9,54,5.2,20.8,2.14,25.37,0,24.9,17.4,21,18.3,17.9,18.1,1.4,.3,234,71,4.7,7.4,6.4,5.4,.41,-5.7
2016,98,4,29,12,20.3,49.7,6.2,23.1,1.99,10.74,0,21.6,18.5,20.1,18.6,18.3,18.5,2.5,1.9,131,40,9.9,7.7,3.8,5.2,.52,-2.8
2016,99,4,22.9,10.6,16.6,96.6,36.4,71,.62,13.95,1.02,21.1,18.4,19.7,18.5,18.4,18.5,2.4,.2,336,77,10.2,4.4,2.8,3.2,1.3,10.8
2016,100,4,28,7.3,17.4,99.1,13.7,54.7,1.24,26.61,0,24,16,19.6,18.5,18.1,18.3,1.7,.3,283,74,6.3,6,6,5.2,.91,5.2
2016,101,4,24,8.6,13.8,97.9,19.3,60.3,.78,16.13,13.97,21.7,17.2,19.4,18.5,18.3,18.5,2.7,.9,295,66,12,4.5,3.6,4.4,.87,4.6
2016,102,4,21.8,6.3,14.4,100,28.1,67.4,.69,26.49,0,22.8,14.5,18.4,18.5,18,18.2,1.2,.3,229,70,5.9,3.1,4.9,4,1.02,7.2
2016,103,4,23.3,9.7,15.3,92.2,28.7,65.2,.7,20.5,0,23,16.3,19.1,18.2,18,18.1,1.8,.3,273,75,7.9,4.3,4,4,1.08,8
2016,104,4,27.4,5.9,17.1,94.5,16.3,53.5,1.24,26.97,0,24.9,15.5,19.9,18.3,18,18.2,1.2,.2,220,75,4.9,5.6,5.8,4.7,.89,5.2
2016,105,4,30.7,7.4,20.3,83.8,11.4,38,1.87,26.99,0,25.8,16.9,21.1,18.6,18.2,18.4,2.2,.4,338,74,7.5,7.4,6.9,6.2,.74,2.4
2016,106,4,28,10.6,19.9,63.3,12.7,26.8,1.84,25.84,0,24.9,18.5,21.7,19,18.6,18.9,4.4,3.6,281,35,15.6,6.9,8.4,7.7,.58,-1.6
2016,107,4,21.8,8.8,14.9,54.4,17.8,32,1.21,22.65,0,22.4,17.4,19.9,19.2,18.9,19.1,4.4,3.9,302,27,13.2,3.4,6.4,6.1,.52,-2.3
2016,108,4,23.5,9.1,16.3,58,13.9,29.7,1.42,27.83,0,23.9,16.2,19.8,19,18.6,18.8,2.9,2.5,310,30,8.5,4.3,7,6,.5,-2.7
2016,109,4,25.9,5.6,17,68.6,10.2,29.4,1.58,27.91,0,24.2,16.7,20.4,18.9,18.7,18.8,2.7,1.9,312,43,10.9,4.9,7.4,6.1,.49,-3.3
2016,110,4,27.1,4.9,18,65,9.6,27,1.75,27.7,.25,24.9,16.9,20.8,19,18.8,18.9,2.1,.7,308,67,7.8,5.4,7.1,5.8,.49,-3.1
2016,111,4,29.9,5.9,19.2,61.5,9.4,26,1.98,28.13,0,25.6,17.5,21.5,19.2,19,19.1,2.2,.8,319,65,9.8,6.8,7.6,6.5,.49,-3.1
2016,112,4,33.3,5.5,20.3,63.6,4.8,23.7,2.31,28.35,0,26.2,17.8,21.9,19.5,19.2,19.4,1.8,1.2,135,45,6.9,7.8,7.6,6.5,.44,-4.7
2016,113,4,34.6,10.1,23.2,52,8.3,19.3,2.63,26.88,0,26.4,18.8,22.5,19.8,19.5,19.7,3,1.2,166,63,10.9,9.1,8.4,8.1,.5,-2.7
2016,114,4,32.2,12.3,22.6,57.3,6.6,29.4,2.16,26.8,0,26.7,19.9,23.2,20.2,19.8,20,4,2.1,282,56,12.1,9.3,8.6,8.3,.73,2.1
2016,115,4,28.7,10.2,21,44.3,8.8,19,2.16,28.39,0,27,20,23.4,20.5,20.2,20.4,2.9,2.1,299,43,11.3,7.1,8.2,7.2,.43,-4.7
2016,116,4,28.4,9.1,19.8,56,10.4,22.4,1.92,27.73,0,26,19.8,22.9,20.7,20.5,20.6,3.8,2,256,57,16.2,6.7,8.7,7.7,.49,-3.6
2016,117,4,22.2,11.3,16.6,41.8,11.2,19.9,1.55,27.94,0,24.4,19.3,21.8,20.8,20.5,20.6,5.1,4.7,308,22,14.3,4.3,8.6,7.6,.37,-7.1
2016,118,4,25.4,4.2,17.2,55,12,25.2,1.67,23.25,0,24.4,17.8,21.3,20.6,20.2,20.4,2.5,1.2,311,59,8.2,4.4,6,5.6,.44,-4.5
2016,119,4,28.9,9.7,19.4,46.6,6.8,21,1.91,26.81,0,25.8,19.3,22.3,20.5,20.3,20.4,4,1.7,261,61,14.8,7.1,8.3,8,.44,-4.9
2016,120,4,23.2,6.3,16.2,47.8,21.6,31.4,1.34,26.51,0,24.2,18.5,21.4,20.6,20.3,20.5,3.8,3.3,302,31,12.4,3.8,7.3,6.2,.57,-1
2016,121,4,26,5.8,17,64.8,13.8,36.1,1.43,22.43,0,24.3,18.1,21.3,20.5,20.2,20.4,3.5,.9,233,70,12.7,5,6.2,6.1,.63,.3
2016,122,4,23.8,7.6,16.5,79.5,20.2,43.5,1.21,22.52,0,24,18.7,21.3,20.4,20.2,20.3,3,1.2,282,63,9.1,4.2,5.6,5.3,.75,2.7
2016,123,4,26.3,9.6,17.8,59.5,11.9,32.9,1.53,28.35,0,25.3,18.3,21.6,20.4,20.1,20.3,3.6,3,149,32,11.1,5.8,7.5,7,.62,0
2016,124,4,31.3,8,20.8,57.2,10.7,26.4,2.1,28.3,0,26.9,18.8,22.7,20.5,20.2,20.4,1.9,1.2,114,50,7.3,7.8,7.4,6.5,.57,-1.1
2016,125,4,34.1,11.1,24.1,46.8,9,20.6,2.68,28.35,0,27.4,20.1,23.6,20.8,20.5,20.7,4,3.5,123,28,13.5,9.3,9.6,9.3,.56,-1.3
2016,126,4,36,14.3,26.2,35.2,4.7,14.2,3.18,26.96,0,27.3,21.1,24.3,21.3,20.8,21.1,4.3,3.4,157,38,13.4,11,10.1,10.2,.43,-5.2
2016,127,4,29.8,14.6,23,46,9.2,21.2,2.35,28.76,0,27.1,21.5,24.2,21.6,21.3,21.4,5,3.3,211,47,15.3,9.4,10.1,9.2,.56,-1.6
2016,128,4,25.9,12.1,18.9,58.2,12.8,31.2,1.61,29.1,0,27.8,20.8,24.1,21.7,21.5,21.6,3.2,2.6,305,37,9.3,6.3,7.5,6.9,.63,.2
2016,129,4,24.9,11.4,18.2,51.4,15.9,31.6,1.5,24.65,0,25.9,20.9,23.4,21.9,21.6,21.8,3.6,3.1,308,31,12.3,5.6,6.9,6.5,.64,.4
2016,130,4,28.2,5.9,18.9,64.4,13.7,30.9,1.75,28.99,0,26.6,19.5,23,21.8,21.5,21.6,3.2,2.6,314,35,10.2,5.9,8.1,7,.6,-.3
2016,131,4,31.6,7.1,21.3,55.7,10.5,25.5,2.18,29.16,0,28.1,20.1,24,21.8,21.5,21.6,2.5,1.1,307,60,9.1,7.6,8,7.3,.57,-1
2016,132,4,33,9.9,23.5,50.8,8.3,20.9,2.58,28.94,0,29.1,21.4,25.1,22.1,21.7,21.9,2.1,.9,300,62,7.1,8.6,8,7.1,.53,-2.1
2016,133,4,36,11.4,24.6,51.8,6,18.9,2.95,27.49,0,29.5,21.9,25.5,22.4,22.1,22.3,1.8,.6,81,66,6.9,9.7,7.8,7,.48,-3.4
2016,134,4,37.7,13.2,26.9,38.4,6.9,16.9,3.33,27.14,0,30,22.3,26.2,22.8,22.4,22.6,2.8,.2,308,78,9.9,10.8,8.7,8.7,.54,-1.9
2016,135,4,36,18.5,27.4,34.9,10.1,18.8,3.14,22.15,0,30.2,24.4,27.2,23.3,22.8,23,2.2,.3,218,76,16.6,13,7,7.1,.65,.8
2016,136,4,35.2,19.2,27,42.6,4.6,17.8,3.15,27.61,0,30.2,24.2,27,23.6,23.3,23.5,4.7,1.6,213,66,12.5,13.1,10.4,10.5,.55,-2.8
2016,137,4,33,11.4,23.5,33.3,6.4,14,2.68,30.17,0,30.5,22.8,26.6,23.8,23.5,23.6,2.6,1.5,290,52,9.2,9.2,8.8,7.9,.37,-6.6
2016,138,4,29.3,13.9,21.8,70.9,16.2,32.5,1.84,18.64,1.27,27.4,23.8,25.6,23.9,23.7,23.8,3.2,.7,58,72,13.9,8.8,5.5,6.4,.83,3.7
2016,139,4,25.6,13.2,18.1,89.6,27.8,62.4,.86,16.23,3.56,24.9,21.8,23.2,23.8,23.2,23.5,3,1.2,132,62,13.4,6.7,3.7,4.5,1.25,10.2
2016,140,4,29.5,9.3,20,96.4,18.9,50.3,1.47,29.3,0,28,19.2,23.3,23.2,22.5,22.8,1.5,.4,113,69,6.3,7.3,6.6,5.8,1.03,7.2
2016,141,4,34.4,12.3,24.2,70.3,6.9,28.6,2.59,29.66,0,29,21.2,25,22.8,22.6,22.7,3,2.1,164,45,11.1,9.7,9.1,8.4,.69,.8
2016,142,4,33,12.6,24.3,48.6,8.5,20.6,2.63,28.59,0,29.8,22,25.8,23.1,22.8,23,2.8,1,287,66,8.1,9.5,8.4,7.9,.56,-1.2
2016,143,4,32.7,11.1,23.5,51.1,8.3,21.9,2.48,30.09,0,30.6,22.7,26.5,23.5,23.1,23.3,2.9,1.5,310,58,10.6,8.8,8.8,8.1,.57,-1.1
2016,144,4,32.7,10.8,23.8,48.6,8,19.2,2.63,30.25,0,31,23.1,27,23.8,23.4,23.6,2.4,1.4,297,53,7.7,8.9,8.5,7.6,.51,-2.6
2016,145,4,32.9,9.8,23.8,51.8,7.1,16.1,2.7,30.44,0,31,23.4,27.2,24.1,23.8,24,2.9,1.1,285,64,11.8,8.5,9.2,8.3,.42,-5.2
2016,146,4,33.1,10.8,23.9,35.3,6.4,15.1,2.75,30.34,0,31,23.4,27.2,24.3,24.1,24.2,3.3,1.3,267,62,10.6,8.9,9.4,8.8,.4,-5.7
2016,147,4,27.6,12.7,21.2,24.3,9.4,15.9,2.19,30.32,0,30,23.6,26.8,24.5,24.3,24.4,3.9,3.4,312,28,13.3,7.3,9.3,8.3,.39,-6.1
2016,148,4,30.5,8,21.4,49,8.4,19.6,2.31,30.12,0,30.1,22.6,26.3,24.5,24.2,24.4,2.6,1.9,309,43,11,7.4,8.6,7.5,.44,-4.4
2016,149,4,34.7,9.4,24,41.9,4,15.7,2.89,30.36,0,30.7,22.9,26.7,24.5,24.2,24.3,2.6,1.4,148,55,12.4,9,9.1,8.3,.39,-6.3
2016,150,4,35.3,10,25.3,31.8,5.3,11.5,3.18,30.74,0,31.1,23.2,27.1,24.6,24.3,24.4,2.6,1.2,171,60,9.8,9.2,9.5,8.5,.33,-8.2
2016,151,4,34.3,14.9,26.2,23.2,8.2,13.2,3.12,27.91,0,31.6,24.3,27.8,24.8,24.5,24.6,2.6,1.4,302,56,9.9,11,8.6,8.1,.45,-4.6
2016,152,4,33.1,10.2,24.2,35.5,8.7,17.8,2.73,24.61,0,30.2,23.9,27.4,25,24.7,24.9,2.2,.7,162,68,18.4,8.8,7.3,7,.52,-2.4
2016,153,4,32.9,18.3,26.4,36.2,13.5,21.7,2.81,23.35,0,30.5,25.2,27.6,25,24.9,25,3.1,1.8,122,51,11.1,12.3,7.6,7.8,.72,2.2
2016,154,4,38,16.1,27.9,43.7,6.7,20.7,3.37,29.37,0,32.3,24.4,28.2,25.1,24.9,25,3,.4,309,75,7.8,12.2,9.2,9.2,.66,.6
2016,155,4,41.9,16.5,31.3,27.1,4.3,10.4,4.53,30.4,0,33.3,25.6,29.4,25.5,25.1,25.3,3.3,2.8,296,33,9.2,12.7,10.8,10.7,.41,-5.4
2016,156,4,41.5,18,32,27.6,6.1,10.9,4.57,30.13,0,34.6,26.7,30.5,26,25.5,25.8,2.2,.4,198,73,7.8,13.3,9.5,8.8,.5,-3
2016,157,4,41.8,21.3,32.5,33.1,7,17,4.39,28.94,0,34.7,27.5,30.9,26.5,26,26.3,2.7,1.7,133,48,11.8,14.8,9.6,9.4,.77,3.1
2016,158,4,42.2,21.5,32.8,33.4,6.1,15.7,4.55,28.72,0,35.2,27.9,31.4,26.9,26.5,26.7,2.7,.7,104,71,8,14.8,9.5,9.6,.7,1.2
2016,159,4,40,15.3,30,30.8,4.3,11,4.16,30.36,0,35.2,27.3,31.2,27.2,26.9,27,2,1.1,289,54,8.6,12.1,9.3,8.2,.42,-5.1
2016,160,4,39.5,15.9,30.4,34.9,9.2,16.6,3.95,29.67,0,35.1,27.5,31.3,27.4,27.1,27.3,2.6,1.8,303,44,7.6,12.2,9.5,8.9,.69,1.5
2016,161,4,38.2,24.9,31.7,48.8,14.7,22.1,3.76,27.11,0,34.2,28.9,31.6,27.6,27.3,27.5,4.6,4.2,310,26,12.3,15.8,10.5,10.9,1.02,7.2
2016,162,4,37.4,16,27.7,99.8,13.6,45.2,2.43,24.37,27.18,34.1,28.1,31,27.8,27.6,27.7,4.5,3.4,307,41,25.6,12,8.4,9.1,1.47,12.4
2016,163,4,34.4,18.3,26,97.7,23.4,58.5,1.72,27.65,0,32,25.3,28.4,27.8,27,27.4,1.7,1.1,307,50,11.2,12.6,6.9,6.5,1.79,15.6
2016,164,4,37.1,18.2,28.4,87.4,10.7,38.2,2.85,28.97,0,33.7,25.2,29.3,27.1,26.6,26.9,1.9,1,323,54,7,12.9,8.1,7.4,1.23,9.1
2016,165,4,35.3,17.5,28.1,59.4,10.8,22.8,3.14,28.61,0,33.1,25.7,29.5,27,26.6,26.8,2.7,2.1,309,39,10.2,12.4,8.9,8.3,.8,3.6
2016,166,4,36.5,13.2,27.3,52.5,7.3,17.7,3.3,30.87,0,33.7,25,29.2,26.9,26.5,26.7,2.1,1.1,329,56,6.3,10.6,8.9,8,.56,-1.2
2016,167,4,38.2,12.4,27,46.7,7.2,17.6,3.38,30.94,0,33.8,25,29.4,26.9,26.5,26.7,2.1,.8,321,64,8.4,10.4,9,8.2,.54,-1.8
2016,168,4,37.7,13.5,27.6,50.7,6.4,16.4,3.38,31,0,34.2,25.7,29.8,26.9,26.6,26.7,2,.7,324,64,7.4,10.9,8.9,8,.57,-1.1
2016,169,4,36.7,12.4,27.1,67.6,6.8,20.4,3.25,30.94,0,34.1,25.8,29.9,27,26.8,26.9,2,1.5,310,40,8.6,10.2,9,7.8,.63,.2
2016,170,4,39.3,13.7,29.2,63,6.5,18.6,3.78,30.79,0,34.2,26.1,30.1,27.2,26.9,27,2.5,2.1,305,31,7.1,11.3,9.7,8.9,.65,.7
2016,171,4,44.7,19.2,32.6,44.3,3.6,15.7,4.63,30.5,0,35.5,27.2,31.2,27.4,27,27.2,1.7,.3,267,72,6.1,14,9.1,8.4,.7,1.7
2016,172,4,41,24.5,32.8,38.2,11.1,20.1,4.21,28.75,0,35.3,28.7,31.9,27.8,27.4,27.6,3.5,3.1,130,26,12.9,15.9,10.3,10.4,.96,6.2
2016,173,4,41.2,21.1,32.3,52.4,8.4,22.3,4.08,29.13,0,36,28.5,32.1,28,27.8,27.9,2.2,.4,120,73,8.8,14.5,8.9,8.6,1,6.8
2016,174,4,40.2,20.8,32.5,56.9,11.5,23.2,4.09,29.16,0,35.6,29.4,32.5,28.4,28,28.2,3.1,2.7,307,29,10.1,14.4,10.1,9.6,1.03,7.3
2016,175,4,38.9,24.9,31.6,44.1,13.1,24.3,3.65,18.81,0,34,29.9,32,28.6,28.3,28.5,2.5,1.7,302,47,8.3,15.9,6.4,7.4,1.09,8.1
2016,176,4,37.4,22,30,50.7,15.5,28.5,3.21,23.09,0,34.3,28.8,31.4,28.6,28.3,28.5,2.7,.4,338,74,10,14.6,7.6,7.9,1.17,9.3
2016,177,4,36.4,24.6,30.1,57.7,16.6,32,3.03,18.41,0,33,29.4,31,28.5,28.3,28.5,3.3,1.4,298,61,9.9,15.6,6.7,7.7,1.32,10.9
2016,178,4,37.1,23.8,29.2,55.9,17.5,37.4,2.66,17.77,0,33.1,28.6,30.5,28.4,28.1,28.3,2.8,.9,67,67,12.9,15.4,5.9,7,1.47,12.6
2016,179,4,38.3,22.9,29.3,63.3,18.4,39.4,2.62,22.43,0,34.3,28.7,31.2,28.3,28.1,28.2,2.2,1.6,139,40,13.5,15.1,6.6,7.1,1.54,13.4
2016,180,4,37.8,23.9,30.5,78.8,19.8,38.9,2.89,27.06,0,35.4,28.9,31.9,28.4,28.2,28.3,3.1,2.4,127,37,13.9,15.5,8.4,8.6,1.61,14
2016,181,4,38,22,29.4,81.8,19.4,47.3,2.42,22.04,2.29,35,29.5,32.1,28.7,28.4,28.6,2.9,.5,128,73,9.8,14.7,6.4,7.4,1.8,15.7
2016,182,4,26.6,20.4,23.4,89.2,53.5,73.6,.79,9.15,.25,31.8,27.6,28.9,28.8,28.3,28.6,2.5,1.7,321,46,9.1,10.7,2,3,2.11,18.3
2016,183,4,26.8,19,22,99.4,56.3,85,.43,9.56,13.72,27.6,25.6,26.5,28.3,27.4,27.8,2,1.4,96,44,9,10.1,1.5,2.6,2.22,19.2
2016,184,4,32,18.1,24.5,98.9,32,69.8,1.17,28.03,0,31.2,23.8,27,27.4,26.6,26.9,2.9,2.4,301,34,8.1,12,6.9,6.5,2.02,17.6
2016,185,4,35,17.6,27.5,94.3,19.8,50.6,2.19,29.15,0,33.1,24.9,28.8,26.9,26.6,26.8,2.6,2.1,307,37,8,12.4,8.3,7.5,1.67,14.5
2016,186,4,36.8,17.3,28.4,86.5,14.3,43.5,2.6,29.47,0,33.9,26.1,30,27.2,26.8,27,2.2,1.8,310,36,8.1,12.5,8.5,7.6,1.49,12.7
2016,187,4,37.3,18.3,28.9,80.5,15.1,38.8,2.84,28.76,0,34.6,27,30.7,27.5,27.2,27.4,2.3,1.8,307,39,8.6,13,8.4,7.8,1.37,11.4
2016,188,4,37.1,17.5,28.9,77.7,15.1,36.1,2.86,28.65,0,35.1,27.3,31.1,27.8,27.5,27.7,1.9,1.3,304,47,6.8,12.6,8,7.3,1.32,11.1
2016,189,4,35.6,21.8,29.1,68.8,25.3,44,2.38,20.65,0,33.1,28.6,31,28.1,27.8,28,2.3,2,296,31,9.5,14.3,5.9,6.4,1.74,15.2
2016,190,4,37.3,18.4,29.3,77.4,16.1,37.5,2.9,28.69,0,34.7,27.6,31.1,28.2,28,28.1,2.7,2.2,317,36,8.1,13.1,8.8,8.2,1.38,11.6
2016,191,4,38.4,17.3,29.9,72.8,14.4,31.8,3.28,29,0,35,28,31.5,28.4,28.1,28.2,2.9,2.5,307,30,8.5,12.7,9.3,8.7,1.2,9.5
2016,192,4,38.3,18.1,29.8,63.2,14.1,31,3.24,28.96,0,35.1,28.5,31.8,28.6,28.3,28.5,2.8,2.4,308,32,10.3,13.1,9.3,8.7,1.2,9.5
2016,193,4,39.2,17.7,29.8,65,11.2,27.7,3.42,29.29,0,35.7,28.2,31.9,28.8,28.5,28.6,2.2,1.5,307,44,8.5,13,8.8,8.2,1.02,7.1
2016,194,4,38.9,19.7,30.7,51.6,10.2,22.7,3.65,29.24,0,36,28.8,32.3,28.9,28.7,28.8,2.2,1.7,317,40,8.4,13.9,9,8.3,.95,6.1
2016,195,4,38.9,19.6,31.3,54.8,13.9,24.4,3.68,28.68,0,35.7,29,32.3,29.1,28.9,29,3.1,2.7,312,30,9.1,13.8,9.6,9.2,1.07,7.9
2016,196,4,39.5,18.9,31.7,58.3,12.9,26.9,3.73,28.88,0,35.7,29.3,32.5,29.3,29.1,29.2,3.7,3.5,308,21,9.4,13.6,10.1,9.9,1.17,9.3
2016,197,4,39.5,18.2,31.6,64.9,12.9,25.7,3.77,28.88,0,35.8,29.4,32.6,29.4,29.2,29.3,3.5,3.2,309,21,9.4,13.2,10.1,9.7,1.1,8.3
2016,198,4,37.3,22.4,30.6,68.4,18.4,34.4,3.04,25.84,0,35.5,29.8,32.6,29.5,29.3,29.4,3.1,1.6,323,57,13.2,14.7,8.3,8.3,1.46,12.5
2016,199,4,35.9,23.3,29.7,74.3,21.8,38.4,2.73,22.31,0,35.2,30.1,32.4,29.6,29.4,29.5,2.6,1.1,312,61,13.4,15,7,7.1,1.54,13.3
2016,200,4,37.7,19.6,28.8,86.8,21,49.1,2.3,27.08,.51,36.2,29.2,32.5,29.6,29.4,29.5,3,.5,217,73,13.6,13.6,7.5,8,1.8,15.8
2016,201,4,38.8,19.7,27.9,94.4,14.1,53.2,2.17,23.61,4.83,36.3,29.9,32.8,29.7,29.5,29.6,2.2,.5,271,72,18.2,13.8,6.4,7,1.8,15.7
2016,202,4,36.2,17.9,26.2,99.9,24.9,66.5,1.43,21.74,0,33.3,28.5,30.9,29.8,29.4,29.6,1.6,.7,129,62,7.8,12.7,5.2,5.5,2.12,18.4
2016,203,4,40,19.7,29.6,91.6,14.7,50.2,2.49,28.76,.25,35.3,27.8,31.4,29.4,29,29.2,2.1,.3,266,76,9.6,14,8,7.8,1.86,16.3
2016,204,4,41,22,31.3,79.1,13.3,40.1,3.13,27.7,.51,36,28.8,32.3,29.4,29.1,29.3,2.1,.5,251,72,11.1,14.9,7.7,8,1.65,14.2
2016,205,4,38.8,19.2,30,83.4,16.2,42.1,2.85,27.97,0,36,29.4,32.7,29.6,29.3,29.5,2.6,1.6,318,50,10.6,13.6,8.5,8.1,1.62,14.1
2016,206,4,37,21.2,30.6,71,22,38.1,2.93,28.18,0,35.8,29.9,32.8,29.8,29.5,29.6,3.7,2.4,312,47,9.6,14.3,9.2,8.8,1.61,14
2016,207,4,39.4,21.3,30.3,74,19.3,39.6,2.84,25.59,0,36.9,30.2,33.3,29.9,29.7,29.8,2,.3,16,76,7.5,14.5,7.2,7.2,1.63,14.2
2016,208,4,38.3,24.2,31,67,17.6,41.6,2.85,25.14,0,37,31,33.9,30.2,29.9,30.1,2.5,1.3,130,56,9.9,15.6,7.4,7.7,1.77,15.5
2016,209,4,38.4,23.4,29.3,74.1,21.5,49,2.24,22.96,0,36.9,31.4,33.8,30.5,30.2,30.3,2.2,.9,107,62,16.8,15.3,6.7,6.9,1.92,16.8
2016,210,4,39.5,19.1,29.9,82.2,18,44.8,2.69,27.35,0,37.1,30.2,33.4,30.5,30.3,30.4,1.5,.7,137,56,6.3,13.6,7.3,6.9,1.73,15
2016,211,4,40.3,20.8,29.3,74.8,17.2,41.7,2.64,21.9,0,36,30.5,33.2,30.6,30.4,30.5,2.4,1.1,70,60,18.1,14.4,6.5,7.3,1.6,14
2016,212,4,37.7,19.8,28.5,84.9,18.4,46.8,2.37,26.54,0,36.6,30,33.1,30.6,30.3,30.4,2.2,1,296,61,9.6,13.7,7.3,7.3,1.7,14.9
2016,213,4,35.5,20,27.4,79.1,26.9,53.5,1.84,17.95,0,34.1,30.3,32.3,30.6,30.3,30.4,2.5,2.1,310,32,9.7,13.5,5,5.8,1.89,16.6
2016,214,4,33.2,22.4,27,80.5,30.9,55.5,1.68,17.53,0,33.3,29.5,31.4,30.4,30,30.2,2.8,2.7,304,18,9.1,14.3,4.8,5.7,1.93,16.9
2016,215,4,31.5,20.1,25.1,97.1,41.5,75,.92,18.28,32,31.5,27.6,29.6,30,29.5,29.8,1.6,.9,296,51,6.1,12.8,3.9,4.3,2.33,19.9
2016,216,4,34.2,21.3,25.7,94,31.2,72.4,1.07,25,.76,33.8,26.5,29.5,29.5,28.9,29.1,1.5,.6,300,61,7.7,13.9,6,5.8,2.3,19.7
2016,217,4,32.2,20.9,26.4,97.1,42.3,70.4,1.17,23.98,0,33.7,26.9,30,29,28.7,28.9,1.7,.6,309,67,6.8,13.4,5.9,5.4,2.34,20
2016,218,4,34.7,21.5,26,88.2,33.2,68.7,1.15,21.65,0,34,27.5,30.4,29,28.7,28.8,1.9,.8,107,62,11.4,14.1,5.2,5.5,2.26,19.4
2016,219,4,36.7,19.4,27.3,91,25.3,59.2,1.78,25.33,0,34.9,26.8,30.5,29,28.6,28.8,1.9,.8,107,60,7.4,13.4,6.5,6.4,2,17.5
2016,220,4,37.6,20.6,29.1,80.8,17.4,49.3,2.31,25.89,0,34.9,27.9,31.4,29,28.8,28.9,2.1,1.3,104,50,7.5,14,7.1,7,1.88,16.4
2016,221,4,38,21.2,29.1,77.4,21.2,47.7,2.33,21.77,0,34.7,28.5,31.5,29.2,29,29.1,2.1,.9,130,61,8.4,14.3,6,6.5,1.83,16
2016,222,4,31.9,21.3,26.5,75.4,40.7,59,1.48,13.42,0,31.5,28.3,29.9,29.4,29,29.2,1.9,.2,24,76,5.8,13.5,3.3,4.1,2.03,17.7
2016,223,4,35.3,21.1,27.5,86.9,30,59.1,1.68,22.44,0,33.5,27.4,30.2,29,28.7,28.9,1.9,.4,9,73,7.9,14,5.6,5.9,2.08,18.1
2016,224,4,33,20.8,27.2,89.5,25,56.3,1.73,26.38,0,33.8,28.5,31,29,28.8,28.9,3.4,2.1,313,50,9.6,13.5,7.4,6.9,1.95,16.9
2016,225,4,36.1,20.2,26.8,85.5,22.1,58.1,1.68,22.83,.76,34.1,28.4,30.8,29.1,28.9,29,3,2.7,312,27,13.8,13.7,6.4,6.9,1.95,17
2016,226,4,36,17.7,26.2,88.3,25.3,53.7,1.83,22.7,.51,33.2,27.1,29.9,29.2,28.8,29,2.6,1.3,98,59,13.8,12.6,6.3,6.6,1.72,15
2016,227,4,35.7,16.5,26.1,86,22.4,51,1.96,27.39,0,33.6,26.3,29.8,29,28.5,28.8,2.3,2,122,31,7.7,12,7.2,7,1.6,14
2016,228,4,37.4,19.6,27.8,76.5,17.8,45,2.34,27.75,0,35,27.8,31.2,28.8,28.6,28.7,1.7,1.1,107,46,5.6,13.6,7.2,6.8,1.57,13.7
2016,229,4,38.7,22.4,29.4,66.6,13.2,35.1,2.89,25.83,0,35.5,28.5,31.7,29.1,28.8,29,3,1.3,87,60,9.8,14.9,8,8.4,1.35,11.3
2016,230,4,37.3,19,28.3,71.7,14.1,36.9,2.68,27.06,0,35.7,29,32.1,29.4,29.1,29.3,1.9,1.4,125,41,6.3,13.3,7.5,6.9,1.33,11
2016,231,4,36.1,16.8,28,71.9,13.5,33.2,2.78,26.71,0,35.5,28.5,31.9,29.6,29.4,29.5,2,.5,331,71,6.1,12.2,7.5,6.8,1.18,9.3
2016,232,4,34.5,17.5,27.8,77.3,16.5,37.3,2.58,25.8,0,34.5,28.7,31.7,29.7,29.5,29.6,3,2.5,300,31,8.4,12.2,7.9,7.3,1.28,10.5
2016,233,4,33.8,17.9,25.4,87.2,23.8,50.1,1.75,19.88,0,33.7,29,31,29.7,29.5,29.6,3,2.1,305,43,10.5,12.3,5.9,6.2,1.57,13.6
2016,234,4,33.1,15.4,24.3,90.9,23.5,56.5,1.6,23.99,0,33.6,26.7,30,29.6,29.1,29.3,1.7,.4,272,71,10.1,10.9,5.9,5.6,1.59,13.9
2016,235,4,34.1,17.4,25.9,86.8,22.2,50.5,1.9,26.75,0,34.7,27.6,30.9,29.3,29,29.1,1.6,.2,320,76,5.2,12.1,6.7,6,1.58,13.6
2016,236,4,32.7,15.2,24.3,80.2,18,48.4,1.83,26.74,0,33.7,27.7,30.7,29.4,29.1,29.2,2.7,2.2,304,37,8.3,10.7,7.4,6.7,1.36,11.4
2016,237,4,33.8,14.6,24.5,83.7,17.7,48.3,1.85,25.87,0,33.8,27.2,30.4,29.3,29,29.1,2.2,1.1,316,56,8.3,10.6,7.1,6.3,1.37,11.6
2016,238,4,34.1,14.6,25.4,84.9,18.4,46.5,2.07,25.59,0,34.1,27.3,30.6,29.2,28.9,29.1,1.7,.4,315,70,8.1,10.7,6.7,5.9,1.37,11.5
2016,239,4,31.5,17.1,22.8,88.7,29.4,64.9,1.1,20.08,.25,32.8,28.2,30.3,29.2,29,29.1,2.4,1.8,295,41,8.9,11.3,5.1,5.2,1.74,15.3
2016,240,4,31.1,15.8,23.1,88.5,24.5,55.9,1.46,25.38,0,32.5,26.4,29.2,29.1,28.6,28.9,2.4,.9,310,63,8.1,10.6,6.5,5.9,1.48,12.8
2016,241,4,33.5,13.8,23.8,84.2,14.1,44.8,1.96,26.32,0,33.5,26.3,29.7,28.8,28.4,28.6,1.3,.9,302,46,5.5,10.2,6.7,5.5,1.18,9.3
2016,242,4,36.3,13.4,25.2,84.6,13.6,44.3,2.19,26.07,0,34,26.5,30.1,28.8,28.5,28.6,1.2,.8,103,50,5.1,10.7,6.6,5.7,1.27,10.4
2016,243,4,35.4,19.8,26.4,72.4,20.8,47.9,1.95,23.35,0,33.8,27.9,30.7,28.8,28.6,28.7,2.5,2,116,37,10.1,13.4,6.5,6.6,1.59,13.8
2016,244,4,32.6,18.9,25.6,81.1,32.8,57.4,1.54,22.68,0,33.5,27.8,30.5,29,28.7,28.9,2.9,2.7,137,21,11.1,12.5,6.2,6,1.84,16.2
2016,245,4,33.2,20.9,25.4,82.5,34.9,63,1.28,16.61,1.02,31.8,28.6,30.1,29,28.8,28.9,2.3,2.1,116,25,11.9,13.6,4.3,4.9,2.01,17.6
2016,246,4,35.5,18.8,25.6,88.5,27.2,61.7,1.48,21.77,0,33.1,26.9,29.7,28.9,28.5,28.7,1.9,1.3,131,47,7.9,13,5.4,5.6,1.93,16.9
2016,247,4,37.1,18.8,27,86.2,21.8,52.8,2,22.44,0,33.5,27.6,30.4,28.8,28.5,28.7,1.9,1.2,135,49,7.2,13.2,6,6,1.74,15.3
2016,248,4,37.2,14.6,26.8,81.9,11.6,37.6,2.65,26.04,0,34.2,27.1,30.5,28.9,28.6,28.8,1.4,.1,111,79,5.5,11.3,7,6,1.14,8.6
2016,249,4,38.7,12.8,26.9,75.3,11.8,32.2,2.97,25.24,0,33.6,26.7,30.2,29,28.6,28.8,2.2,.5,152,71,9.4,10.7,7.7,7.2,.97,6.4
2016,250,4,32.5,15.2,24.3,78.5,16.6,44.4,1.86,11.89,0,31,27.1,29.1,28.9,28.6,28.8,2.2,1.7,135,40,7.4,10.7,3.4,4.6,1.3,10.5
2016,251,4,22.6,18.2,19.8,99.3,78.3,93.8,.15,2.42,71.1,28.8,23.8,26.3,28.6,28,28.4,1.8,.5,121,68,6.3,7.6,0,.8,2.17,18.8
2016,252,4,29.5,18.2,23.4,98.3,48.8,77.2,.77,22.94,1.02,27.5,22.9,25,28,26.8,27.3,2.3,2.1,318,25,6.9,11.1,5.2,4.7,2.17,18.8
2016,253,4,33.7,17.8,25.8,95.2,26.7,59.8,1.57,24.72,0,28.1,23.2,25.5,26.9,26.5,26.6,2.1,1.8,310,29,6.3,12.2,6.3,5.7,1.87,16.3
2016,254,4,33.9,15.9,24.9,96.7,25.3,59,1.58,23.36,0,28.5,22.8,25.4,26.6,26.2,26.4,2.1,1.7,126,37,9.2,11.3,6.2,5.6,1.72,15.1
2016,255,4,33,17.8,24.9,86.2,26.5,59.3,1.47,18.5,0,28.3,23,25.7,26.4,26.1,26.2,1.6,1.3,119,35,4.4,12.1,4.3,4.5,1.78,15.7
2016,256,4,31.1,16.3,22.2,92.2,34.2,69.6,.96,17.42,.51,28.4,23,25.4,26.2,26,26.1,1.8,.3,122,73,7.7,10.8,4,4.2,1.8,15.8
2016,257,4,32.4,15.6,21.6,92,25.7,69.8,.97,20.8,7.11,28.6,22.1,24.8,26.1,25.7,25.9,2.7,1.7,120,50,10.9,10.8,5,5.4,1.72,15.1
2016,258,4,33.8,15.1,22.9,96,25,67.8,1.15,22.86,0,28.2,21.6,24.6,25.8,25.4,25.6,1.4,.4,139,70,4,11,5,4.9,1.77,15.5
2016,259,4,32.9,14.8,23.6,98.1,21.8,55.7,1.61,24.12,0,29.7,22.3,25.7,25.6,25.4,25.5,1.3,.8,305,50,5.6,10.6,5.8,5,1.47,12.4
2016,260,4,32.2,10.7,20.9,90.5,13.1,54.2,1.54,24.64,0,29,21.6,25.2,25.7,25.4,25.5,.8,.2,168,71,3.7,8.6,5.4,4.4,1.14,8.6
2016,261,4,33.8,10.7,21.2,92.6,11.9,53,1.68,24.5,0,28.9,21.4,25,25.6,25.2,25.4,1,.5,138,57,4,9,5.6,4.7,1.12,8.3
2016,262,4,35.9,10,21.8,91.3,9,51.9,1.82,24.49,0,29.2,21.6,25.3,25.5,25.1,25.3,.9,.4,149,62,3.1,9.3,5.6,4.7,1.1,8.1
2016,263,4,35.8,10.7,23.1,89.4,9.9,46.5,2.01,21.49,0,28.6,21.9,25.3,25.4,25.1,25.3,1.3,.2,288,75,4.7,9.6,5.3,4.9,1.11,8.1
2016,264,4,32.4,15.5,23.3,80.6,16.3,49.7,1.65,15.25,0,27.8,23.4,25.6,25.4,25.2,25.3,1.1,.2,275,74,4.1,10.8,3.7,3.8,1.32,10.9
2016,265,4,35.2,15.4,24.2,84.4,24.5,57,1.62,21.15,0,29.6,22.9,26.1,25.4,25.2,25.3,1.3,.1,203,77,5.2,11.4,5.2,4.8,1.59,13.8
2016,266,4,35.7,16.4,25.6,93.9,13.1,54.3,1.91,23.1,0,30,24.4,27.1,25.6,25.3,25.5,2,.5,179,69,8.4,12,6.3,5.7,1.57,13.3
2016,267,4,29,11.8,19.7,87.5,30.8,64.6,.93,17.09,0,27.7,24,25.8,25.9,25.6,25.7,2.7,1.5,328,52,15.1,7.8,4.2,4.3,1.45,12.3
2016,268,4,27.8,8.3,17.8,93.2,14.5,51.6,1.28,23.1,0,27.3,21.3,24.2,25.7,25.1,25.4,1.5,1.1,303,43,7,6.2,5.4,4.3,.91,5.3
2016,269,4,32,7.1,20.4,82,13.1,39.8,1.84,23.02,0,27.3,20.7,24,25.2,24.7,25,1.6,1,125,48,7.6,7.7,5.8,4.9,.81,3.9
2016,270,4,24.1,15.5,19.6,79,32.6,54.4,1.08,9.79,0,25,22.5,23.7,24.9,24.7,24.8,3.6,3.2,145,27,10.4,7,2.9,3.9,1.22,9.8
2016,271,4,26.8,13,19,75.7,31.2,55.8,1.05,13.08,0,24.4,21,22.4,24.7,24.1,24.4,2.5,2.2,130,31,7.3,7.1,3.2,3.9,1.2,9.5
2016,272,4,27.8,15.7,21.2,92.7,44.5,72.6,.79,11.78,1.78,24.2,21.3,22.7,24.1,23.8,24,1.8,1.2,136,46,5.1,9,2.4,3,1.79,15.6
2016,273,4,33,16.9,22.8,95.1,30.3,71.5,1.05,20.4,4.57,27.5,21.6,24.1,23.9,23.7,23.8,2,.3,197,75,8.9,11.6,4.8,4.7,1.86,16.3
2016,274,4,29.2,15.6,21.3,97.6,37.7,71.6,.87,19.04,0,26.4,21.6,23.9,24.1,23.9,24,2,1.3,134,46,8.2,9.6,4.2,4.1,1.74,15.2
2016,275,4,31.3,12.3,20.5,96.5,23,65.1,1.17,22.11,0,26.9,20.8,23.8,24.1,23.9,24,1.1,.1,115,79,6.1,8.8,4.9,4.1,1.41,12
2016,276,4,32.2,9.3,20.3,93.5,19.4,60.4,1.26,16.55,0,25.3,20.5,23.1,24.1,23.8,24,1.8,.5,135,70,6.9,8.3,4,4.2,1.31,10.7
2016,277,4,30.2,13.4,20.9,97.8,21.5,56,1.3,21.75,0,26.6,21.3,23.8,23.9,23.7,23.8,2.1,1.4,311,45,9.4,9,5.5,4.7,1.29,10
2016,278,4,27.2,4.9,16.5,79.9,12.1,40.1,1.4,22.05,0,25.1,19.7,22.5,23.9,23.5,23.8,1.4,.5,309,66,5.7,5.4,5.1,4,.64,.5
2016,279,4,28.8,5.2,16.9,80.7,13.9,45.9,1.39,21.78,0,24.9,19,21.9,23.6,23.2,23.4,1.2,.3,130,71,4.6,6.1,5,3.8,.76,2.9
2016,280,4,29.1,6.1,17.1,85.4,19.8,51.4,1.28,20.37,0,24.7,19.1,21.9,23.3,22.9,23.1,1,.2,311,73,4.3,6.4,4.4,3.5,.89,5.2
2016,281,4,31.3,7.6,20,81.1,13.3,41.3,1.79,21.05,0,24.7,19.1,21.9,23,22.7,22.9,2.6,2.3,130,27,8.8,7.6,6.1,5.5,.8,3.6
2016,282,4,29.5,14.7,22.3,96.4,31.5,53.6,1.39,17.86,52.07,25.4,21.2,23,22.9,22.8,22.9,3.3,2.5,137,40,15.1,9.4,4.9,5,1.39,11.7
2016,283,4,28.3,13.9,20,94.5,41,71.2,.8,16.34,5.08,23.2,18.4,20.9,23,22.5,22.8,2.2,1.7,107,39,8.7,8.4,3.4,3.6,1.63,14.2
2016,284,4,32,14.3,21.4,88.9,20.2,63.7,1.21,20.17,0,23.7,18.7,21.1,22.5,22.1,22.3,1.8,1.5,117,33,5.2,10.1,4.5,4.4,1.49,12.9
2016,285,4,33.2,12,20.9,91.7,13.7,57.6,1.45,19.22,0,23.2,18.3,20.8,22.3,21.9,22.1,1.2,.8,117,47,4.8,9.5,4.4,4,1.24,9.9
2016,286,4,32.5,11.4,20.4,86.4,12.3,49.2,1.56,18.86,0,22.7,17.5,20.2,22.1,21.7,21.9,1.3,.6,144,61,5.2,9,4.4,4,1.04,7.4
2016,287,4,31.6,6.9,18,88.7,9.8,49.9,1.46,19.58,0,22,16.7,19.4,21.8,21.4,21.6,.9,.4,126,62,3.2,7.5,4.2,3.4,.84,4.2
2016,288,4,32.4,8.5,18.6,73.5,10.9,42.6,1.64,19.11,0,21.7,15.9,18.7,21.5,21,21.3,1.2,.9,130,41,5.4,8.1,4.5,3.9,.76,2.8
2016,289,4,32.4,7.5,19,84.9,12.6,46,1.64,18.82,0,22.3,16,19,21.1,20.7,20.9,1.1,.4,119,62,4,7.9,4.4,3.6,.84,4.2
2016,290,4,31.7,7.8,18.7,80,13.5,47,1.55,18.6,0,22.7,16.4,19.5,20.9,20.6,20.8,1.1,.4,122,64,4.2,7.7,4.3,3.6,.87,4.7
2016,291,4,31.1,9.1,19.4,75.3,13.5,40.4,1.7,18.54,0,22.9,16.8,19.8,20.9,20.6,20.8,1.1,.2,139,74,5.2,7.8,4.4,3.6,.78,3.4
2016,292,4,31,7.6,18.8,68,14.5,39.8,1.65,18.34,0,22.9,16.8,19.8,20.9,20.6,20.8,1.3,.2,106,74,4.8,7.5,4.5,3.8,.76,2.9
2016,293,4,30.8,7.3,17.7,75.1,12.5,44.5,1.48,18.06,0,22.8,16.9,19.8,20.8,20.6,20.7,1.2,.2,304,73,5.2,7.4,4.2,3.5,.78,3.4
2016,294,4,28.4,7.3,18.3,74.1,16.3,39.3,1.56,17.58,0,21.8,16.6,19.2,20.8,20.5,20.6,3.2,2.9,125,25,11.4,6.3,5.5,5.2,.73,2.5
2016,295,4,29.2,10.9,19.1,58.8,21.4,41.1,1.49,17.54,0,22.5,17,19.6,20.6,20.4,20.5,2.3,1.8,124,36,6.4,7.6,4.6,4.4,.86,4.7
2016,296,4,32.3,10.8,20.3,65.3,17.3,43.8,1.61,16.83,0,23.2,17.5,20.2,20.6,20.4,20.5,1.9,1.5,125,34,5.9,8.7,4.3,4.3,.96,6.3
2016,297,4,32,9.5,19.6,74.4,16.7,44.8,1.6,15.15,0,23,17.8,20.4,20.7,20.5,20.6,1.1,.2,198,73,4.6,8.3,3.6,3.2,.91,5.6
2016,298,4,30.3,9.6,21,73.6,16.9,42.1,1.73,13.73,.25,22.5,17.7,20.2,20.8,20.6,20.7,1.6,.2,146,75,9.3,7.8,3.4,3.5,.94,5.9
2016,299,4,31,13.5,20.9,87.4,23.9,56.2,1.34,16.23,0,23.9,18.9,21.2,20.9,20.6,20.7,.9,.3,217,65,4.2,9.4,3.5,2.9,1.28,10.6
2016,300,4,32.4,9.6,20.2,81.5,17.2,46.7,1.6,16.53,0,23.7,18.3,20.9,21,20.9,20.9,1.6,1.3,128,34,5.5,8.4,4.2,3.9,.99,6.8
2016,301,4,33,13.1,22.2,56.1,16.1,34.9,2,15.87,0,23.9,18.6,21.2,21.1,20.9,21,2,1.7,128,31,5.7,9.8,4.5,4.5,.87,4.9
2016,302,4,32.2,12.6,21.2,61.9,16.1,37.4,1.79,13.93,0,23.6,19,21.2,21.2,21,21.1,1.6,1.1,117,45,5,9.4,3.7,3.7,.88,5.1
2016,303,4,32.4,9.8,19.8,72.8,17.3,46.1,1.58,15.99,0,24.1,18.6,21.2,21.3,21.1,21.2,.8,.1,136,76,3.5,8.5,3.6,2.9,.95,6.3
2016,304,4,32.5,10.9,21,68.7,16.1,39.7,1.82,14.45,0,23.3,18.4,20.9,21.3,21.1,21.2,1.7,.9,121,57,5.7,8.8,3.9,3.9,.88,5.2
2016,305,4,30,11.1,21,63.2,17.1,38.5,1.75,13.56,0,23.2,18.7,21,21.2,21.1,21.1,1.5,.4,97,68,4.9,8,3.5,3.3,.88,5.1
2016,306,4,27.7,11.5,19,76.6,18.6,48.8,1.28,13.39,0,23.1,19.1,21,21.2,21.1,21.2,1,.4,349,64,5.5,7,2.9,2.6,1.01,7
2016,307,4,27.4,5.8,16.7,90.8,17.5,54.4,1.09,14.76,1.27,22.1,17.4,19.9,21.2,20.9,21.1,1.8,1.2,111,48,8.8,5.6,3.4,3.2,.96,6
2016,308,4,25.3,12.9,17,96.9,35.5,77.6,.55,8.81,6.86,20.5,18.5,19.4,20.9,20.7,20.8,2.5,2.1,120,31,12.2,6.3,1.9,2.7,1.44,12.4
2016,309,4,24.1,10.4,16.7,97.5,51.7,80.2,.42,11.89,12.7,19.9,17.2,18.7,20.7,20.4,20.5,2.2,.2,155,78,11.5,4.9,2.2,2.3,1.51,13
2016,310,4,23.8,8.7,14.7,97.6,37.8,77.1,.51,14.31,0,19.9,14.9,17.3,20.4,19.8,20.1,.8,.3,292,67,4.6,4.4,2.4,2.1,1.23,10
2016,311,4,25,6.5,14.6,98.3,29.6,72.9,.65,15.25,0,19.6,14.4,17,19.8,19.3,19.6,.9,.2,99,74,3.9,4.6,2.7,2.2,1.12,8.6
2016,312,4,27.2,6.6,15.3,96.3,21.1,66.7,.83,15.06,0,19.1,14,16.5,19.4,19,19.2,1,.7,125,39,4.6,5.6,2.8,2.4,1.05,7.6
2016,313,4,25.1,9.4,16.3,81.6,24.8,53.9,1.05,14.73,0,18.1,14,16,19,18.6,18.9,3.1,2.8,120,26,9.4,5.1,4,3.8,.91,5.6
2016,314,4,23,7.3,14.7,73.1,19.4,42.2,1.08,14.98,0,17.7,13.1,15.3,18.7,18.2,18.5,3.1,2.8,123,25,9.1,3.8,4.1,3.8,.66,1
2016,315,4,20.9,6.7,13.5,75.5,32.1,52.3,.81,14.08,0,17.4,12.6,14.9,18.2,17.8,18,2.9,2.4,132,32,7.8,2.8,3.3,3.1,.79,3.5
2016,316,4,23.1,5.8,13.4,88.1,26.8,59.7,.78,14.16,0,17.8,12.5,15,17.8,17.5,17.7,2.2,1.9,128,30,6.5,3.7,3,2.9,.86,4.7
2016,317,4,22.8,6.2,13.9,79.4,26,53.4,.88,14.22,0,17.9,12.7,15.2,17.6,17.3,17.5,2.3,2,126,30,7.3,3.5,3.1,3,.8,3.7
2016,318,4,24.9,5.5,13.5,80.1,21.6,54.3,.89,14.38,0,18.1,12.7,15.2,17.5,17.2,17.3,1.6,1.2,127,37,4.6,4.3,2.8,2.7,.78,3.3
2016,319,4,25.6,2,12.3,84.4,12.5,50.1,1,14.45,0,17.6,12,14.8,17.4,17,17.2,1.4,1.1,118,35,5.2,4.4,3,2.7,.61,-.1
2016,320,4,26.3,3.7,13.4,71,13.1,43.4,1.13,14.24,0,17.7,11.8,14.6,17.1,16.8,17,1.7,1.4,120,36,4.9,4.8,3.3,3.1,.59,-.5
2016,321,4,26.2,4.4,14.1,69,13.1,41.9,1.14,11.46,0,17,12.1,14.6,17,16.7,16.8,1.7,1.2,137,44,5.2,4.9,2.6,3.1,.61,-.2
2016,322,4,21.5,4,13.5,74,9.2,36,1.12,13.69,0,16.9,12.6,14.8,16.8,16.6,16.7,3.1,2.2,314,43,10.8,2.8,4.1,3.7,.51,-3.5
2016,323,4,21.2,-2.5,9,63.1,11.5,32.4,.96,14.01,0,15.5,10.3,13,16.7,16.2,16.5,1.8,1.4,122,36,6,2.2,3.2,2.8,.32,-8.6
2016,324,4,21,5.1,12,47.5,17.3,30.6,1.07,13.65,0,15.4,10.8,13,16.3,15.9,16.1,4,3.3,128,33,10.9,2.7,4.4,4.4,.41,-5.3
2016,325,4,22.6,7.1,14.5,49.8,20.5,35,1.16,9.76,0,15.8,11.7,13.7,15.9,15.7,15.8,2.5,1.7,107,46,7.4,3.6,2.8,3.3,.56,-1.3
2016,326,4,22.4,9.6,14.5,84.5,31.9,61.4,.69,9.53,0,16.6,13.4,14.8,16,15.8,15.9,3.3,1.1,323,66,12.1,4,2.3,3.1,.99,6.8
2016,327,4,18.4,3.8,11.1,93.8,28,60.9,.61,13.5,0,16.4,12.3,14.3,16.1,15.9,16,1.8,1.2,304,46,6.7,1.6,2.6,2,.76,2.9
2016,328,4,21.2,2.2,9.8,73.3,22.4,51.6,.74,13.49,0,15.9,10.8,13.2,16,15.7,15.9,2,1.7,129,33,5.9,2.5,2.7,2.7,.58,-.7
2016,329,4,21.9,-1.5,8.7,81.3,8.8,43,.86,12.94,0,15.1,10,12.4,15.8,15.4,15.6,1.5,1.1,130,40,5.8,2.5,2.7,2.4,.4,-6
2016,330,4,20.8,1.2,10.2,48.5,16.9,32.3,.97,12.54,0,14.4,9.6,11.9,15.4,15,15.2,3.4,3,123,27,8.5,2.3,3.7,3.9,.38,-6.5
2016,331,4,19.9,2.6,12.2,63.2,23.9,49.4,.78,6.92,0,13.6,10.2,12,15.1,14.8,14.9,3.3,2.7,101,33,12.6,2,2,2.8,.71,1.7
2016,332,4,19.2,6.7,12.8,83.4,21.4,42.6,.89,11.51,1.27,15.1,12.2,13.6,14.9,14.8,14.8,4.2,3.5,307,33,11.3,2.1,3.3,3.7,.61,-.3
2016,333,4,11.1,3.9,7.6,89.7,39.3,66.9,.37,6.36,.25,13.4,10.5,11.7,15,14.7,14.9,2.8,2,297,45,9.2,0,1,1.6,.68,1.4
2016,334,4,12.2,-4,6.6,85.9,18.6,53.1,.51,13.24,0,12.7,9.7,11.1,14.8,14.4,14.6,2.9,2.2,301,38,9.2,0,2.7,1.9,.5,-3.6
2016,335,4,14,-5.6,2.8,74.9,17.4,47.7,.5,13.21,0,11.6,6.6,9,14.4,13.7,14.1,1.9,1.4,132,39,6.7,.1,2.3,2,.32,-8.5
2016,336,4,15.9,-7.2,4.6,71.6,18.1,42.9,.63,12.88,0,11.6,5.9,8.7,13.7,13.1,13.4,1.7,.4,130,71,5.8,.5,2.4,2.1,.33,-8.3
2016,337,4,17.5,-3,8.3,69.2,12.8,35.7,.82,13.06,0,12.7,7.6,10.2,13.1,12.9,13.1,1.9,.3,231,74,6.7,1,2.8,2.3,.35,-7.5
2016,338,4,16.5,2.5,9.8,88.8,35.2,60.3,.53,12.44,0,13.8,9.7,11.6,13.2,13,13.1,2.7,2.2,136,34,7.2,.9,2.4,2.1,.72,1.9
2016,339,4,17.6,-3.5,5.6,95.9,18.7,61.8,.5,12.96,0,12.9,8,10.5,13.4,13.1,13.3,1.1,.8,122,46,4,1,2,1.7,.5,-2.9
2016,340,4,16.6,-2.4,7,87.9,22,51.1,.61,12.15,0,12.6,7.6,10,13.2,12.9,13.1,1.7,.5,173,68,5.1,.7,2.1,2,.46,-3.8
2016,341,4,18.5,-2,6.9,74.7,21.6,49.4,.63,9.78,0,12.3,7.6,9.8,13,12.7,12.9,1.3,.5,86,64,4.2,1.3,1.7,1.8,.47,-3.8
2016,342,4,16.6,-1.4,8.1,82.8,38.7,57.3,.55,10.05,0,12.4,7.8,10.1,12.8,12.6,12.7,1.4,.5,284,65,5.3,.8,1.7,1.6,.62,-.2
2016,343,4,17.3,-1.1,8,90.3,31.4,62.6,.49,12.03,0,12.8,8.1,10.4,12.7,12.6,12.7,2.3,2,124,27,6.2,.9,2.2,2,.65,.7
2016,344,4,15.1,.6,7.2,83,37.9,62.7,.43,11.76,0,12.3,8.2,10.2,12.7,12.6,12.6,3.1,2.9,123,20,6.7,.4,2.1,2.1,.63,.3
2016,345,4,19.6,0,8.4,85.9,29.4,61.4,.53,11.99,0,13.1,8.2,10.5,12.7,12.5,12.6,2.1,1.7,119,33,6,1.8,2,2.2,.65,.7
2016,346,4,20.8,.6,10.2,86.7,26.8,55.2,.7,11.4,0,13.6,8.6,11,12.7,12.6,12.6,1.3,.4,278,69,6.1,2.3,2.1,1.9,.64,.6
2016,347,4,20.6,1.6,10.9,85,30.5,55.8,.71,11.48,0,14.1,9,11.5,12.8,12.6,12.7,1.7,.3,183,74,5.3,2.2,2.2,2.1,.7,1.7
2016,348,4,20.9,3.9,10.9,78.4,31.8,57.9,.67,10.75,0,14.5,9.8,12,13,12.8,12.9,1.4,.5,110,66,4.8,2.5,2,1.9,.72,2.3
2016,349,4,23.4,2.9,10.8,86.2,27.2,60,.69,11.31,0,14.7,9.6,12,13.1,13,13.1,.8,.5,109,48,4.6,3.5,1.9,1.6,.73,2.4
2016,350,4,22.8,2.1,10.6,80,30,57.8,.7,10.35,0,13.8,9.2,11.5,13.2,13.1,13.1,1.3,.8,132,74,4.2,3.1,1.8,2,.7,1.8
2016,351,4,21.4,5,13.6,87.1,33.5,58,.74,10.16,0,14.7,10.8,12.4,13.2,13.1,13.1,2.2,.4,331,74,7.8,2.9,2.2,2.2,.88,5
2016,352,4,17,-3.3,8.5,88.6,28.4,55,.56,11.99,1.78,13,9.5,11.8,13.4,13.2,13.4,6.2,4.1,266,47,24.3,.9,3.2,3.1,.61,-.6
2016,353,4,11.8,-6.3,2.6,92.1,30.6,63.3,.36,12,0,10.4,6,8.4,13.4,12.6,13,2.3,2.1,123,28,6.9,0,1.9,1.7,.44,-4.5
2016,354,4,16.5,-.7,7.1,69.9,20.7,45.8,.64,12.11,0,11.2,6.5,8.7,12.6,12,12.3,3.4,3,119,30,7.4,.7,2.8,2.9,.43,-4.7
2016,355,4,16.9,.7,8.7,62.3,22.4,43.1,.71,10.98,0,11.7,7.5,9.5,12.1,11.9,12,3,2.8,123,22,7.2,.9,2.7,2.7,.47,-3.7
2016,356,4,17.3,8.1,12.1,86.5,40.9,64.9,.52,5.56,.25,12.2,10,10.9,12.1,11.9,12,2.2,1.6,95,44,6.2,1.4,1.1,1.8,.92,5.4
2016,357,4,18.6,9.4,13.4,96.2,70.4,87.3,.2,4.37,13.46,13.4,11.5,12.2,12.5,12.1,12.3,4,2.2,102,54,10.9,2.2,.6,1.4,1.35,11.3
2016,358,4,16.9,3,9.5,98.8,45.4,82,.27,12.3,0,13.7,8.9,11.3,12.7,12.5,12.6,1.2,.1,243,76,4,1,1.6,1.3,.95,6.2
2016,359,4,21.1,2.8,10.2,94.1,21.5,70.3,.5,11.93,2.03,12.4,8.6,10.4,12.7,12.5,12.6,6,2.1,138,65,17.5,2.5,3.2,3.6,.83,4.1
2016,360,4,8.9,-.5,4.5,95.1,52,79.2,.19,9.83,.51,10.7,7.8,9.1,12.5,12.2,12.4,1.9,.7,299,63,6.3,0,1.1,1,.66,1
2016,361,4,12.7,-2.8,4,97.1,40,77.8,.24,12.4,0,9.7,5.2,7.4,12.2,11.6,11.9,1.9,1.7,129,25,5.4,0,1.6,1.4,.61,0
2016,362,4,15.7,.6,7.2,93.8,34.1,69.8,.39,11.85,0,10.6,5.5,7.9,11.6,11.1,11.4,2.4,2.1,115,28,6,.6,1.8,1.9,.68,1.3
2016,363,4,15.6,-.2,6.8,96.7,42.5,76.9,.29,9.12,0,10.2,6,8.1,11.2,11,11.1,.8,.1,120,75,2.7,.5,1,1.1,.74,2.5
2016,364,4,15.8,4.2,9,93.6,41.5,73.5,.36,5.02,0,10.1,7.6,8.8,11.1,11,11.1,3.4,3,141,29,10.2,.7,1,1.9,.82,4.1
2016,365,4,13.6,7.6,10.2,89.2,52.5,70.2,.39,7.24,0,11.6,8.7,9.9,11.2,11,11.1,3.2,3,132,22,6.7,.1,1.2,1.7,.87,4.9
2016,366,4,13.4,7.7,9.9,99.4,78.1,91.8,.11,6.23,11.94,12.1,9.5,10.7,11.6,11.2,11.4,1.5,.4,222,69,6.7,.1,.4,.9,1.12,8.6
