2016,1,5,18,-3.7,6.9,79.6,29.1,54.7,.58,11.86,0,9.6,.5,4.7,13.4,13.1,13.3,1.8,.8,83,62,6.1,1.1,2,2,.52,-2.4
2016,2,5,19.2,8.4,12.9,57.8,29.9,45.2,.87,11.93,0,11.1,4.4,7.2,13.5,13.2,13.3,4.9,4.8,74,12,11.2,2.3,3.7,3.9,.66,1
2016,3,5,20.1,9.3,14.4,54.1,27.6,40.2,1.03,10.81,0,11.7,5.9,8.6,14,13.5,13.8,5.5,5.3,80,13,9.8,2.8,4.1,4.5,.64,.7
2016,4,5,15,9.3,12.3,93.2,34.9,66.1,.51,3.38,4.06,9.5,8,8.7,14.4,14,14.3,3.9,3.5,90,27,11.1,.6,1.2,2,.93,5.4
2016,5,5,16.3,8.7,11.6,96.6,68.2,87.9,.18,6.67,9.91,12,7.3,9.2,14.6,14.4,14.5,2.2,1.3,106,52,7.6,1.1,.7,1.2,1.2,9.6
2016,6,5,15.2,6.3,10.6,95.6,45.6,80.8,.27,7.98,8.89,10.1,6.9,8.5,14.8,14.6,14.7,2.2,1.2,218,55,12.4,.5,1,1.3,1.02,7.2
2016,7,5,10.1,3.3,7.5,97.2,78.1,90.5,.1,1.82,14.48,6.9,4.6,6.2,14.7,14.2,14.5,2.6,1.7,185,47,10.1,0,0,.4,.94,6.1
2016,8,5,11.7,3.5,7.1,97.7,63.2,86.2,.16,4.08,.76,7.1,3.6,5.2,14.2,13.5,13.9,1.1,.6,185,57,3.9,0,0,.8,.86,4.8
2016,9,5,14.2,1.1,7.3,95.5,48.7,78.9,.26,12.43,0,10.1,2.7,6,13.6,13.3,13.4,1,.7,170,43,3.5,.2,1.5,1.2,.79,3.5
2016,10,5,13.9,.8,6.6,97.3,43.4,80.6,.24,8.23,0,8.9,3,5.5,13.5,13.1,13.4,.9,.6,337,49,3.2,.2,.8,1.1,.77,3.2
2016,11,5,14,-.8,6.1,98.1,31.6,74.2,.33,12.53,0,8.9,1.9,5.2,13.3,13,13.2,1.2,.3,336,70,5.5,.1,1.8,1.3,.67,1.1
2016,12,5,16.5,-1.5,6.7,95.2,27.9,67.2,.43,12.67,0,8.1,1,4.2,13.1,12.7,12.9,1.9,1.3,17,47,7.6,.8,2.2,1.9,.62,.2
2016,13,5,18.2,-1.3,6.8,93.1,24.6,68.5,.43,12.82,0,8.7,.9,4.5,12.8,12.5,12.6,1.5,.1,181,79,6.1,1.3,2,1.8,.65,.7
2016,14,5,17.2,-1.7,6.7,94.9,28.8,70.8,.4,12.44,0,9.6,1.3,5,12.8,12.5,12.7,1,.2,86,74,3.2,1,1.7,1.5,.66,1
2016,15,5,16.3,-.1,6.3,94.9,35.3,74.3,.33,7.76,0,8.2,2.4,4.8,13.1,12.8,12.9,1,.1,348,77,7.3,.7,.8,1.3,.69,1.5
2016,16,5,15.9,-1.9,6.7,96.2,40.5,74.8,.33,11.18,0,9,1.5,5.1,13.1,12.9,13,1,.4,353,63,3.4,.6,1.5,1.3,.71,2
2016,17,5,18.4,-.3,8.5,95.4,35.6,72.9,.41,12.52,0,10.7,2.9,6.5,13.2,12.9,13.1,1.1,.4,94,64,3.9,1.3,1.8,1.6,.78,3.3
2016,18,5,19,-.5,8.4,95.1,30.6,72.1,.42,9.46,0,9.8,2.8,6,13.4,13.1,13.2,1.1,.2,118,74,4.2,1.5,1.2,1.5,.77,3
2016,19,5,19,-.2,9,94.9,30.8,69.1,.49,12.05,0,10.2,2.8,6.4,13.4,13.1,13.2,1.4,.2,318,76,7.6,1.5,2,1.8,.74,2.6
2016,20,5,20.2,2.6,10.3,92.1,31.2,66.7,.54,12.75,0,11.7,4.1,7.4,13.4,13.2,13.4,1.5,.5,154,65,9.1,2.1,2.1,2,.79,3.6
2016,21,5,20,.3,9.6,94.8,13.5,58.3,.68,13.51,0,11.8,3.5,7.2,13.7,13.4,13.6,1.6,1,16,49,5.8,2,2.6,2.3,.61,-.1
2016,22,5,22.4,-.1,11.1,85.6,13.8,49.6,.84,13.21,0,12,3.6,7.3,13.7,13.5,13.6,1.4,.8,49,51,5.9,2.8,2.7,2.3,.6,-.4
2016,23,5,23.1,1.1,10.6,88.6,17.9,56.7,.75,11.81,0,11.7,4.1,7.7,13.7,13.6,13.6,1.1,.4,176,66,3,3.2,2.1,2.1,.66,1
2016,24,5,18.2,2.6,9.6,87.6,21.1,55.5,.65,13.79,0,11.7,4.6,7.8,14,13.7,13.9,2.3,1.1,225,58,7.2,1.4,3,2.6,.61,-.1
2016,25,5,17.7,.4,8.1,91.6,23.4,59.5,.56,12.93,0,12,4.1,7.4,14.3,14,14.2,1.1,.1,118,78,3.3,1.2,2.1,1.8,.6,-.4
2016,26,5,18.7,2.2,9.8,78.2,12.4,38.9,.84,14.44,0,12.1,3.9,7.4,14.5,14.2,14.4,2.4,1.9,8,35,6.6,1.6,3.4,3,.43,-4.7
2016,27,5,19.9,-.7,8.6,73.5,15.6,45.1,.77,14.26,0,12.2,3.1,7.2,14.5,14.2,14.4,2,1,45,57,9,1.9,3.2,2.8,.46,-3.8
2016,28,5,21.5,-.2,8.9,83.3,15.9,52.4,.72,13.51,0,12.8,3.6,7.6,14.4,14.1,14.3,1.2,.2,38,72,4.6,2.4,2.4,2.2,.54,-1.7
2016,29,5,21.1,-1.7,8.9,85.9,21.9,57.3,.67,13.45,0,12.5,3.5,7.7,14.4,14.1,14.2,1.3,.3,43,72,5.1,2.2,2.4,2.2,.61,-.2
2016,30,5,25.6,.6,12.1,85.5,14.5,49.3,.98,14.13,0,13.9,4.2,8.6,14.4,14.2,14.3,1.5,.6,184,62,6.1,4.1,3,2.9,.61,-.1
2016,31,5,25.6,3.8,15.6,87.3,18.8,43.1,1.2,13.36,1.78,14.1,5.5,9.9,14.6,14.3,14.5,4.6,3.9,205,31,17.3,4.5,4.6,5,.71,2
2016,32,5,12,2.3,8.1,82.9,37.8,56.9,.47,5.31,.25,11.6,4.8,7.3,15,14.6,14.8,4.6,4.4,247,20,17.5,0,1.5,2.2,.61,-.1
2016,33,5,11.1,-2.7,4.7,82.5,19.4,49.5,.48,15.22,0,9.4,1.7,5.1,14.7,13.9,14.3,2.5,1.6,292,49,7.8,0,2.7,2.1,.4,-6
2016,34,5,13.1,-5.8,3.7,92,20,54.2,.47,15.55,0,9.9,.1,4.4,13.9,13.3,13.6,1.2,.4,17,65,5.3,0,2.4,1.7,.39,-6.1
2016,35,5,16.2,-4.3,5.5,82.5,12.2,45.8,.64,14.44,0,9.8,.4,4.6,13.4,13.1,13.2,2,1.5,358,41,8,.6,2.9,2.5,.36,-7.3
2016,36,5,18.7,-2.3,8.5,72.5,13.8,38.4,.82,15.59,0,11.3,1.4,5.8,13.4,13.2,13.3,2.4,2,1,34,8.8,1.4,3.7,3.2,.39,-6.1
2016,37,5,21.7,1.3,11,58.7,11.4,32.6,1.04,16.02,0,12.5,2.3,6.9,13.7,13.4,13.6,2.7,2.1,44,38,8.9,2.7,4.3,3.9,.38,-6.2
2016,38,5,24.1,-1.2,11.7,73.3,13,37.8,1.09,16.08,0,14,3,8,14,13.7,13.9,1.5,.9,332,53,5.1,3.4,3.7,3.1,.46,-3.9
2016,39,5,26.2,2.2,14.5,70.3,13,39.5,1.26,16.18,0,15,4.8,9.5,14.5,14,14.3,2.6,1.9,56,42,9.9,4.6,4.6,4.2,.58,-.8
2016,40,5,26.3,4.9,16.4,63.2,13.7,33.3,1.42,16.18,0,15.9,6,10.5,15,14.5,14.8,2.4,1.8,52,41,9.1,4.9,4.7,4.1,.59,-.7
2016,41,5,28.5,3.3,15.9,71,10.4,38.1,1.36,15.96,0,17,6.3,11.1,15.4,15,15.2,1.7,.7,49,62,6.9,5.6,3.9,3.7,.63,.3
2016,42,5,27.8,3,14.4,78.1,12.4,46.1,1.17,16.72,0,17.6,6.7,11.7,15.7,15.4,15.6,1.4,.4,39,67,3.5,5.4,3.7,3.3,.67,1.3
2016,43,5,28.6,2.2,14.3,83.7,12.4,49.7,1.18,16.99,0,17.8,7.1,11.9,16.2,15.7,16,1.4,.5,58,64,4.8,5.6,3.8,3.4,.69,1.7
2016,44,5,28.4,2.1,14.1,86.7,12.4,47.9,1.18,16.98,0,18.3,7.3,12.2,16.8,16.2,16.5,1.2,.2,87,73,3.1,5.4,3.6,3.2,.66,1
2016,45,5,26.4,2.4,13.8,81.6,14.1,46.4,1.11,16.5,0,17.8,7.5,12.3,17.1,16.8,17,1.4,.2,201,75,6,4.7,3.7,3.2,.64,.6
2016,46,5,27.3,3.2,15,81.2,12.3,43.5,1.28,17.01,0,18.4,7.9,12.7,17.4,17.1,17.2,1.5,.7,309,60,6.1,5.1,4.1,3.5,.63,.3
2016,47,5,28.6,3.4,14.9,79,14.2,46.8,1.24,17.29,0,19.1,8.2,13.1,17.6,17.3,17.4,1.6,.2,30,75,5.2,5.8,4,3.7,.7,1.8
2016,48,5,30.1,3.8,16.5,80.5,13.3,45.9,1.37,17.46,0,20,8.6,13.7,17.8,17.5,17.6,1.2,.5,146,61,3.5,6.5,3.9,3.4,.77,3.1
2016,49,5,28.7,6.8,16.5,70.3,11.2,41,1.35,10.79,0,16.8,9.6,13.2,18,17.8,17.9,1.9,.5,181,70,7.8,6.4,2.9,3.8,.69,1.6
2016,50,5,28.4,5.3,15.9,81.3,11.6,47.4,1.22,11.81,0,18,10.2,13.4,18,17.9,18,1.3,.5,354,62,5.8,6,2.6,3.1,.77,3
2016,51,5,28.2,2.9,15.3,79,12.4,44.8,1.29,17.21,0,19.6,8.7,13.6,18.2,17.9,18,1.3,.5,353,64,4,5.5,3.9,3.4,.67,1.2
2016,52,5,28.6,3.3,14.9,81.6,12.3,46.6,1.23,17.98,0,20.1,9.1,14,18.3,18,18.2,1.5,.5,154,67,4.7,5.8,4,3.7,.69,1.5
2016,53,5,26.9,2.9,16.2,77.4,10.9,34.6,1.54,18,0,19,8.7,13.7,18.5,18.2,18.4,3.6,2.4,283,46,10.9,5,5.8,5.6,.51,-2.8
2016,54,5,21.5,1.9,13.6,73.4,11.5,31.3,1.22,18.38,0,18.7,9.7,13.9,18.6,18.3,18.5,2.2,1.4,341,50,8.4,2.7,4.6,3.8,.43,-5
2016,55,5,22.9,5,13,52.9,12.7,33.5,1.1,18.4,0,17.6,8,12.4,18.6,18.2,18.4,3.3,2.6,38,37,11.1,3.5,5,4.8,.49,-3.1
2016,56,5,27.5,3.8,14.9,65.3,10.3,33.5,1.4,18.52,0,19.2,7.6,12.9,18.3,17.9,18.1,2.1,1.4,46,46,9.3,5.3,4.9,4.4,.5,-2.8
2016,57,5,31.6,2.3,16.5,68.6,8.1,34.5,1.67,18.65,0,20.5,8.6,14,18.3,18,18.1,1.6,.5,68,67,7.3,6.8,4.8,4.4,.51,-2.4
2016,58,5,29.5,4.2,16.4,70.5,9.9,35.5,1.56,18.2,0,20.6,9.5,14.6,18.5,18.2,18.4,1.3,.2,51,76,5.4,6.3,4.4,3.8,.55,-1.6
2016,59,5,29.7,5,16.4,72.7,9.9,36,1.55,18.33,0,20.9,9.5,14.8,18.8,18.5,18.7,1.3,.2,182,74,5.8,6.4,4.4,3.8,.55,-1.5
2016,60,5,30.3,6.7,17.4,69,11,36.1,1.61,18.31,0,21.5,10.6,15.5,19,18.7,18.9,1.2,.2,95,73,4.2,7,4.3,3.7,.61,-.2
2016,61,5,30.7,5.2,17.8,77.2,10.8,38.4,1.65,18.11,0,21.7,10.6,15.8,19.4,19,19.2,1.1,.2,142,75,4,6.9,4.2,3.7,.65,.7
2016,62,5,31.2,6.2,18,70.6,10.4,37,1.67,18.52,0,22.2,11.2,16.2,20,19.4,19.7,1.2,.3,55,72,5.4,7.3,4.4,3.9,.65,.8
2016,63,5,31.1,7.3,18.2,71.9,8,36.7,1.68,18.09,0,22.3,12,16.6,20.4,20,20.2,1,.5,53,60,3.3,7.4,4.2,3.6,.64,.5
2016,64,5,32.3,5.9,18.4,71.6,6.6,34.2,1.75,19.21,0,23,11.8,16.9,20.6,20.4,20.5,1.2,.2,55,72,4.6,7.6,4.7,4,.61,-.2
2016,65,5,29.4,6.4,18.1,67.8,9.8,33.9,1.64,16.44,0,21.6,12,16.6,20.9,20.6,20.8,1.5,.1,202,78,5.2,6.5,4.1,4,.61,-.2
2016,66,5,27.8,12.5,19.2,64.1,12.5,36.3,1.59,12.77,0,20.5,14.2,17,21,20.8,20.9,2.8,1.8,231,48,12.7,7.4,4,4.9,.73,2.3
2016,67,5,21.7,6,14.1,74.6,15.9,38.4,1.09,16.2,0,19.8,12.1,15.8,21,20.7,20.9,2.7,1.7,256,50,11.4,3.1,4.1,4.1,.58,-1
2016,68,5,21.4,5.7,13.2,86.1,18,48,.91,20.43,0,20.3,11.6,15.4,20.8,20.4,20.6,2.3,1.1,266,58,8.3,2.9,4.4,3.9,.66,1
2016,69,5,25.2,1.6,13.7,78.6,10.4,42.8,1.19,20.59,0,20.9,10,15.1,20.6,20.2,20.4,1.7,.1,281,79,5.9,4.1,4.7,4,.56,-1.4
2016,70,5,28.9,4.5,16,75.5,10.3,37.6,1.47,20.93,0,22.4,10.8,16,20.5,20.1,20.3,1.3,.4,134,67,4,6,4.7,4,.58,-.7
2016,71,5,31.7,4.4,18.1,73.5,8.5,34.8,1.77,17.08,0,21.2,11.3,16.1,20.6,20.3,20.5,2.3,1.5,220,47,10.2,7.1,4.9,5.4,.59,-.7
2016,72,5,21.1,7.1,15.1,65.9,19.9,37.7,1.14,21.22,0,20.8,12.9,16.4,20.9,20.5,20.8,3.7,3,251,35,9.9,2.9,5.6,4.8,.62,0
2016,73,5,25.6,2.4,14.2,81.4,13.2,41.8,1.2,21.23,0,21.5,10.4,15.7,21.1,20.7,20.9,1.3,.1,183,78,7.4,4.3,4.6,3.7,.59,-.6
2016,74,5,26.1,4.7,16,80.2,16.8,42.5,1.28,20.69,0,22.4,11.8,16.7,21.1,20.8,21,1.8,.4,242,71,6.5,4.8,4.9,4.2,.7,1.8
2016,75,5,28.5,5.4,16.9,78.3,9.8,41.1,1.44,21.12,0,23.1,12,17.2,21.3,21,21.1,1.3,.1,223,79,5.7,6,4.9,4.1,.68,1.3
2016,76,5,30.4,2.9,16.9,82.2,7.5,37.9,1.62,22.21,0,23.7,11.9,17.4,21.5,21.2,21.3,1.2,.1,59,77,4.8,6.5,5.2,4.3,.58,-1
2016,77,5,31.1,5.2,17.6,75.4,7,34.4,1.74,22.41,0,24,12.3,17.7,21.9,21.5,21.7,1.4,.2,335,75,6.1,7.1,5.5,4.7,.55,-1.7
2016,78,5,30.7,5.5,18.3,67.9,8.2,32.2,1.82,22.57,0,24.2,12.6,18.1,22.2,21.9,22.1,1.6,.4,218,69,7.1,7,5.8,4.9,.56,-1.4
2016,79,5,30.8,7.8,19.1,67.7,7.9,33.7,1.8,22.41,0,24.7,13.7,18.8,22.5,22.2,22.4,1.6,.2,282,77,7.4,7.4,5.8,4.9,.64,.4
2016,80,5,32.4,7.2,19.9,70.4,8.2,32.2,1.97,22.39,0,25,13.8,19,22.8,22.5,22.6,1.3,.7,61,54,7.2,7.8,5.5,4.8,.65,.6
2016,81,5,33.1,7.8,20.6,70.6,8.5,30.5,2.08,22.89,0,25.8,14,19.5,22.9,22.7,22.8,1.3,.3,252,71,5.8,8.1,5.9,4.8,.63,.4
2016,82,5,27.7,9.5,19.5,64,10.9,28.9,1.83,23.24,0,23.7,15.2,19.3,23.2,22.9,23,4.7,3.5,262,41,12.6,6.4,8.3,7.4,.57,-1.2
2016,83,5,22.7,5.1,16,56.5,7.2,20.2,1.53,23.97,0,22.6,14.3,18.1,23.2,22.8,23,3.7,3,303,35,10.6,3.4,7,5.9,.34,-8.1
2016,84,5,26,1.2,14.4,74.2,7.7,31.1,1.44,24.28,0,23,11.4,16.9,23,22.4,22.7,1.4,.3,338,72,6.1,4.3,5.7,4.4,.41,-5.4
2016,85,5,28.6,4.6,16.8,60.8,7.7,25.8,1.74,24.16,0,23.4,12,17.4,22.6,22.2,22.4,2.3,1.1,215,59,7.3,6,6.5,5.7,.4,-5.7
2016,86,5,29.5,8.2,18.9,57.5,8.7,23.4,1.96,24.31,0,23.6,12.9,18,22.5,22.2,22.4,2.7,1.3,252,58,10.7,7.1,7.2,6.4,.43,-4.9
2016,87,5,30.1,4.3,18.5,64.9,8.4,28.1,1.89,24.31,0,24.4,12.8,18.4,22.6,22.3,22.4,2,.9,215,61,8,6.5,6.5,5.6,.5,-2.9
2016,88,5,29,8.9,19.5,66.3,14.2,33.9,1.72,20.1,0,22.4,14.4,18.4,22.7,22.5,22.6,4.4,3.9,205,29,12.2,6.9,7.1,7,.71,2
2016,89,5,20,9.8,15,61.5,17.1,37.3,1.09,14.48,0,19.8,15.3,17,22.8,22.5,22.7,4.1,3.2,246,37,10.1,2.8,4.2,4.7,.63,-.1
2016,90,5,20.4,5.8,13.2,66.7,14.7,34.9,1.08,23.55,0,21.6,12.4,16.5,22.5,22,22.3,2.4,1.5,240,49,8.2,2.5,5.4,4.6,.5,-3.1
2016,91,5,21.2,1.6,12.4,76.8,15.5,36.5,1.08,22.08,0,20.9,11.1,15.9,22.2,21.8,22,1.9,.7,224,64,8,2.5,4.9,4.1,.47,-3.6
2016,92,5,24.6,4.8,15.3,62.8,14.2,34.2,1.34,24.7,0,22.9,11.2,16.7,21.9,21.6,21.8,1.4,.6,148,63,7.7,4.2,5.6,4.4,.54,-1.7
2016,93,5,27.9,5.2,17.3,77.8,10.2,34.8,1.58,25.24,0,24,12.5,17.9,22.1,21.7,21.9,1.7,.5,43,67,6.4,5.8,6.2,5.1,.59,-.5
2016,94,5,31.3,6.3,19.4,61,7.2,26.9,1.98,25.72,0,25.2,13.4,18.9,22.6,22.1,22.4,1.8,.9,26,58,7.8,7.3,6.8,5.7,.52,-2.3
2016,95,5,32.9,6.8,20.5,63.1,6.1,27.5,2.17,25.33,0,26.1,14,19.7,23.1,22.6,22.9,1.4,.4,145,69,5,7.9,6.4,5.5,.54,-2
2016,96,5,33.1,9.9,21.1,69.8,7.6,28.7,2.12,23.3,0,25.9,15.7,20.4,23.7,23.1,23.5,1.7,.3,178,75,6.4,8.8,6.2,5.8,.61,-.3
2016,97,5,35.5,8.6,22.3,68.7,4.5,28.3,2.4,24.16,0,26.8,15.6,20.9,24.3,23.7,24,1.4,.3,16,72,6.6,9,6.4,5.7,.62,-.1
2016,98,5,30.4,14.6,22.5,87.3,9,33.9,2,12.53,2.29,23.7,18.1,20.8,24.7,24.3,24.6,2.8,1.8,198,48,13.6,9.7,4.1,5.5,.84,3.9
2016,99,5,26.4,13.3,19.3,97.2,29.5,69.2,.83,17.76,3.56,24.4,16.2,19.6,24.8,24.5,24.6,2.1,.5,224,71,9.1,7.1,3.9,4,1.47,12.6
2016,100,5,28,11.4,19.5,92.4,16.4,54.1,1.22,24.59,0,26.5,15.1,20.2,24.6,24.2,24.4,2,1.3,183,46,8,7.1,5.7,5.1,1.13,8.5
2016,101,5,20.6,10.3,14.9,95.8,41.4,70.4,.53,11.72,3.56,19.2,14.2,17,24.7,24.1,24.5,2.7,1.5,198,53,11.9,3.2,2.2,2.9,1.18,9.2
2016,102,5,24.3,8,16.3,98.6,27.6,65.4,.81,24.81,0,24,11.5,17.1,24.1,23.2,23.6,1.3,.7,346,56,5,4.5,4.9,4.1,1.13,8.6
2016,103,5,27,9.1,18.4,91.7,19.5,54.2,1.22,24.54,0,25.2,13.1,18.6,23.5,23.2,23.4,1.7,.8,226,60,7.3,6.1,5.6,4.8,1.02,7.1
2016,104,5,29.5,10.3,20,84.6,17.4,48.9,1.49,25.85,0,27.5,14,20.2,23.8,23.4,23.6,1.1,.3,88,70,5.9,7.5,5.8,4.9,1.01,7
2016,105,5,31.9,10.1,21.9,81.1,12.4,40.6,1.95,25.3,0,28,15.3,21.3,24.3,23.8,24,1.9,.9,251,57,8.8,8.4,6.6,5.9,.9,5.1
2016,106,5,27.4,10.7,19.8,71.3,9.1,31.1,1.77,25.66,0,25,16.1,20.5,24.6,24.3,24.5,5.5,4.1,276,41,16.2,6.5,9.2,8.1,.63,-.6
2016,107,5,25.6,7.6,17.4,62.3,12.2,29.9,1.55,26.41,0,24.9,14.6,19.6,24.6,24.2,24.4,2.5,1,293,63,11.9,5,6.8,5.8,.53,-2.1
2016,108,5,26.5,9.1,18.5,60.3,12.3,29.9,1.69,26.53,0,25.7,14.4,19.8,24.4,24,24.2,1.9,1.1,348,52,9,5.8,6.7,5.5,.57,-1.2
2016,109,5,28.4,8.3,19.3,69.7,9.7,29.3,1.85,26.98,0,25.9,14.5,20,24.4,24.1,24.2,1.9,.7,310,63,10.2,6.5,7,5.8,.56,-1.5
2016,110,5,31.9,7.6,20.7,59.6,7.6,26.2,2.17,26.26,0,26.9,14.7,20.5,24.5,24.1,24.3,1.6,.1,269,78,7.1,7.8,6.9,5.9,.53,-2.2
2016,111,5,34.2,10,22.6,62.2,6.3,25.2,2.49,26.91,0,27.9,15.5,21.4,24.7,24.4,24.5,1.5,.4,274,70,8.5,9.1,7.3,6,.55,-1.7
2016,112,5,36.1,9.5,24,65.6,6.2,24.8,2.78,25.9,0,28.6,16.1,22.1,25,24.7,24.8,1.5,.3,255,73,8.2,9.3,7,6.3,.57,-1.3
2016,113,5,36,12.5,24.7,56.1,6.6,22.8,2.83,26.65,0,29,17.6,23.1,25.5,25,25.2,2.5,1.6,210,49,10.2,10.2,8.2,7.8,.59,-.7
2016,114,5,31.2,13,23.3,66.8,12.3,28.9,2.26,26.15,0,27.5,18.5,22.8,25.8,25.5,25.7,4,2.8,258,44,12.5,9.2,8.9,8.1,.75,2.3
2016,115,5,31.5,8.5,21.2,63.3,7,23.5,2.22,27.18,0,27.8,16.8,22.1,25.9,25.5,25.8,2.4,1.4,204,53,8.4,7.9,7.6,6.9,.5,-3
2016,116,5,27.3,14.6,21.4,50.7,5.5,23.8,2.03,26.59,0,25.5,18.5,21.6,25.9,25.6,25.8,5.9,4.8,248,34,15.9,8.2,9.9,9,.57,-2.4
2016,117,5,24.3,8.5,17.1,62.9,15.8,31.3,1.45,26.4,0,25.5,16.4,20.6,25.8,25.4,25.6,3.2,2.3,249,42,10.1,4.6,6.9,6.2,.57,-1
2016,118,5,28.3,7.4,18.8,70.1,10.9,31.2,1.75,23.49,0,25.4,15.1,20.1,25.5,25,25.3,1.8,1.1,212,52,7.6,6.2,5.8,5.4,.58,-.7
2016,119,5,24.7,10.9,18.5,56.5,12.6,27.1,1.63,27.34,0,25.1,16.4,20.5,25.3,25.1,25.2,3.9,3.1,266,37,11.8,5.3,8.1,6.9,.56,-1.5
2016,120,5,26.6,9.1,18.7,67.9,18.6,36.5,1.54,24.63,0,24.9,16.3,20.2,25.5,25.2,25.3,3.2,2.2,243,47,10.8,5.8,6.9,6.3,.73,2.5
2016,121,5,27.6,10.3,18.2,90.6,14.9,46.9,1.32,19.54,.25,23.2,16.1,19.7,25.5,25.3,25.4,3.6,1.2,182,66,14.4,6.6,5.7,6,.89,4.9
2016,122,5,25.5,11.8,18,91.3,28.4,58.7,.98,20.19,0,24.5,16.2,19.8,25.5,25.1,25.2,1.3,.4,62,65,6.3,6,4.1,4.1,1.14,8.8
2016,123,5,30.7,9.8,20.6,78.6,13,41.2,1.74,27.44,0,27.6,15.8,21.3,25.4,25.1,25.2,2.1,1,34,57,7.8,7.9,6.9,6.2,.87,4.9
2016,124,5,34.2,13.2,23.9,63.9,10.2,31.1,2.37,27.76,0,29.6,17.5,23.2,25.9,25.4,25.6,1.5,.5,322,66,5.4,10.1,7.1,6.3,.81,3.8
2016,125,5,39,11.5,26.3,70.6,6.6,29.4,3.01,27.98,0,30.5,18.4,24.4,26.5,25.9,26.2,2,.8,191,64,9.9,10.2,8.1,7.7,.82,3.7
2016,126,5,34.6,12.2,24.9,62.9,8,27.3,2.65,28.47,0,29.5,19.7,24.6,27.1,26.5,26.9,3.5,2.8,195,36,13.4,9.6,9.3,8.7,.75,2.6
2016,127,5,26.2,13.3,20.1,68,15.4,38.9,1.55,28.6,0,26.9,19.8,23.2,27.3,27,27.2,4.5,4,224,28,13.5,7,8.5,7.3,.87,4.7
2016,128,5,25.3,9.6,17.8,95.7,23.1,56.5,1.06,28.11,2.79,27.8,16.9,22,27.2,26.6,26.9,2.1,.7,288,66,13.2,5.3,6.1,5.3,1.07,7.8
2016,129,5,25.8,12.4,19.4,83.1,22.4,47.4,1.31,25.26,0,27.1,17.9,22.1,26.9,26.5,26.7,2.1,1.4,225,47,8.1,6.3,5.9,5.4,1,6.7
2016,130,5,29.3,9.3,20.3,86.6,15.1,44.5,1.61,28.3,0,28.5,16.7,22.3,26.7,26.3,26.5,1.8,.6,196,67,7.3,7.2,6.8,5.8,.93,5.7
2016,131,5,33,10.5,22.6,76.7,12,37.5,2.06,28.48,0,29.8,17.8,23.6,26.8,26.5,26.6,1.8,.4,252,70,7,8.9,7.2,6.4,.9,5.3
2016,132,5,34.2,10.9,23.8,76.6,11.4,36.6,2.25,27.99,0,30.9,19,24.7,27.2,26.8,27,1.3,.2,48,74,6.8,9.2,6.9,6,.94,5.9
2016,133,5,38.1,12.1,25.6,76.9,7.2,32.8,2.78,26.63,0,31.2,19.6,25,27.7,27.2,27.4,1.4,.1,78,78,4.9,10.3,7,6.5,.87,4.7
2016,134,5,38.8,13,27.1,67.9,7.6,28.2,3.13,26.32,0,31.3,20.3,25.7,28.2,27.6,27.9,2.1,1.2,213,53,6.4,10.9,7.7,7.6,.83,4.1
2016,135,5,36.9,15.6,27.2,64.2,14.3,32.4,2.79,25.55,0,31.2,21.4,26.2,28.6,28.2,28.4,2.6,2.1,213,35,10.5,11.8,7.9,7.8,1.08,8
2016,136,5,33.5,13.1,25,70.3,9,29.2,2.58,28.79,0,30.2,20.9,25.5,28.9,28.6,28.7,3.2,2.6,214,36,11.4,9.9,9.3,8.3,.8,3.3
2016,137,5,32.8,13.6,24.2,66,10.2,28.6,2.43,28.53,0,30.7,20.2,25.3,28.9,28.5,28.7,2.4,1.5,219,50,7.4,9.9,8,7.3,.77,3
2016,138,5,31.9,12.7,23.7,68.9,13.1,31.7,2.26,28.04,0,29.7,20.7,25.2,28.9,28.5,28.7,3.7,2.2,257,52,12.8,9.3,8.7,8.2,.84,4.3
2016,139,5,29.4,15.6,22.6,68.7,21.9,41,1.74,24.02,0,29.1,21.6,25.2,28.9,28.6,28.7,2.1,.4,55,73,9.6,9.7,6.2,5.9,1.08,8
2016,140,5,33.5,13.7,24.3,69.9,14.8,35.8,2.26,28.68,0,31.2,20.1,25.4,28.9,28.5,28.7,1.4,.2,165,74,6.4,10.2,7.3,6.3,.98,6.6
2016,141,5,36,16.9,27.3,56.1,8.7,25.5,3.01,29,0,30.3,21.3,25.7,29,28.7,28.8,4.3,3.8,196,27,11.2,12.2,10.4,10.1,.81,3.7
2016,142,5,32.6,15.5,25,57.4,10.6,24.8,2.57,27.19,0,28.6,21.3,24.8,29.1,28.8,29,4.9,4.2,200,30,12.6,10.9,10.1,9.7,.71,1.9
2016,143,5,31.4,12.7,23,62.3,12.3,29.4,2.23,29.38,0,28.5,19.6,24,29,28.5,28.8,3.2,2.6,225,34,11.4,9.2,8.9,7.9,.75,2.7
2016,144,5,32.7,10.4,23.1,59.8,9.8,24.1,2.45,30.65,0,29.9,19,24.3,28.8,28.4,28.6,2.3,1.4,218,57,9.1,8.8,8.5,7.6,.58,-.9
2016,145,5,32.1,12.2,23.3,61,9.9,23.9,2.41,31.02,0,29.5,19.5,24.5,28.8,28.5,28.6,2.5,1.5,230,52,9.2,9.1,8.8,7.7,.61,-.2
2016,146,5,32.1,10.9,22.4,68.2,8.9,27.3,2.28,30.15,0,28.9,19.2,24,28.8,28.4,28.6,3.5,2.9,205,31,11.3,8.6,9.4,8.5,.63,0
2016,147,5,28.4,10.3,20.8,61.5,13,30.2,1.89,30.31,0,29,18.8,23.7,28.7,28.3,28.5,1.9,1,219,55,8.8,6.9,7.6,6.3,.68,1.5
2016,148,5,32.4,11.2,22.7,67.7,10,31.6,2.24,30.65,0,30.2,18.9,24.3,28.6,28.3,28.5,1.5,.8,164,56,10.9,9,7.7,6.4,.75,2.7
2016,149,5,36.2,12.1,24.8,67.6,7.5,29.8,2.62,30.85,0,31.1,19.6,25.2,29.1,28.6,28.8,1.9,1.1,207,53,8.4,9.9,8.3,7.5,.79,3.4
2016,150,5,36.4,12.4,25.4,68.4,6.7,27.4,2.75,31.3,0,31.6,20.5,25.9,29.5,29,29.3,1.9,1,210,56,6.9,10.3,8.6,7.7,.74,2.3
2016,151,5,34.1,12,24.5,64,6.9,22.5,2.67,31.47,0,31.4,20.8,25.9,29.8,29.5,29.6,2,1,245,59,8.5,9.5,8.8,7.6,.61,-.2
2016,152,5,35.6,10.4,25.2,72.6,8.1,28.4,2.79,31.08,0,31.6,20.3,25.9,30.1,29.7,29.9,1.9,.7,239,64,7.6,9.5,8.7,7.5,.74,2.6
2016,153,5,37.8,18,28.9,55.8,10.2,23.5,3.33,30.44,0,32.9,22.7,27.5,30.5,30,30.2,2.5,1.8,238,44,8.3,13,9.3,8.6,.85,4.4
2016,154,5,39.5,16.4,28.9,63.9,6.6,26.1,3.41,30.64,0,33.8,22.7,28,30.8,30.4,30.6,1.8,.3,250,72,6.3,12.5,8.7,7.8,.88,4.8
2016,155,5,41.9,16.2,31.1,68,6.6,24.9,4.01,31.21,0,34.2,23,28.5,31.2,30.8,31,2.2,1,277,60,7.8,12.7,9.6,9,.93,5.4
2016,156,5,43.5,16,32.1,64.1,6,22.3,4.36,30.53,0,35.2,24,29.4,31.8,31.2,31.5,2.2,1.2,222,55,8.9,12.7,9.5,9.1,.88,4.8
2016,157,5,44.9,16.2,31.4,68.9,5.5,27.4,4,30.85,0,36.2,24.5,30.1,32.3,31.8,32.1,1.3,.2,12,75,5.6,12.9,8.7,7.9,1.06,7.5
2016,158,5,41.9,17.5,31,60.6,6.4,22.3,3.94,30.82,0,35.3,24.9,30,32.8,32.3,32.6,2.2,1.6,203,42,8,13.2,9.6,9,.89,4.8
2016,159,5,40.6,15.2,29.5,62.7,8.2,24.1,3.57,31.5,0,35.6,24,29.6,33,32.6,32.8,1.6,.4,236,70,5.8,12,8.9,7.8,.89,5.1
2016,160,5,40.9,18.8,30.1,77.3,10.6,37.5,3.14,29.85,0,36.1,25.1,30.4,33.1,32.7,32.9,1.7,.5,232,68,8.1,13.7,8.2,7.8,1.43,12.1
2016,161,5,38.1,19.8,30.6,76.2,21.6,37.7,3,28.93,0,35.7,26.1,30.7,33.3,33,33.2,2.6,1.4,264,55,11,13.8,8.7,8.2,1.56,13.5
2016,162,5,35.4,21.3,28.9,72.4,28.4,45.6,2.32,20.48,0,33.3,26.6,30,33.5,33.2,33.4,2.3,1,286,61,9,14.1,5.9,6.3,1.75,15.4
2016,163,5,36.6,19.4,29.2,83.7,23.7,46.7,2.5,26.32,0,34.4,25.1,29.8,33.4,33,33.2,1.8,.4,166,72,8.8,13.4,7.1,6.7,1.74,15.2
2016,164,5,38.7,17.1,29.2,77.9,9.2,31.8,3.22,30.24,0,34.9,24.7,29.7,33.4,33,33.2,2.4,1.6,232,45,10.9,12.7,9.2,8.5,1.08,7.6
2016,165,5,36.2,19.1,28.1,43,8.1,18.9,3.32,28.84,0,34,24.8,29.2,33.4,33,33.2,2.8,2.3,216,33,9.7,13.3,9.3,8.8,.67,1
2016,166,5,37.1,14.5,27,50.5,5.2,20.8,3.21,31.76,0,33.8,23,28.2,33.3,32.7,33,2.1,1.3,183,49,7.2,11.3,9.2,8.2,.63,.1
2016,167,5,37.2,13.3,27.5,53.6,6.4,21.7,3.33,31.23,0,33.2,22.6,27.9,33,32.5,32.8,2.6,2,214,39,8.8,10.8,9.8,8.8,.67,1.1
2016,168,5,38.5,15.4,28.1,49.8,7.9,21.6,3.37,31.31,0,34.5,22.8,28.4,32.8,32.3,32.6,1.6,.3,180,74,5.2,11.9,8.7,7.6,.72,2.3
2016,169,5,40,16.6,29.6,56.1,6.3,22.4,3.65,31.56,0,35.1,23.6,29.1,32.8,32.4,32.6,1.6,.5,164,66,8.4,12.6,8.9,7.8,.8,3.6
2016,170,5,41.2,14.6,30.2,66.9,6,25.4,3.82,31.02,0,35.4,23.6,29.4,32.9,32.6,32.8,1.6,.6,288,65,7.2,11.9,9,7.9,.89,5.1
2016,171,5,46.9,17.3,32.3,64.2,5.8,28.8,4.27,30.86,0,36.8,24.5,30.4,33.2,32.8,33,1.6,.2,249,76,7.8,13.5,9.1,8.7,1.14,8.6
2016,172,5,43.5,22.7,34,53,10.2,25.3,4.32,28.83,0,36.7,26.2,31.2,33.7,33.2,33.5,2.6,1.7,195,49,8.1,15.3,9.5,9.6,1.27,10.4
2016,173,5,42.2,22.1,33.3,62.9,12.5,30.3,3.86,28.49,0,37.2,27.3,32,34.2,33.7,34,2.1,1.2,231,52,7,15,8.7,8.4,1.46,12.4
2016,174,5,42,22.8,33.1,61.4,12.6,30.5,3.79,29.58,0,37.8,27.7,32.6,34.7,34.2,34.5,2,1.1,222,52,6.4,15.3,8.9,8.4,1.47,12.6
2016,175,5,38.5,23.5,30.8,70.1,17.1,37.6,2.9,19.74,0,34.4,27.8,30.9,35,34.7,34.8,2.3,2,146,29,11,15.3,6.3,6.9,1.63,14.1
2016,176,5,42.2,25.3,31.8,63.2,12.7,40.6,3.03,23.55,0,36.2,27.1,30.9,34.9,34.5,34.7,1.6,.8,149,58,5.4,16.2,6.6,7,1.83,15.9
2016,177,5,41.9,20.5,31.4,78.7,15.6,42.2,2.97,27.62,0,37.5,26.5,31.7,34.9,34.6,34.7,1.4,1,154,44,5.4,14.4,7.4,7.2,1.83,16
2016,178,5,39.4,24.9,31.5,73.8,18,42.7,2.78,16.25,0,34,28.1,30.9,35.1,34.9,35,1.5,.5,192,65,4.9,15.9,4.6,5.4,1.91,16.7
2016,179,5,41.9,25.5,33,74.4,15.9,41.7,3.19,25.09,0,37.4,27.5,31.9,35,34.8,34.9,1.5,.3,152,73,11.8,16.2,7,7,1.99,17.3
2016,180,5,42,24.3,33.3,75.5,17,41.3,3.3,28.38,0,38.7,28.2,33.1,35.5,35,35.3,1.7,.8,171,59,9.6,15.8,8.1,7.8,2.01,17.5
2016,181,5,39.1,25.4,32.1,71,25.2,45.2,2.75,25.97,0,38.1,29,33.1,35.9,35.5,35.7,2.5,1.4,126,55,11.8,16.1,7.7,7.9,2.12,18.4
2016,182,5,30.7,22.4,26.4,87.4,49.5,72.5,1,9.15,0,32.5,27.7,29.4,36.1,35.5,35.8,1.8,1.1,139,49,13.1,13.7,1.9,3,2.48,20.9
2016,183,5,31.3,22.8,26.6,93,49.7,73.8,.95,18.3,4.57,31.8,25.8,28.1,35.5,34.7,35.1,1.8,.9,91,56,6,14.1,4.2,4.5,2.56,21.4
2016,184,5,37.4,22,29.7,89.8,26.1,57.1,2.02,27.23,0,35.6,24,29.3,34.7,34.1,34.4,1.3,.6,115,59,5.8,14.6,6.8,6.4,2.26,19.4
2016,185,5,37.1,21.5,30.6,86.2,24.7,50.6,2.39,26.13,0,36.2,25.2,30.4,34.6,34.3,34.4,1.4,.9,132,50,4,14.4,6.8,6.3,2.13,18.4
2016,186,5,41.4,21.2,31.6,81,12.8,41,3.03,28.74,0,37.3,25.8,31.2,34.8,34.5,34.7,1.6,.7,229,62,5.8,14.7,8,7.6,1.8,15.6
2016,187,5,41.4,21.2,31,73.1,11.5,39,3.13,28.72,0,37.2,26.2,31.3,35.1,34.8,35,1.7,.7,187,62,6,14.7,8,7.8,1.6,13.8
2016,188,5,38.3,21.4,31,72.8,19.2,38.8,2.89,28.54,0,36.8,26.4,31.4,35.4,35.1,35.2,2,1.2,197,52,7.6,14.5,8.1,7.6,1.74,14.9
2016,189,5,39.5,23.1,31.8,70.7,18.1,42.4,2.9,28.37,0,37.5,27.2,32.1,35.7,35.3,35.5,1.6,.8,214,58,7.7,15.3,7.8,7.3,1.93,16.6
2016,190,5,40.2,20.5,31,77.2,16,41.2,2.96,28.82,0,37.8,27,32.1,35.9,35.6,35.8,1.5,.2,216,75,6.1,14.3,7.9,7.3,1.73,14.9
2016,191,5,40.1,20.6,32.1,74.7,14.6,36.7,3.37,29.25,0,37.6,26.7,32,36.1,35.7,35.9,1.8,.8,245,60,6,14.3,8.4,7.7,1.62,13.9
2016,192,5,40.2,21.3,32.3,71.1,10.8,31.1,3.7,29.17,0,37.7,27.3,32.2,36.2,35.8,36,2.2,1.1,250,58,10.3,14.6,8.9,8.3,1.35,10.8
2016,193,5,41.6,19.6,31,62.9,9.6,29.2,3.58,29.79,0,36.7,26.4,31.5,36.2,35.8,36,2.3,1,222,60,8.4,14,9.2,8.8,1.19,9.3
2016,194,5,42,19,31.1,66.8,9.6,29.6,3.63,30,0,36.7,25.7,31,36.1,35.6,35.9,2.1,1,212,60,8.9,13.8,9,8.6,1.18,9.2
2016,195,5,42.1,21.7,32,67.9,12.3,31,3.69,29.24,0,37.2,26.4,31.6,36,35.6,35.8,1.6,.4,89,69,6.5,14.9,8.5,7.8,1.33,11.1
2016,196,5,40.9,23.1,33,67.4,13.7,32.2,3.69,28.96,0,37.5,27.4,32.2,36,35.7,35.9,2,.5,243,70,8.8,15.3,8.7,8.1,1.51,13
2016,197,5,39.9,22.9,32.7,65.8,14.7,34,3.55,28.63,0,33.3,27,30,39,35.9,37.6,2.2,1,251,60,6.3,15.2,8.7,8.2,1.58,13.7
2016,198,5,40.6,25.3,32.9,60.1,15.4,34,3.46,28.42,0,32.4,23.7,28.2,39,37.2,38.3,2,.8,185,63,6.3,16.1,8.4,8,1.65,14.4
2016,199,5,39,24.5,31.6,66.9,20.5,39.4,2.93,16.66,0,32.3,29.7,31.4,38.9,38.5,38.7,2.2,1,190,60,6.9,15.8,5.3,6.4,1.79,15.7
2016,200,5,40.1,26.8,32.2,67.6,21.2,42.6,2.91,25.65,0,31.8,26.7,30.5,38.6,37.5,38.1,2.3,1.8,168,40,11,16.6,7.7,8,1.98,17.3
2016,201,5,40.7,23.9,32.1,75.9,18.1,43.7,2.99,28.43,0,30.5,24.8,27.3,37.5,36.2,36.7,2.1,1.5,170,42,12.4,15.6,8.2,8,1.95,17
2016,202,5,41,25.6,32.5,69.5,17,42.5,3.03,28.33,0,32.7,25.1,28.5,36.4,36,36.2,1.9,1.1,109,53,6.1,16.2,7.9,7.9,1.99,17.3
2016,203,5,43.5,24.6,34.2,77,15.7,39.2,3.63,27.5,0,34.2,26.5,30.2,36.7,36.3,36.5,1.1,.5,153,62,5.6,15.9,7.6,7,1.96,17.1
2016,204,5,43,26.9,34.8,61.5,16.8,34.7,3.87,27.56,0,35,27.8,31.2,37.2,36.7,36.9,1.9,1,141,56,14,16.6,8.2,8.1,1.86,16.3
2016,205,5,41.3,25.2,34,63.8,17.5,36,3.57,27.46,0,34.8,27.8,31.2,37.5,37.2,37.3,2.4,1.1,274,59,7.2,16.1,8.5,8.4,1.85,16.2
2016,206,5,39.4,23.9,32.4,70.3,22.1,39.9,3.05,26.72,0,33.9,28,30.8,37.6,37.2,37.4,2.9,1.4,253,58,9.8,15.5,8.3,8.4,1.9,16.6
2016,207,5,41.3,25.4,32.8,72.8,21.2,42,3.09,25.97,0,34.2,27.4,30.5,37.5,37.1,37.3,1.7,.1,218,78,7.8,16.1,7.3,7.3,2.02,17.5
2016,208,5,40.5,23.3,33.1,74.4,19.5,41.1,3.23,27.08,0,34.5,27.2,30.7,37.4,37,37.2,2.1,.9,220,62,11.9,15.4,8,7.7,1.98,17.3
2016,209,5,40.3,25.1,32.7,73.5,22.5,46,2.93,26.75,0,34.7,27.8,31,37.4,37.1,37.3,2.3,1,210,60,18.6,16,7.8,7.8,2.17,18.8
2016,210,5,42,24.2,32.2,83.4,18.5,50.2,2.72,24.76,0,32.2,27.2,30,38.1,37.3,37.7,1.6,.4,165,70,7.3,15.8,6.8,7,2.27,19.5
2016,211,5,40.6,23.7,32,86.3,24.2,50,2.66,25.83,1.02,30.1,26.4,28,37.7,37,37.3,2.7,1.2,186,60,17.8,15.5,7.5,8,2.26,19.4
2016,212,5,35.3,23.4,29.2,88.3,29.6,59.4,1.81,25.61,.25,29,25.4,27,37.2,36.5,36.9,2,.8,232,63,7,15,6.7,6.5,2.33,19.8
2016,213,5,35.2,23.5,30,80.5,34.4,55,2.03,26.19,0,29.6,25.1,27.4,36.7,36.3,36.5,2.4,1.1,238,60,11.4,15,7.1,6.8,2.29,19.6
2016,214,5,35.3,21.9,28.2,88.6,33,62.9,1.58,23.21,0,28.9,25.6,27.1,36.9,36.4,36.7,2.4,1.9,182,36,12.3,14.4,5.9,6.2,2.33,19.9
2016,215,5,33.6,24.2,28.1,83.9,45.4,69.8,1.21,21.25,0,28.4,25.4,26.8,36.6,36.2,36.4,2.4,1.7,156,45,12.7,15.1,5.4,5.5,2.62,21.9
2016,216,5,35.8,23.9,28.2,86.4,34.4,69.6,1.26,18.27,0,29.3,25.8,27.2,36.4,36,36.2,1.4,.6,164,61,7,15.3,4.3,4.8,2.61,21.8
2016,217,5,33.7,24.9,27.8,91.1,41.7,73.9,1.04,18.1,.76,29,25.9,27.3,36.2,35.8,36,1.3,1.1,117,33,4.2,15.5,4.2,4.5,2.73,22.5
2016,218,5,35.7,25.6,29.6,84.3,33.5,64.7,1.56,20.16,0,30.1,26.2,28.1,36,35.8,35.9,1.5,.3,55,72,7.6,15.9,5,5.3,2.64,21.9
2016,219,5,40.2,22.9,31.4,84.4,19.9,51.2,2.61,25.97,0,31.6,25.9,28.6,36.2,35.8,36,1.3,.6,132,58,6.2,15.2,6.9,6.5,2.18,18.8
2016,220,5,41.5,23.7,33.1,76.6,18.7,41.7,3.26,25.73,0,32.1,26.8,29.4,36.5,36.1,36.3,1.5,1,144,47,6.6,15.6,7.4,7,1.98,17.3
2016,221,5,42.1,22.3,32.5,69.7,11.6,36.3,3.53,25.99,0,33,27.2,30,36.8,36.5,36.6,1.6,1.1,198,48,5.7,15.1,7.6,7.2,1.61,13.9
2016,222,5,33.5,24,28.3,78.6,37.8,59.4,1.62,17.26,0,30.9,28.1,29.2,37,36.6,36.8,3,2.6,186,28,14.6,15.1,4.8,5.6,2.26,19.4
2016,223,5,37.6,23.9,29.5,84.8,29.7,60.5,1.81,23,0,31.5,26.7,28.8,36.7,36.1,36.4,2.1,1.5,184,44,10.7,15.4,6.2,6.4,2.4,20.4
2016,224,5,33.2,23,27.1,93.1,47.7,75.1,.97,18.97,5.59,29.7,25.8,27.5,36.4,35.8,36.2,1.7,1,137,50,6.7,14.6,4.3,4.6,2.66,22
2016,225,5,37.5,23.5,30.1,91.6,28.3,59.5,1.99,25.39,1.78,30,24.7,27.1,35.9,35.2,35.5,1.6,.4,266,70,5.8,15.3,6.6,6.3,2.41,20.3
2016,226,5,39.6,23.5,30.9,82.7,21.8,49.6,2.53,25.26,0,31.3,25,28,35.5,35.1,35.3,1.8,1.1,147,51,8.4,15.3,6.9,6.9,2.09,18.1
2016,227,5,40.4,21.4,30.8,75,15.8,42.4,2.89,26.04,0,31.5,25.5,28.4,35.6,35.3,35.5,1.7,1.1,116,45,5.5,14.6,7.2,6.9,1.74,15.2
2016,228,5,39,22.3,31,78,20.6,48.1,2.64,25.69,0,32.1,26,28.9,35.8,35.4,35.6,1.4,1,129,45,4.3,14.9,7,6.4,2.03,17.7
2016,229,5,41.9,22.3,31.9,77.4,14.8,42.8,3.04,24.99,0,32.5,26.3,29.4,36,35.7,35.9,1.9,1.3,91,45,11.2,15.1,7.2,7.2,1.89,16.5
2016,230,5,40.6,23.9,32.2,67.9,12.3,38,3.25,25.54,0,32.3,27,29.5,36.3,36,36.1,1.6,.4,94,71,6.5,15.6,7.3,6.9,1.72,15
2016,231,5,38.8,24.6,31.5,66.1,17.9,34,3.12,20.07,0,30.8,27.6,29.1,36.4,36.1,36.3,2.7,2.3,329,31,8.8,15.7,6.6,7.4,1.55,13.5
2016,232,5,37.2,21.9,30,64.6,20.5,38.1,2.77,23.69,0,31.1,26.3,28.6,36.3,35.8,36.1,3.1,1.1,252,65,10.2,14.6,7.5,7.8,1.57,13.6
2016,233,5,36.2,21,27.9,84.2,23.3,53.2,2,23.65,0,30.9,26.1,28.4,36.1,35.7,35.9,1.8,.2,176,77,10.6,14.1,6.3,6.1,1.89,16.5
2016,234,5,36.6,20,27.6,84.4,22.3,52.1,2,23.3,0,31.2,26,28.5,36,35.7,35.9,1.7,1.1,196,50,9.6,13.6,6.1,6,1.83,16
2016,235,5,36.3,19.2,27.7,85,20.1,53.2,2,23.76,0,30.6,25.5,28,36,35.5,35.8,1.3,.3,256,72,6.3,13.3,6,5.6,1.86,16.3
2016,236,5,35.3,23.2,29.3,71.8,19.6,41.5,2.5,24.92,0,30.6,26.2,28.3,35.8,35.5,35.7,2.8,1,342,65,7.6,14.9,7.4,7.3,1.64,14.3
2016,237,5,38,19.4,28.8,80.5,19,44,2.47,24.45,0,30.7,25.7,28.2,35.8,35.4,35.6,1.6,.4,322,69,11.4,13.6,6.6,6.3,1.64,14.3
2016,238,5,37.8,18.9,28.7,77.4,18.7,43.8,2.5,24.15,0,30.6,25.5,28,35.7,35.3,35.5,1.4,.5,235,66,5.4,13.4,6.5,5.9,1.62,14.2
2016,239,5,35.8,22.9,28,84.8,27.9,56.4,1.79,22.56,2.54,30.1,25.5,27.7,35.7,35.2,35.5,1.6,.8,128,58,9.6,14.9,5.7,5.7,2.07,17.9
2016,240,5,35.3,20.6,27.2,85.4,13,46.1,2.18,25.23,0,30.1,24.7,27.3,35.5,35,35.2,1.5,.3,28,72,8.6,13.8,6.6,5.9,1.54,13.2
2016,241,5,37,16,26.5,82.3,13.8,45.1,2.27,25.28,0,29.9,24,26.9,35.3,34.8,35,1.3,.3,152,70,5.6,12,6.4,5.8,1.41,12.1
2016,242,5,37.6,16.6,27.2,82.7,13.5,46.4,2.35,25.57,0,30.2,24.2,27.1,35.1,34.6,34.9,.8,.4,149,57,3.7,12.3,6.2,5.3,1.51,13
2016,243,5,39.4,18.2,28.5,82,15.9,47.4,2.38,24.57,0,30.4,24.7,27.4,35.1,34.7,34.9,1.8,1.1,71,51,10.6,13.3,6.8,6.5,1.74,15.3
2016,244,5,39.1,21.7,30.1,73.5,20.7,46.6,2.48,24.17,0,30.6,25.3,27.9,35.2,34.9,35.1,1.9,1.2,82,50,9,14.7,6.8,6.6,1.94,17
2016,245,5,38.2,23.9,30.1,79.1,23.9,52.3,2.2,21.36,0,31.3,26.5,28.7,35.5,35.2,35.3,1.6,.3,143,73,6.7,15.4,5.8,5.7,2.16,18.7
2016,246,5,38.8,22,30,82.2,23.7,52.2,2.29,22.87,0,31.3,26.2,28.6,35.7,35.4,35.5,1.1,.6,129,52,4.6,14.8,5.9,5.4,2.1,18.2
2016,247,5,38.5,19.4,28.2,82,15.9,45.3,2.42,24.09,0,30.6,25.9,28.3,35.8,35.5,35.7,1.8,1.2,188,45,8.5,13.7,6.8,6.4,1.61,13.8
2016,248,5,37.3,14.4,25.8,70.8,7.2,35.6,2.51,25.57,0,29.6,24.6,27.2,35.8,35.1,35.5,1.5,.8,187,55,6.9,11.3,7,6.1,1.06,7.7
2016,249,5,39.7,14.2,26.6,78.1,9.6,36.6,2.69,24.72,0,29.5,23.8,26.6,35.3,34.7,35,1.4,.8,189,54,5.3,11.5,6.6,6.1,1.11,8.3
2016,250,5,35.8,16.6,27.5,71.8,15.2,44.8,2.23,21.95,0,29.2,24.1,26.7,35,34.5,34.7,1.3,.5,158,62,7.3,12.1,5.6,5.1,1.63,13.8
2016,251,5,28.6,20.9,24.4,95.6,55.6,81.6,.6,9.53,2.54,27.6,23.6,25.6,34.8,34.3,34.7,1.7,.4,110,71,7.8,12,2,2.6,2.46,20.8
2016,252,5,33.5,19.7,25.9,97.1,38.2,72,1.13,20.38,1.02,27.4,21.8,24.4,34.4,33.4,33.8,1.3,.8,207,51,6.2,13.1,4.6,4.5,2.31,19.8
2016,253,5,37.2,19.6,27.9,92.7,18,57,1.96,22.99,0,28.8,22.8,25.6,33.6,33.2,33.4,1.3,.4,257,67,4.8,13.6,5.9,5.4,1.97,17.1
2016,254,5,38.5,19.8,28.7,80.3,16.8,49,2.44,22.75,0,29.2,23.4,26.2,33.7,33.4,33.6,1.3,.9,173,43,4.7,13.8,6.1,5.5,1.74,15.2
2016,255,5,38.7,18.5,28.6,81.2,14.2,43.7,2.61,22.82,0,29.1,23.8,26.4,33.9,33.6,33.8,1.6,.6,201,65,5.8,13.3,6.4,5.9,1.53,13.1
2016,256,5,36,20.6,27,78.5,22.9,53.4,1.86,18.73,0,28.1,24.1,26.1,34,33.7,33.8,2.5,2.1,168,33,9.9,13.9,5.4,5.9,1.82,16
2016,257,5,33.7,18.8,27.2,86.1,28.2,52.1,1.97,16.11,0,26.5,23.4,25,33.9,33.4,33.7,3,1.9,189,50,9.1,12.7,5.2,5.5,1.76,15.4
2016,258,5,35.8,17.9,25.8,83.8,18.7,51,1.86,18.22,0,27,22.7,24.8,33.5,33,33.2,1.3,.5,268,65,5.2,12.6,4.6,4.6,1.61,13.8
2016,259,5,35,14.3,24.6,83.2,10.9,40,2.27,23.11,0,27.3,22,24.6,33.2,32.7,33,1.2,.2,183,75,4.8,10.8,5.8,4.9,1.06,7.4
2016,260,5,35.8,12.1,23.4,77.3,9.4,39.7,2.17,23.22,0,26.8,21.4,24.1,33,32.5,32.8,.9,.3,125,67,4.6,10,5.7,4.6,.98,6.5
2016,261,5,36.7,12.4,24.5,79.2,12.3,40.5,2.29,23,0,26.9,21.2,24,32.8,32.3,32.6,.8,.3,62,62,3.4,10.3,5.6,4.5,1.1,8.3
2016,262,5,40.2,13.5,25.5,77.1,8.6,40.8,2.54,22.87,0,27.2,21.4,24.2,32.6,32.2,32.4,.8,.3,125,66,2.7,11.3,5.6,4.8,1.12,8.6
2016,263,5,34.1,13.8,25.4,78,18,45.6,2.07,15.75,0,25.2,21.7,23.7,32.6,32.2,32.4,1.9,1.3,260,46,6.2,10.4,4.5,4.7,1.39,11.6
2016,264,5,31,21.5,26.6,79.8,36.5,57.1,1.56,11.82,0,25,22.8,23.9,32.3,32.1,32.2,2,1.4,320,44,8.9,13.3,3.3,3.7,1.95,17.1
2016,265,5,36.6,20.4,27.6,85.6,28.7,59.3,1.76,19.68,0,27.1,22.3,24.5,32.4,32,32.2,1.8,1.1,231,51,7.2,13.8,5.2,5.2,2.09,18.1
2016,266,5,31.6,21.4,26.1,83.6,41.7,67.1,1.18,19.45,0,26.6,23.5,25,32.7,32.3,32.5,2.2,1.5,224,47,9.1,13.5,4.9,4.6,2.24,19.3
2016,267,5,29.8,10.9,22.6,89.6,9.6,46.1,1.64,18.28,0,25.2,22.6,23.9,32.8,32.4,32.6,2.1,1.2,275,53,7.9,7.8,5,4.5,1.19,7.4
2016,268,5,31.1,8.2,19.3,79.4,9.7,41.7,1.68,22.42,0,24.3,19.5,21.9,32.4,31.5,31.9,1.2,.2,318,76,5.2,7.7,5.3,4.3,.79,3.4
2016,269,5,34.1,9.9,21.9,79.4,12.4,41.7,1.92,22.04,0,24.4,19.3,21.8,31.6,31,31.3,1.5,.6,54,64,7.1,8.9,5.6,4.9,.99,6.7
2016,270,5,27.4,16.4,23.4,73.2,31.1,44.5,1.62,9.87,0,22.6,20.8,21.5,31.2,30.9,31,3.6,3.1,89,30,11.4,9.1,3.8,4.6,1.28,10.5
2016,271,5,28.6,16,22,84.2,33.8,54,1.28,16.57,0,22.6,19.5,20.9,30.9,30.5,30.7,3.4,2.6,82,39,11.1,9.5,4.8,4.9,1.41,11.9
2016,272,5,33.5,15.4,24.1,91.9,28.2,61.8,1.42,16.6,1.02,23.5,19.1,21.3,30.6,30.2,30.4,1.8,1.1,127,49,10,11,4.2,4.3,1.75,15.4
2016,273,5,34,20.4,24.9,90.7,27.5,64.8,1.27,15.63,.51,24.3,20.7,22.2,30.5,30.4,30.5,1.4,.5,16,63,6.7,13.5,3.7,4,1.96,17.1
2016,274,5,35.1,17.2,25,88.2,28,60.2,1.52,18.11,0,25.1,20.3,22.6,30.7,30.4,30.6,1.3,.3,106,72,6.3,12.2,4.3,4.2,1.79,15.7
2016,275,5,34.8,15.5,24.5,84.5,17.4,52.5,1.8,20.03,0,25.3,20.5,22.8,30.9,30.6,30.7,1,.4,148,62,5.6,11.3,4.9,4.2,1.48,12.7
2016,276,5,29.6,15.6,21.8,95.1,36,71.6,.83,10.68,0,23.3,20.6,21.8,31,30.6,30.8,1.3,.5,30,65,5.1,9.8,2.1,2.7,1.86,16.1
2016,277,5,29.1,10.1,21,97.3,10,49.8,1.54,20.49,0,23,19,21,30.6,30.1,30.4,1.9,1.1,268,50,6.5,7.3,5.4,4.4,1.07,5.9
2016,278,5,29.2,7,18.1,83.8,11.5,44.7,1.5,20.36,0,22.2,17.4,19.9,30.3,29.7,30,1.1,.4,164,64,4.2,6.6,4.7,3.7,.79,3.3
2016,279,5,31.6,7.9,19.8,82.5,13.8,46.4,1.59,19.11,0,22.1,17.3,19.7,29.8,29.3,29.6,1.2,.1,18,78,4.8,7.7,4.5,3.9,.94,6.1
2016,280,5,31.9,10.9,20.6,84.6,19.5,49.6,1.52,19.18,0,22.6,17.9,20.2,29.5,29.2,29.4,.9,.4,164,58,3.5,8.6,4.3,3.6,1.11,8.4
2016,281,5,35.2,8.3,22.1,84.9,14.6,45.9,1.9,19.52,0,22.5,17.7,20.1,29.5,29.1,29.3,1.5,.9,26,52,6.4,8.7,5,4.6,1.07,7.8
2016,282,5,36,18.6,26.9,72.4,20.3,40.3,2.27,18.73,0,23.7,19.5,21.4,29.5,29.2,29.4,2.3,1.8,89,38,8.3,12.9,5.5,5.6,1.39,11.6
2016,283,5,35.6,16.3,25.2,75.7,19.5,50.5,1.84,18.67,0,24,19.8,21.8,29.8,29.5,29.7,1.4,.8,70,53,5.8,11.9,4.7,4.4,1.53,13.2
2016,284,5,34.9,12.6,23.1,79,15.1,46.9,1.86,18.36,0,23.5,19.2,21.4,30,29.7,29.8,1,.3,155,69,3,9.9,4.4,3.8,1.21,9.7
2016,285,5,35,12.2,22.5,77.4,12.3,42.2,2,19.08,0,23,18.8,20.9,29.9,29.5,29.7,1.4,.8,203,56,7.3,9.9,5.1,4.5,1,6.8
2016,286,5,34.1,9,20.8,74.1,8.4,38,1.94,18.07,0,22.1,18,20.1,29.7,29.2,29.5,1,.2,146,74,4,8.7,4.4,3.7,.79,3.5
2016,287,5,34.7,9.2,21.1,68,11.2,35.8,2.03,19.11,0,22,17.4,19.6,29.4,28.8,29.1,.8,.4,104,61,3.2,8.8,4.6,3.5,.77,3.1
2016,288,5,36,9.2,21.7,75.4,8.7,35.4,2.18,19.19,0,21.9,17.1,19.5,29,28.6,28.8,.9,.1,126,77,3,9.2,4.7,3.7,.76,2.9
2016,289,5,35.2,10.9,21.7,68.4,11.7,37.8,2.03,19.04,0,21.8,17.3,19.5,28.8,28.4,28.6,1.2,.1,12,77,5,9.4,4.8,4,.87,4.8
2016,290,5,35.3,9.5,21.6,73.7,13.9,39.4,1.94,18.93,0,21.7,17.2,19.5,28.7,28.3,28.5,1.4,.2,227,74,5.2,9,4.9,4.3,.91,5.6
2016,291,5,32.9,10.4,21.3,78.4,13,41.8,1.82,18.59,0,21.5,17.4,19.4,28.5,28.2,28.4,1.3,.3,232,73,5.5,8.9,4.7,4,.94,6.1
2016,292,5,33.7,11,21.2,73,15.9,43.3,1.75,18.17,0,21.4,17.1,19.3,28.4,28.1,28.3,1.2,.1,7,76,3.5,9.1,4.4,3.8,.99,6.8
2016,293,5,33.4,10.6,20.8,78.7,15,44.8,1.7,18.05,0,21.3,17.1,19.2,28.3,28,28.1,1,.1,105,77,4.2,9,4.3,3.5,.99,6.7
2016,294,5,34,7.2,22.2,78.9,11,36.7,2.16,17.92,0,20.6,16.5,18.7,28.2,27.8,28,2.2,1.7,59,38,7.8,8.2,5.5,5.1,.84,4.5
2016,295,5,33.5,18,25.7,65.4,16.8,30.9,2.4,17.51,0,21.4,17.7,19.3,27.9,27.7,27.8,2.9,2.6,67,26,9,12.3,6,5.8,1,6.9
2016,296,5,36.7,13.8,24.1,77,13.4,40.7,2.15,17.04,0,21.8,17.5,19.5,28.1,27.8,28,1.1,.1,202,76,4.2,10.9,4.4,3.7,1.11,8.5
2016,297,5,36.1,11.8,23.4,89.7,13.8,45.4,1.95,15.7,0,21.7,17.7,19.7,28.4,28.1,28.2,.9,.4,150,60,4.5,10,3.8,3.4,1.19,9.5
2016,298,5,34.1,16.3,23.9,76,23.6,52,1.62,11.09,0,21.2,18.2,19.8,28.6,28.4,28.5,.8,.1,46,74,4.8,11.6,2.6,2.7,1.49,12.8
2016,299,5,33.3,14.9,23.4,88.5,25.5,56.5,1.5,16.33,0,22.4,18.6,20.4,28.8,28.6,28.7,1,.1,107,76,3.5,10.7,3.8,3.3,1.53,13.3
2016,300,5,35.9,12.8,22.9,84.7,17.5,52.2,1.71,16.39,0,22.3,18.3,20.3,29,28.8,28.9,.9,.1,97,78,2.9,10.2,3.8,3.3,1.33,11.1
2016,301,5,36.6,13.3,24.2,83.7,15.7,48.9,2,14.02,0,22.1,18.4,20.2,29.1,28.8,29,1,.3,90,70,4,10.7,3.4,3.3,1.32,11
2016,302,5,33.7,16.6,24.3,76.7,18.1,44.6,1.92,11.69,0,21.6,18.9,20.4,29.1,29,29,1.4,.7,182,57,4.7,11.6,3.2,3.5,1.27,10.5
2016,303,5,35.3,12.5,22.5,80.9,16.1,47.7,1.8,15.92,0,22,17.9,19.9,29.2,28.9,29,.9,.5,100,56,2.7,10.1,3.7,3.2,1.19,9.4
2016,304,5,34.8,12.5,22.4,78.6,17.9,46.4,1.8,13.99,0,21.5,18,19.8,29.1,28.8,29,1.4,.6,189,62,5.1,9.9,3.7,3.6,1.15,9
2016,305,5,30.1,11.6,20.7,88.9,29.3,53.3,1.33,12.4,0,20.5,17.6,19.2,29,28.6,28.8,1.3,.5,238,64,5.8,8.3,3,2.9,1.24,10.1
2016,306,5,27.6,10.4,19.3,91.8,26.7,52.8,1.22,15.49,0,20.6,17.3,18.9,28.6,28.3,28.5,.9,.2,310,73,4.8,6.6,3.4,2.6,1.12,8.5
2016,307,5,28.2,5.4,17.3,88.5,21.8,50.9,1.22,15.37,0,19.7,16,18,28.5,28.1,28.3,1.2,.1,27,76,5.5,5.9,3.3,2.8,.92,5.7
2016,308,5,26.6,12.9,19,95.4,24.3,66.8,.84,9.9,7.87,18.7,15.6,17.4,28.2,27.9,28.1,3.3,1.9,60,54,15.1,7,2.8,3.4,1.41,12.1
2016,309,5,24.3,9.9,16.1,99.3,42.6,82.6,.44,14.13,.25,17.1,13.3,15.2,27.9,26.8,27.3,1,.2,150,74,4.5,4.9,2.3,2.1,1.47,12.7
2016,310,5,26.8,9.1,16.9,100,35.9,75.4,.66,14.82,0,17.5,13.1,15.2,26.8,26.1,26.5,.8,.1,110,75,3.6,5.9,2.6,2.2,1.38,11.7
2016,311,5,28.1,9.9,17.5,96.4,28.9,68.9,.85,14.82,0,17.6,13,15.2,26.2,25.7,26,.8,.1,92,77,3.3,6.7,2.8,2.3,1.28,10.6
2016,312,5,28.4,8.7,17.8,95,29,66.2,.94,14.56,0,17.6,12.9,15.2,25.9,25.4,25.7,1.2,.6,346,55,4.6,6.7,3,2.6,1.25,10.3
2016,313,5,29.4,11.1,20.8,87.4,19.3,46.8,1.57,14.85,0,17.5,13.3,15.3,25.6,25.2,25.4,3,2.6,67,28,10.4,7.7,4.8,4.4,1.03,7.3
2016,314,5,25.6,12.5,20.4,52.3,19,30.5,1.71,15.1,0,17.1,13.8,15.3,25.4,25.1,25.3,4.1,3.9,66,18,10.2,6.3,5.5,5.2,.72,2.2
2016,315,5,24.2,12,18.5,57.7,26.4,38.3,1.36,14.61,0,16.3,12.8,14.5,25.2,24.7,25,4.1,3.6,72,26,12.9,5.5,5,4.6,.81,3.8
2016,316,5,28.4,9.9,17.9,73.8,21.7,50.2,1.17,14.23,0,16.6,12.2,14.3,24.8,24.3,24.6,1.6,.8,46,56,7.5,6.9,3.3,3.1,.99,6.8
2016,317,5,27,9.7,17.9,74.4,21.6,46.3,1.27,14.19,0,16.1,12.1,14.1,24.5,24.1,24.3,2.5,2,52,34,8.2,6.1,4,3.7,.9,5.3
2016,318,5,29.3,8.2,17.7,71.9,16.2,43.1,1.39,14.24,0,16.2,11.7,13.9,24.2,23.8,24,1.4,.8,359,53,4.9,6.9,3.5,3,.8,3.7
2016,319,5,29.7,5.8,16.1,78.6,12.4,46.2,1.32,14.34,0,15.9,11.4,13.6,24,23.5,23.8,1.2,.2,36,72,3.3,6.7,3.2,2.8,.72,2.3
2016,320,5,31.3,6.1,16.8,73.6,10.4,41.6,1.5,14.08,0,15.9,11.2,13.5,23.7,23.3,23.5,1.3,.3,84,72,4.7,7.4,3.3,3.1,.66,1
2016,321,5,29.8,8.4,17.4,68.5,11.2,38.9,1.48,10.25,0,15,11.6,13.4,23.5,23.2,23.3,.9,.1,156,74,4.1,7.3,2.4,2.4,.67,1.3
2016,322,5,21.8,3.3,14.7,55.4,8.6,28.8,1.31,14,0,14.6,11.5,13,23.3,23,23.1,1.9,1.3,259,46,6.8,2.8,3.7,2.9,.44,-5.2
2016,323,5,25,-1.2,11,73.7,9.1,35.1,1.14,14.1,0,13.2,9,11.2,23,22.2,22.6,1.5,.8,12,54,5.2,3.8,3.3,2.9,.37,-6.7
2016,324,5,27.9,3.7,17.8,62.2,12.3,27.3,1.77,13.47,0,13.5,9.2,11.4,22.3,21.8,22,3.6,3.3,71,24,10.5,5.6,5.3,5.3,.48,-3.2
2016,325,5,24.7,11.2,18.3,84.9,18.4,38.7,1.36,5.13,0,13.1,11.2,12.3,22,21.8,21.9,1.7,.6,321,65,7,5.4,1.6,2.7,.79,2.7
2016,326,5,22.1,9.3,15.9,95.1,41.4,69.7,.6,9.62,1.02,13.6,11.6,12.5,22,21.9,21.9,2.6,1.7,264,49,9.9,3.7,2.2,2.2,1.24,9.8
2016,327,5,21.2,3.9,11.8,93.3,30.7,65,.62,13.36,0,13.2,9.2,11.2,21.9,21.4,21.7,1,.2,7,72,4,2.7,2.3,1.8,.85,4.5
2016,328,5,23.6,1.6,11.6,88.6,24.7,58.1,.8,13.47,0,12.8,8.5,10.7,21.5,21,21.3,1.2,.4,338,67,4.8,3.4,2.7,2.1,.72,2.3
2016,329,5,24.9,-.1,12.1,87,10.1,45,1.09,13.57,0,12.1,8,10.1,21.1,20.6,20.9,1.6,1.3,357,38,6.9,3.7,3.3,2.8,.51,-2.8
2016,330,5,25.6,2.2,14.4,62.8,13.9,32.4,1.35,12.3,0,12,7.9,10,20.7,20.3,20.5,2.5,1.9,67,41,9.1,4.3,4,3.8,.48,-3.4
2016,331,5,22.6,11.7,16.8,48.2,21.2,33.8,1.3,5.49,0,11.3,9.2,10.2,20.4,20.2,20.3,1.9,1.1,93,50,6.6,4.5,1.9,2.8,.64,.6
2016,332,5,17.8,4.2,12.5,94.3,31.4,53.9,.75,11.66,1.27,11.4,8.8,10.2,20.3,20,20.2,3.1,2.1,254,44,14.3,1.4,2.8,2.5,.73,2.4
2016,333,5,14.1,1.6,8.6,97.4,36.3,76.2,.32,8.93,1.02,10.2,7.2,8.7,20.1,19.6,19.9,1.3,.7,173,56,4.3,.2,1.1,1.2,.83,4.2
2016,334,5,15,-.6,7,96.9,21.8,63.6,.46,13.32,0,9.4,6,7.8,19.6,19,19.3,2,1.1,317,55,8.1,.3,2.4,1.8,.59,-.9
2016,335,5,16,-3.7,5.8,89.3,19.1,55.3,.55,13.27,0,8.5,4.4,6.5,19,18.2,18.6,1.5,.7,345,60,6.4,.5,2.4,1.8,.45,-4.1
2016,336,5,16.2,-2.5,5.6,82,20.7,52.6,.56,11.34,0,8,4,5.9,18.3,17.6,18,1.2,.2,25,74,4.8,.7,1.9,1.7,.44,-4.6
2016,337,5,15.6,-1.5,7.8,84.6,23.2,50,.63,9.34,0,7.7,4.4,6.1,17.7,17.4,17.5,1.9,1.1,321,52,5.5,.5,1.9,1.9,.48,-3.2
2016,338,5,19.6,-2.4,9,84.9,21.6,47.6,.79,12.45,0,8.6,4.2,6.5,17.6,17.5,17.5,2.3,1.5,344,47,7.4,1.7,3,2.7,.49,-3.2
2016,339,5,19.6,-.9,8.9,69.4,12.2,39.2,.83,12.85,0,8.9,4.7,6.7,17.8,17.6,17.7,1.4,.3,178,72,4.6,1.7,2.5,2.1,.4,-5.7
2016,340,5,20.8,-1.5,8.6,74.3,12.3,42.3,.82,11.93,0,8.7,4.5,6.6,17.8,17.5,17.7,1.4,.2,229,75,4.1,2.1,2.4,2.2,.42,-5
2016,341,5,20.9,1,9.5,74.2,28.1,52.5,.69,11.01,0,8.9,5.1,6.9,17.7,17.6,17.6,1.6,.5,220,66,8.4,2.3,2.2,2.1,.61,-.3
2016,342,5,18.8,1.8,10.3,89.9,45,68.2,.48,9.58,0,9.3,5.9,7.6,18.1,17.7,18,1.2,.2,8,76,5.6,1.6,1.5,1.4,.85,4.3
2016,343,5,19.8,1.5,10,90.4,36.3,66,.53,11.87,0,9.8,6.2,8,18.3,18.1,18.3,1.3,.2,341,74,4,1.9,2,1.7,.78,3.3
2016,344,5,22.7,1.7,10.8,90.2,25,61.5,.65,11.86,0,10.1,6.3,8.2,18.5,18.3,18.4,1.2,.4,44,66,4.6,3,2.1,1.9,.75,2.7
2016,345,5,22.6,.9,10.6,87.8,26.3,59,.69,11.69,0,10,6.4,8.2,18.5,18.3,18.4,1.1,.3,129,70,3.3,2.9,2,1.8,.7,1.8
2016,346,5,23.7,3,12.8,83.4,25.8,55.1,.84,11.23,0,10.8,7,8.8,18.5,18.4,18.4,1.2,0,272,79,3.8,3.6,2.2,2,.76,3
2016,347,5,24,4.2,12.9,82.7,27.5,57.6,.8,11.44,0,11.1,7.2,9.1,18.6,18.5,18.6,.9,.3,109,66,3.3,3.9,2.1,1.7,.81,3.9
2016,348,5,23.6,6.8,13.6,84.3,29.9,58.4,.79,10.31,0,11.2,7.8,9.5,18.8,18.6,18.7,.7,.3,69,64,2.5,4.1,1.7,1.5,.87,4.9
2016,349,5,25.6,5,13.4,86.3,27.7,59.7,.81,10.95,0,11.4,7.7,9.5,18.9,18.8,18.9,1,.3,40,66,2.6,4.6,1.9,1.9,.87,4.9
2016,350,5,25.6,2,13.6,89,21.9,56.5,.93,10.47,0,11,7.3,9.3,19,18.8,18.9,1,.3,99,70,3.2,4.4,1.9,1.9,.8,3.7
2016,351,5,23.8,11.1,16.8,96.4,37.8,68,.72,8.59,1.78,12.1,9.2,10.6,19.2,18.9,19,2.7,1.5,193,55,10.8,4.9,2,2.5,1.24,10.1
2016,352,5,18,.5,10.2,93.1,23.4,55.2,.61,11.96,3.3,11.1,7.3,9.2,19.4,19.1,19.3,3.8,3,262,37,15.3,1.3,2.6,2.7,.68,.8
2016,353,5,15.6,-2.9,6.5,97.8,23.8,62.2,.47,12.25,0,7.4,4,5.9,19.2,18.2,18.7,2,1.7,344,29,6,.5,2.2,1.8,.55,-1.5
2016,354,5,20.1,2.8,11,67.1,21.5,46.1,.83,11.75,0,8.4,4,6,18.2,17.7,17.9,2.8,2.1,31,42,9.1,2.1,3.1,3,.57,-1
2016,355,5,21.5,4.7,13.7,77.3,22.7,46.2,.94,10.01,0,9.1,5.5,7.2,17.8,17.6,17.7,2,1.3,44,48,8.1,2.9,2.5,2.4,.7,1.8
2016,356,5,18.5,11,14.9,97.7,59.5,80.3,.34,3.58,1.52,9.5,7.7,8.6,18.1,17.7,17.9,1.8,.9,78,58,5.4,2.3,.3,1.1,1.38,11.5
2016,357,5,19.9,12.1,15.3,99.4,55,90.1,.18,5.45,13.97,10.6,9,9.7,18.5,18.1,18.3,2.1,.9,286,61,9.9,3.3,.6,1.2,1.57,13.6
2016,358,5,18.8,8.2,13,99.6,54.4,87.1,.23,9.06,0,10.8,8.5,9.5,18.6,18.4,18.5,1,.3,165,66,3.7,2.1,1,1.2,1.28,10.6
2016,359,5,18.2,4.1,8.8,100,42,88,.19,7.89,7.87,8.9,5.5,7,18.6,17.9,18.4,3.6,2.2,200,50,16.5,1.5,1.4,2,.98,6.5
2016,360,5,12.5,2.1,6.6,97.8,41.7,79.3,.24,10.43,.25,6.5,3.9,5.2,17.9,16.9,17.4,1.6,.6,231,65,5.6,0,1.2,1.2,.75,2.9
2016,361,5,15,-.1,6.5,96.1,38.1,76.1,.3,11.48,0,5.5,2.3,4,16.9,16,16.5,2,1.7,349,34,7.2,.4,1.7,1.5,.71,2.1
2016,362,5,18.9,-.2,8.2,98.2,38.3,78.6,.35,11.53,0,6.2,2.1,4.1,16,15.4,15.7,1.6,.1,119,78,5.8,1.5,1.7,1.6,.83,4.1
2016,363,5,15.3,2.4,8.5,99.7,58,88,.18,6.11,0,5.7,3,4.4,15.6,15.3,15.4,.9,.4,160,63,3,.5,.4,.9,.97,6.4
2016,364,5,23.1,6.2,13.1,99.6,26.8,69.6,.63,9.07,0,7.7,4.2,5.7,15.4,15.3,15.3,2.3,1.7,81,40,7.8,3.7,2,2.4,.96,6.4
2016,365,5,21.3,11.3,15.7,95.4,40.4,62.5,.71,9.46,1.52,8.9,5.4,7,15.9,15.4,15.6,3.3,2,70,52,8.6,3.8,2.3,2.7,1.1,8.2
2016,366,5,17.6,9.5,12.8,100,58.6,88.2,.2,7.94,0,9.2,7,8,16.4,15.9,16.2,1.5,.9,199,53,5.2,1.7,1,1.2,1.29,10.7
