2016,1,6,18.8,-2.5,7.1,68.6,26.9,45.8,.65,12.98,0,13.2,6.4,9.5,12.4,12.1,12.3,1,.5,159,57,4.2,1.4,2.1,1.6,.45,-4.4
2016,2,6,20.4,2.5,11.6,76.2,24.4,49.5,.8,13.01,0,14,8.1,10.8,12.6,12.3,12.4,3,2.5,41,31,8,2.2,3.2,3,.64,.6
2016,3,6,21,5.1,14.3,67.4,25.7,41.3,1.05,10.9,0,14.5,9.7,12.1,13,12.6,12.8,4.2,3.8,56,23,9.4,2.7,3.7,3.8,.64,.7
2016,4,6,15.6,10.4,13.3,97.1,34,63.4,.59,4.93,6.86,13.5,12.5,12.9,13.6,13,13.4,4,3.4,95,32,8.8,.9,1.5,2.2,.95,5.7
2016,5,6,15.4,9.4,12,98.8,78,91.7,.12,5.75,8.38,14.8,11.7,13,13.8,13.5,13.6,2.2,1.5,95,46,6.5,.8,.4,1,1.28,10.6
2016,6,6,16.6,8.5,11.8,94.1,42.9,77.7,.34,10.95,6.35,14.2,11.3,12.8,13.9,13.8,13.9,2.7,1.6,186,52,8.8,1.2,1.7,1.7,1.06,7.7
2016,7,6,12.5,6,9.6,94.1,67.3,85.9,.17,3.32,6.35,11.9,10.3,11.2,13.9,13.6,13.8,3.2,2.6,166,34,10.4,0,.3,.9,1.02,7.3
2016,8,6,12.9,4.8,8.5,93.8,52.7,78.6,.26,6.39,0,11.4,8.7,10,13.6,13.1,13.3,1.5,.9,201,50,6.1,0,.6,1.1,.87,4.9
2016,9,6,14.9,1.8,7.7,95.3,47.4,78.9,.27,13.16,0,13.4,7.2,10.1,13.1,12.6,12.9,.9,.6,161,51,3.3,.4,1.6,1.2,.81,3.9
2016,10,6,13.4,2.7,7.8,97.2,51.6,82.2,.23,9.07,0,12.6,8.3,10.1,12.9,12.6,12.7,1,.5,4,55,4.2,.1,1,1,.85,4.6
2016,11,6,14.7,.9,7.5,97.6,26.7,72.6,.36,13.64,0,12.8,7.4,9.9,12.8,12.4,12.6,1.2,.5,318,63,4.4,.3,2,1.4,.71,2
2016,12,6,17.8,-.9,7.1,96.6,26.1,68.3,.44,13.91,0,12.5,6.2,9.2,12.6,12.1,12.4,.8,.2,242,73,3.8,1.1,2,1.4,.64,.5
2016,13,6,19.2,-.4,7.8,91.8,22.2,65.7,.49,13.93,0,12.8,6.2,9.3,12.3,11.9,12.1,1.1,.5,174,63,4.6,1.6,2.1,1.7,.65,.8
2016,14,6,16.8,-.3,7.6,95.2,31.4,69.9,.41,13.42,0,13.1,6.6,9.6,12.2,11.9,12.1,.9,.2,129,71,3.5,.8,1.9,1.4,.69,1.7
2016,15,6,16.6,2.8,8.1,90.1,32.8,69.4,.39,9.72,0,12.5,7.8,9.8,12.2,12,12.1,1.7,.3,252,74,7.4,.9,1.5,1.7,.72,2.3
2016,16,6,17.1,-.5,8.1,95.7,33.3,72.4,.38,12.48,0,13.2,6.8,9.9,12.2,11.8,12,.8,.1,42,73,3.2,1,1.7,1.3,.76,2.9
2016,17,6,19.5,2.3,9.9,94.1,30.7,67.8,.5,14.11,0,14.8,8.2,11.3,12.4,12,12.2,.8,.2,183,68,3.3,1.8,2.2,1.6,.78,3.5
2016,18,6,20.4,1.7,9.4,95.2,25.6,71.5,.45,11.06,0,14.1,8.4,10.9,12.6,12.3,12.5,.9,.3,184,68,5.2,2.2,1.6,1.6,.81,3.8
2016,19,6,19.3,.8,10.4,95.5,28.8,65.6,.56,13.27,0,14.7,8.4,11.5,12.7,12.4,12.6,1.4,.2,244,76,9.7,1.7,2.2,1.8,.78,3.4
2016,20,6,20.9,4,12,88.1,29.3,60.9,.67,13.96,0,16,9.5,12.5,13,12.7,12.8,1.3,.7,187,57,4.5,2.5,2.5,2,.8,3.8
2016,21,6,20.5,2.6,10.8,93.5,12.3,54,.77,14.1,0,15.3,9.4,12.3,13.2,13,13.1,1.4,.7,348,58,6.1,2.2,2.8,2.2,.61,-.5
2016,22,6,21.9,1.1,11,81.8,15.8,48.8,.86,13.96,0,15.5,8.9,12,13.3,13,13.2,1,.2,30,72,3.7,2.7,2.7,2,.57,-1
2016,23,6,21.1,2.3,11.2,87.9,19.2,50.5,.83,12.06,0,15.2,9.3,12.1,13.3,13.1,13.2,1,.6,200,52,4.1,2.5,2.2,1.9,.6,-.2
2016,24,6,18.8,5.4,11.8,64.7,21.3,43.1,.87,14.84,0,15.6,9.9,12.5,13.4,13.2,13.3,2.7,1.9,213,44,8.2,1.8,3.6,3,.57,-1.1
2016,25,6,18.7,2.7,10,82.6,23.1,50.2,.7,14.34,0,15.9,9.7,12.4,13.5,13.2,13.4,1.1,.3,191,68,5.2,1.6,2.5,1.9,.58,-.7
2016,26,6,18.6,2.5,10,79.5,12.2,38.8,.88,15.44,0,14.9,9,11.8,13.5,13.2,13.4,2.2,1.7,342,37,7.7,1.5,3.7,2.9,.42,-5.4
2016,27,6,20.1,.5,10,71.2,13,35.4,.92,15.2,0,15.5,8.2,11.6,13.4,12.9,13.2,1.1,.3,14,71,4.4,1.9,3,2.2,.4,-5.8
2016,28,6,22.5,.3,9.6,79.8,15.3,46.5,.8,14.44,0,15.9,8.8,11.9,13.3,12.9,13.1,.9,.1,154,75,3.7,2.9,2.6,2.1,.5,-2.7
2016,29,6,21,.3,10.3,83.2,20,50,.79,14.25,0,15.9,8.8,12.1,13.3,13,13.2,1.1,.4,148,66,4.5,2.3,2.5,2.1,.58,-.8
2016,30,6,24.6,1.5,12.7,84.5,17.5,47.2,1.02,14.81,0,17,9.6,13,13.5,13.2,13.3,1.2,.2,264,74,6.6,3.8,3.1,2.6,.61,-.1
2016,31,6,25,6,16.2,88.2,18.7,40.7,1.25,12.52,4.32,17.1,10.9,14.1,13.9,13.5,13.7,4.1,3.4,184,32,17.5,4.6,4.1,4.7,.71,1.8
2016,32,6,11.8,5.3,8.9,72.8,38.1,52.3,.55,6.53,0,15.4,9.9,11.7,14.2,13.7,14,3.9,3.6,232,22,14.8,0,1.7,2.4,.59,-.4
2016,33,6,11.9,1,6,77.8,15.6,45.2,.56,16.94,0,12.9,7,9.7,13.7,12.8,13.1,2.6,2,268,38,7.6,0,3.2,2.5,.39,-6.2
2016,34,6,13,-4.1,4.5,88.5,20.2,50.5,.5,16.85,0,14.6,5.7,9.6,12.8,11.2,12.2,1.3,.3,66,72,5.1,0,2.6,1.9,.39,-6.2
2016,35,6,16.7,-3.4,6.2,85.4,11.5,43.8,.68,15.47,0,11.2,5.6,8.3,12.1,11.6,11.9,1.7,.9,331,54,6.7,.8,3,2.4,.35,-7.6
2016,36,6,18.9,-.6,9.2,73.6,14.3,37.8,.88,16.83,0,11.3,5.2,8.1,11.7,11.1,11.4,2.2,1.6,354,43,8.5,1.5,4,3.1,.39,-6
2016,37,6,22.1,.4,10.7,65.1,11.7,33.9,1.02,17.1,0,12.8,5.4,8.8,11.3,11,11.2,1.4,.8,357,52,4.8,2.7,3.7,2.8,.39,-6.2
2016,38,6,24.6,.6,12.3,68.3,12.5,36.6,1.15,17.16,0,14.8,6.4,10.3,11.5,11.2,11.3,1.2,.3,246,72,5.3,3.7,3.7,2.8,.45,-4.1
2016,39,6,28.2,3.3,14.9,66.6,11.4,36.7,1.37,17.22,0,16.8,8.2,12.2,12.1,11.5,11.8,1.1,.3,30,68,4.8,5.6,3.9,2.9,.54,-1.8
2016,40,6,28.2,4.2,15.8,66.6,13.1,36,1.43,17.22,0,18.2,9.6,13.6,12.9,12.1,12.5,1,.2,1,73,3.8,5.7,3.9,2.9,.57,-.9
2016,41,6,27.9,5.2,15.7,68.7,12.7,38.8,1.36,16.95,0,18.6,10.6,14.4,13.4,12.8,13.1,1.1,.4,29,66,4.6,5.7,3.9,3,.61,0
2016,42,6,28.1,4.2,15.3,76.6,12.8,40.6,1.28,17.66,0,19.3,11.3,15,13.9,13.4,13.6,1,.4,141,65,4,5.6,3.8,2.9,.64,.5
2016,43,6,27.6,4.2,15.5,75.1,12.2,39.6,1.33,17.93,0,19.7,11.6,15.3,14.3,13.9,14.1,1.1,.2,178,73,3.5,5.4,3.9,3.1,.61,-.1
2016,44,6,28.6,4,15.7,72.7,11,37.3,1.4,18.28,0,19.9,11.8,15.5,14.6,14.3,14.4,1.2,.4,195,65,4.2,5.8,4.1,3.3,.58,-.7
2016,45,6,26.9,3.9,15.4,74.9,13.2,37.7,1.3,17.71,0,19.8,12.2,15.9,14.9,14.6,14.7,1.2,.3,193,69,5,5,4,3.1,.59,-.5
2016,46,6,28.2,5.2,16.1,77,11.5,38.1,1.43,18.28,0,20.5,12.7,16.4,15.2,14.9,15,1.3,.2,242,74,4.5,5.8,4.3,3.4,.6,-.3
2016,47,6,28.4,4.4,16.6,76.1,13.6,36.8,1.46,18.67,0,22,13.1,16.9,15.7,15.2,15.4,1.2,.2,156,74,4,5.8,4.3,3.4,.62,.2
2016,48,6,31.4,6.1,17.8,75.1,11.7,37.6,1.61,18.62,0,19.4,12.4,16,15.8,15.4,15.6,1.2,.3,103,71,4.6,7.4,4.4,3.6,.67,1.3
2016,49,6,28.5,10.5,18.6,62.1,11.7,29.9,1.63,10.87,0,16.7,12.8,15,16,15.6,15.8,2,.9,168,60,5.7,7,3.2,4.1,.61,-.1
2016,50,6,28.1,9.2,17.1,67.6,13.1,38.2,1.4,14.87,0,18.5,12.4,14.9,15.7,15.3,15.5,1.3,.3,320,71,5.3,6.5,3.5,3.3,.68,1.3
2016,51,6,29,5.4,16.6,76.4,12,37.3,1.49,18.65,0,18.9,11.4,15,15.6,15.2,15.4,1,.4,228,65,3.7,6.3,4.2,3.2,.61,-.1
2016,52,6,28.6,6.9,17,60.8,12,33.3,1.51,19.44,0,20.3,12,15.8,15.6,15.3,15.5,1.5,.6,196,63,6.4,6.3,4.7,3.9,.59,-.6
2016,53,6,27.5,5.3,17.4,65.8,11.1,27.5,1.66,19.64,0,20.2,12.4,16.2,15.8,15.5,15.7,3,1.9,251,49,11.4,5.5,5.9,5.4,.48,-3.4
2016,54,6,21.6,7.1,15.4,50.8,10.4,22.9,1.42,19.73,0,19.6,13.4,16.3,16,15.7,15.9,2.9,2.4,319,32,7.3,3.2,5.6,4.6,.38,-6.4
2016,55,6,23.2,2.7,13.6,66.8,13,31.3,1.24,20.8,0,19.4,11.7,15.3,16,15.5,15.7,2,1.5,5,42,8.3,3.4,5,4,.44,-4.6
2016,56,6,26.9,3.6,14.9,62.9,10.9,30,1.45,20.49,0,20.3,11.7,15.8,15.8,15.4,15.6,1.1,.3,37,71,4.6,5.1,4.7,3.4,.44,-4.4
2016,57,6,29.4,3.9,16.8,76.7,10.3,30.4,1.66,20.23,0,21.3,12.6,16.7,15.9,15.5,15.7,1,.1,322,76,4.2,6.2,4.7,3.5,.49,-2.9
2016,58,6,29.3,5.4,17.2,70.5,9.7,30,1.66,20.16,0,21.7,13.4,17.3,16.2,15.8,16,1.3,.3,257,70,5.2,6.3,4.8,3.8,.5,-2.7
2016,59,6,29,4.6,17.7,68.8,9.9,28.2,1.71,20.07,0,22,13.9,17.8,16.4,16.1,16.3,1.4,.3,193,70,4.4,6,4.9,4,.5,-2.8
2016,60,6,30.8,7.5,18.9,58.7,10.7,27.4,1.83,19.92,0,22.8,14.8,18.5,17.4,16.4,16.7,1.3,.5,197,64,4.7,7.4,4.9,4.1,.54,-1.8
2016,61,6,31.5,6.4,18.3,65.7,10.2,33.6,1.71,19.62,0,20.6,14,17.4,17.5,17,17.2,1,.4,183,64,3.5,7.5,4.5,3.7,.61,0
2016,62,6,31.4,7.3,18.9,62,10.3,30.7,1.83,19.55,0,20.4,13.2,16.7,17.2,16.7,17,1.1,.1,160,78,4.2,7.5,4.7,3.9,.59,-.6
2016,63,6,31.3,8.1,18.9,69.1,8.8,31.7,1.81,19.93,0,21.5,13.4,17.1,17,16.6,16.8,.8,.1,43,78,3.1,7.7,4.7,3.5,.6,-.3
2016,64,6,31.3,6.9,19.2,64.5,8,26.6,1.94,20.67,0,22.7,14,18,17.1,16.8,17,1.1,.1,311,78,4.7,7.5,5.1,3.9,.51,-2.6
2016,65,6,28.4,10,20.1,41.3,10.7,20.5,2,17.22,0,21.9,15.1,18.5,17.3,17.1,17.2,1.5,.6,141,65,5.3,6.9,4.5,4.1,.46,-4
2016,66,6,27.4,15.1,20.7,44.6,12.6,24.8,1.92,16.37,0,21.6,16.4,18.8,17.5,17.3,17.4,3.1,2.1,220,46,8.6,8.5,5.5,5.7,.59,-.8
2016,67,6,21.6,7.7,15.2,59.3,19.2,34.4,1.19,19.63,0,20.4,14.8,17.7,17.6,17.2,17.4,2.8,2.1,239,40,9.2,3.3,5,4.4,.58,-.9
2016,68,6,21.7,6.7,14.3,73.1,17.4,41.7,1.07,20.72,0,20.7,14,17,17.4,16.9,17.1,2.4,1.7,233,41,6.1,3.1,4.8,4.1,.62,.1
2016,69,6,26.1,5.4,16.1,67.9,11.1,29.5,1.48,22.72,0,22.1,13.6,17.6,17.1,16.7,17,1.4,.6,201,62,4.7,4.9,5.3,4.1,.48,-3.3
2016,70,6,29.1,8.1,18.1,63.7,8.6,27.2,1.77,22.93,0,23.4,14.7,18.6,17.3,17,17.1,1.3,.6,134,60,4.2,6.8,5.5,4.4,.49,-3.1
2016,71,6,31.1,7.1,19,74.5,9.3,28.5,1.88,17.45,0,22,15,18.5,17.5,17.2,17.4,2.1,1.3,205,51,10.2,7.3,5,5.2,.53,-2
2016,72,6,21.5,9.5,15.8,55.7,21,35.8,1.21,23.89,0,22,15.8,18.7,17.6,17.4,17.5,3.1,2.5,228,34,9.4,3.5,5.9,5,.62,.1
2016,73,6,25.5,3.7,15.9,77.3,15,34.1,1.37,23.17,0,22.7,14.3,18.3,17.7,17.2,17.5,1.5,.5,198,67,5.6,4.4,5.2,4.2,.56,-1.3
2016,74,6,26.5,10.8,18.4,53.8,20.2,32.9,1.54,22.81,0,23.5,15.6,19.2,17.8,17.4,17.6,2,.9,179,60,7.8,6.1,5.8,4.8,.68,1.3
2016,75,6,28.8,7.5,18.2,71.2,10.1,35.2,1.63,22.65,0,24,15.7,19.6,18,17.7,17.9,1.1,.2,51,74,5.1,6.5,5.3,4.1,.63,0
2016,76,6,30.5,5.7,18.7,55.2,6.8,24.7,1.93,23.78,0,24.5,15.5,19.8,18.2,17.9,18.1,1.1,.4,176,66,4.2,7,5.7,4.3,.45,-4.2
2016,77,6,31.2,6.9,19.4,51.7,6.7,21.1,2.06,24.05,0,24.8,16,20.1,18.4,18.1,18.3,1.6,.5,221,68,6.3,7.5,6.3,5.2,.41,-5.4
2016,78,6,31.4,7.5,20.4,62.6,8.8,21.6,2.14,24.25,0,25.2,16.4,20.5,18.6,18.3,18.5,1.7,.8,202,60,6.7,7.6,6.5,5.5,.46,-3.9
2016,79,6,32.3,10.4,21.6,51.6,8.8,24.8,2.18,23.97,0,26.1,17.4,21.4,19,18.6,18.8,1.4,.5,174,65,6.7,8.6,6.2,5.1,.57,-1
2016,80,6,32.7,9.5,21.5,52.9,8.5,24.3,2.24,23.99,0,26.5,17.7,21.8,19.4,19,19.1,1.3,.4,93,67,4.2,8.5,6.1,4.9,.55,-1.5
2016,81,6,33.3,10.3,22.4,52.1,8.1,22.5,2.4,23.38,0,26.6,18,22.1,19.6,19.3,19.5,1.4,.5,200,65,5.4,8.8,6.3,5.1,.54,-1.8
2016,82,6,26.3,13.5,21.3,38.4,12.4,20.3,2.09,25.63,0,25.1,19,21.9,19.8,19.6,19.7,3.7,2.9,237,37,11.9,7.1,8.4,7,.5,-2.9
2016,83,6,23.4,8.3,16.6,43.5,7,18.3,1.63,26.92,0,23.7,17,20.2,19.9,19.4,19.6,2.9,2.5,291,32,10.6,4.1,7.4,6.1,.32,-8.9
2016,84,6,26.3,2.6,15.8,70.6,7.4,23.6,1.61,26.3,0,26.5,15.4,20.6,21.2,19.3,20,1.3,.2,182,75,6.3,4.6,6.1,4.6,.36,-7.2
2016,85,6,29.1,6.8,18.5,58.8,7.6,19.1,1.97,26.02,0,21.6,14.8,18.2,20.4,19.2,19.7,2,1.2,199,51,6.8,6.5,7,5.8,.36,-7.1
2016,86,6,29.4,11.3,21,36.5,9,16.7,2.23,26.12,0,21.4,13.9,17.5,19.3,18.6,18.9,2.5,1.5,205,53,7.1,7.8,7.7,6.6,.39,-6
2016,87,6,30.7,6.8,19.6,61.2,8.3,21.3,2.07,26.07,0,23.8,14,18.6,18.8,18.3,18.6,1.6,.7,187,61,8,7.2,6.9,5.6,.44,-4.7
2016,88,6,29.2,13,21.5,46.3,12.5,28.3,1.97,21.99,0,22.7,16.5,19.6,18.9,18.6,18.7,4.9,4.4,172,26,10.9,8.3,8,7.8,.7,1.7
2016,89,6,20.4,10.6,15.5,44.4,15.1,31.2,1.24,18.01,0,21.1,17,18.7,19,18.7,18.8,3.5,3,229,31,9.7,3.2,5.1,5.1,.54,-2
2016,90,6,20.4,7.7,14.1,64.4,14.2,31.5,1.17,25.02,0,21.9,14.6,18,18.7,18.1,18.4,2,1.4,232,47,8.8,2.7,5.6,4.5,.48,-3.6
2016,91,6,22.4,4.5,14,63.6,14,30.4,1.25,25,0,22.2,13.9,17.9,18.4,17.9,18.2,1.7,.8,215,60,7.6,3.2,5.6,4.4,.45,-4.2
2016,92,6,25.5,9.2,16.7,43.3,13.6,26.7,1.51,26.64,0,24.5,14.8,19.3,19.3,17.9,18.4,1.9,1.1,130,53,6,5.3,6.2,5.3,.49,-3.2
2016,93,6,28.1,5,18.1,67.4,9.6,28.8,1.76,26.77,0,22.2,15.1,18.6,19.2,18.6,18.9,1.3,.4,44,69,6.4,5.7,6.5,5,.52,-2.5
2016,94,6,31.5,6.8,19.8,72.6,8,25.4,2.08,26.97,0,22.4,14.2,18.2,18.8,18.4,18.6,1.2,.4,354,66,5.4,7.5,6.7,5.2,.48,-3.3
2016,95,6,32.8,9.6,21.6,56.7,6.3,20.8,2.34,26.72,0,25.4,14.8,19.8,18.9,18.4,18.6,1.3,.2,150,76,4.6,8.5,6.7,5.4,.47,-3.6
2016,96,6,33.2,9.6,22.5,66.1,7.2,21.1,2.42,23.74,0,25.8,17.1,21.2,19.4,18.9,19.1,1.4,.4,187,68,6.1,8.7,6.3,5.4,.5,-2.7
2016,97,6,34.8,10.3,23.6,50.7,4.9,20.8,2.7,24.76,0,27.6,17.7,22.4,22.6,19.4,20.6,1.2,.1,75,78,5.4,9.2,6.6,5.4,.5,-3.2
2016,98,6,32.2,17.2,24.8,82.6,7.7,24.9,2.54,13.82,.51,22.8,18.8,20.8,21.6,20.6,21,2.6,1.2,192,60,16.2,11.5,4.6,6,.69,.8
2016,99,6,27.4,13.7,19.9,99.6,27.8,66.1,.96,22.56,1.78,22.9,18,20.3,20.6,20.1,20.3,2.2,1,159,61,14.8,7.8,5.2,4.8,1.44,12.2
2016,100,6,29.1,12.6,20.8,86.9,14.3,46,1.55,25.68,0,24.8,17.3,20.6,20.4,20,20.2,2.2,1.8,157,36,8.1,8.1,6.5,5.7,1,6.5
2016,101,6,19.7,10.7,15.7,97.7,29.9,66.8,.63,10.48,4.83,20.6,17.1,18.7,20.4,19.8,20.1,2.5,1.7,170,46,10.1,2.9,1.9,2.7,1.17,8.9
2016,102,6,24.2,8,16.6,100,26.9,66,.83,24.72,0,23.6,14.8,18.9,19.8,19.1,19.4,.8,0,76,80,4.9,4.5,4.8,3.9,1.14,8.8
2016,103,6,27.5,10.8,19.6,86.5,19.5,50.5,1.36,26.79,0,26.3,16.4,21,19.9,19.4,19.5,1.6,.9,220,53,7,6.7,6.2,5.1,1.04,7.3
2016,104,6,30.1,13.3,21.8,69.6,13.8,39.1,1.83,27,0,27.8,17.9,22.5,20.4,19.8,20,1.6,.7,146,60,5.8,8.9,6.6,5.6,.92,5.7
2016,105,6,32.5,13.7,23.5,64.6,14.2,30.8,2.25,26.72,0,28.7,19,23.2,24.7,20.4,21.9,2.4,1.3,205,55,8.1,9.9,7.4,6.8,.81,3.8
2016,106,6,27.8,13.8,20.9,51.4,8.4,24.7,1.96,26.82,0,22.5,17.9,20.1,22.2,21,21.5,4.8,3.7,260,39,15.8,8,9.1,8.3,.57,-1.7
2016,107,6,26.7,8.8,19.3,52.1,11.7,21.8,1.87,27.86,0,25.1,15.3,19.8,21,20.1,20.5,2.4,1,248,61,7.2,5.8,7.4,6.1,.45,-4.1
2016,108,6,27.4,8.9,19.4,52.4,11.4,26.5,1.83,27.8,0,26.2,16.9,21.3,20.5,20.2,20.4,1.9,1,346,53,7.9,6.2,7.1,5.7,.54,-1.8
2016,109,6,29.6,9.9,20.7,53.1,8.8,23.8,2.1,28.44,0,26.7,17.5,22,20.8,20.4,20.6,2,.5,351,71,10.2,7.4,7.6,6.3,.5,-2.8
2016,110,6,32.3,8.3,21.9,57.3,7.5,21.3,2.4,27.46,0,28,18,22.8,21,20.6,20.8,1.4,.5,186,64,5.2,8.1,7.1,5.8,.47,-3.6
2016,111,6,34.9,10.6,23.4,55.3,5.7,20.6,2.68,28.72,0,29,18.9,23.7,21.4,20.9,21.1,1.4,.3,315,71,6.1,9.3,7.6,6.2,.5,-3
2016,112,6,35.9,11.4,25,55.1,5.8,19.1,2.94,27.69,0,29.7,19.6,24.3,26.5,21.4,23.1,1.4,.1,156,78,5.4,9.7,7.5,6.2,.51,-2.5
2016,113,6,36.6,18,27,32.6,5.4,15.2,3.27,28.73,0,25.9,18.6,22.1,23.3,22,22.5,3.1,2.1,193,47,9.4,12.8,9.5,9.1,.5,-2.9
2016,114,6,30.8,15.6,24.2,41,12.2,24.5,2.37,28.61,0,27.3,18.5,22.6,22.1,21.6,21.9,3.2,2.2,249,46,13.4,10.3,8.9,7.7,.73,2.1
2016,115,6,31.7,12.1,22.6,31.5,7.4,18.1,2.46,29.5,0,28.5,18.4,23.2,22,21.6,21.8,2.2,1.4,223,49,7.7,9,8.3,7.1,.45,-4.2
2016,116,6,26.8,16.8,21.6,48.7,5.9,22.1,2.09,30.55,0,26.7,20.2,23.2,22.1,21.8,21.9,5,4.3,240,31,13.6,9,10.3,9,.54,-3.2
2016,117,6,24.9,10.8,18.1,52.6,15.4,29,1.58,29.91,0,26.9,18.6,22.5,22,21.5,21.8,3.1,2.7,247,28,8.4,5.4,7.7,6.7,.57,-1.1
2016,118,6,28.6,9,20.4,56.7,11.3,23.6,2.01,26.63,0,27,18.6,22.6,21.8,21.4,21.6,2,1.3,188,47,8.4,6.8,6.8,6,.52,-2.3
2016,119,6,24.4,13.6,19.1,47.2,13.3,26.3,1.68,28.38,0,26.1,19.5,22.5,21.8,21.4,21.6,3.6,2.9,254,35,12.1,6.2,8.1,7,.56,-1.3
2016,120,6,27.3,12.9,20.1,63.2,18.7,33.6,1.69,27.93,0,27.3,19.1,22.9,21.7,21.3,21.5,2.7,2.1,241,40,9.9,7.3,7.5,6.5,.75,2.9
2016,121,6,28.6,13.9,20.1,61.5,13.6,34.7,1.69,23.72,0,26,19.6,22.7,21.8,21.5,21.6,4.3,2.3,178,55,13.9,8.5,7.7,7.6,.76,2.9
2016,122,6,25.7,13.1,19.4,80.6,24.6,47.8,1.29,25.55,0,26.8,19.7,23,21.8,21.4,21.6,1.6,.9,111,56,6,6.6,5.7,5.1,1.02,7.1
2016,123,6,30.9,10.6,21.9,83.1,13.6,36.1,1.98,28.56,0,28.5,19.5,23.8,22,21.5,21.7,1.7,.8,32,57,7.3,8.1,7.3,6.1,.82,4
2016,124,6,33.6,14.3,24.7,63,10.4,28.4,2.51,29.24,0,30.4,20.9,25.3,22.5,21.9,22.1,1.6,.7,5,61,5.9,10.5,7.7,6.6,.78,3.2
2016,125,6,38.5,13.8,27.3,64.9,6.7,23.4,3.37,29.32,0,31.3,21.5,26.2,23,22.5,22.7,2.2,1.1,210,58,9.6,11.1,8.9,8.1,.67,1.1
2016,126,6,35.6,18.1,27.2,26.9,7.6,15.3,3.27,29.57,0,27.6,21.7,25.1,26,23,24.4,5,4.5,183,27,11.5,12.7,11.5,11.2,.52,-2.2
2016,127,6,27.1,14.2,20.5,64.5,16.1,39.9,1.54,28.04,0,23.6,18.7,21,24.1,22.5,23.2,4,3.1,219,38,13.9,7.9,7.9,7.1,.92,5.7
2016,128,6,26.1,10.4,19.1,93.6,23.1,50.7,1.26,29.36,.25,25.5,17.4,21.2,22.5,21.7,22,2.2,.5,217,72,8.8,5.9,6.8,5.7,1.03,7.2
2016,129,6,26.5,13.1,20.3,83.9,20.5,45.5,1.44,25.95,0,27.2,18.9,22.8,22,21.7,21.9,2,1.3,228,48,7.8,7.1,6.2,5.5,1,6.7
2016,130,6,29.8,12.4,22,72.2,16.3,35,1.93,29.51,0,29.2,19.1,23.9,22.3,21.8,22,1.7,.7,209,62,6.2,8.4,7.2,6.2,.84,4.4
2016,131,6,32.9,12.9,24.4,65.3,10.1,29.2,2.41,29.67,0,30.4,20.5,25.2,22.8,22.3,22.4,1.7,.7,225,62,6.5,9.7,7.8,6.6,.8,3.6
2016,132,6,34.7,14.1,25.7,58.5,10.6,25.6,2.72,28.93,0,31.1,21.8,26.2,23.3,22.8,22.9,1.5,.4,178,71,5.2,10.6,7.7,6.6,.77,3.2
2016,133,6,38,15.2,27.3,49.7,6.4,21.6,3.29,29.23,0,30.7,22.2,26.2,25.6,23.2,24.2,1.4,.3,169,73,6.1,11.8,8,6.9,.66,.9
2016,134,6,39.5,15.9,29.3,53.7,7,19.4,3.67,30.12,0,28.8,21.2,24.9,24.4,23.7,24,1.8,.6,227,66,6.1,12.3,8.9,7.8,.69,1.6
2016,135,6,38.6,20.6,30,44.8,11.3,22.7,3.52,27.52,0,30.4,21.4,25.6,23.9,23.5,23.8,2.6,2,196,38,9.7,14.2,8.8,8.5,.92,5.6
2016,136,6,35.2,15.8,26.9,56.9,7.9,22.3,3,30.91,0,31,22.1,26.3,24.1,23.8,24,3.3,2.5,217,39,11.5,11.5,10.1,9.2,.7,1.5
2016,137,6,33.6,15,25.3,58.9,12.1,26.5,2.57,30.5,0,31.5,22.4,26.6,24.3,23.9,24.1,2.6,1.5,192,53,7.8,10.8,8.7,7.9,.79,3.4
2016,138,6,32.7,15.8,24.5,64.2,12.4,27.6,2.4,29.62,.51,30.8,22.7,26.5,24.5,24.1,24.3,3.5,1.6,246,59,13.1,11,9.2,8.6,.8,3.5
2016,139,6,30.6,16.7,23.4,79.2,20,44,1.79,25.56,0,30.7,22.9,26.4,24.5,24.1,24.4,1.7,.3,249,75,7.9,10.8,6.6,5.9,1.17,9.2
2016,140,6,33.4,14.2,25,71.8,13.4,35.6,2.33,29.89,0,32,22.8,27.2,24.6,24.2,24.4,1.1,.4,129,66,5.9,10.4,7.4,6.1,1,6.9
2016,141,6,36.4,19.4,28.5,43.3,7.6,22.2,3.27,30.3,0,31.4,23.9,27.5,24.9,24.6,24.7,4.6,4.1,187,26,10.2,13.4,11.2,10.8,.78,3.2
2016,142,6,33.5,19.3,26.2,39.4,9.9,21.7,2.82,29.54,0,30.5,24,27.1,25,24.7,24.9,5.1,4.5,192,30,12.6,12.8,11,10.7,.69,1.3
2016,143,6,31.2,13.3,23.7,60.1,14.6,27.3,2.33,30.79,0,31.7,22.8,27,25,24.6,24.8,2.3,1.4,229,52,7.8,9.3,8.5,7.3,.74,2.4
2016,144,6,32.5,14.7,24,31.6,8.8,18.4,2.63,31.43,0,31.9,22.7,27.2,25.1,24.6,24.9,2.1,1.4,196,46,9.1,10.4,8.6,7.5,.51,-2.5
2016,145,6,32.4,15.6,24.4,33.1,10.7,20.4,2.6,31.42,0,32.2,23.2,27.5,25.2,24.8,25,2.8,1.6,226,53,9.6,10.8,9.2,8.3,.59,-.5
2016,146,6,33.3,14.6,23.9,43.9,6.7,21.1,2.58,31.32,0,31.6,23.1,27.3,25.3,24.9,25.1,3.3,2.8,200,30,10.3,10.6,9.8,9,.55,-1.7
2016,147,6,29.2,13.5,22.3,46.6,12.4,27,2.12,31.19,0,29.7,23,26.1,28.8,25,26.3,2.2,1.2,218,54,7.2,8.5,8.2,6.9,.68,1.3
2016,148,6,33.3,15.5,24.8,33.5,10.8,21,2.7,30.84,0,27.9,20.1,24.1,26.2,24.6,25.2,1.7,1,172,53,6.4,11,8.2,7,.61,0
2016,149,6,35.9,16.6,27.4,35.8,7.8,18.7,3.25,31.03,0,28,20.1,24.1,24.7,24.1,24.4,2.5,1.5,200,50,7.6,12,9.3,8.4,.61,0
2016,150,6,36.6,17.7,27.6,42.7,5.8,17.2,3.35,31.98,0,30.8,20.9,25.6,24.5,24,24.3,2.8,2,199,44,7.7,12.7,10.1,9.2,.56,-1.7
2016,151,6,34.6,13.7,25.7,32.4,7.1,14.8,3.03,32.26,0,31.7,21.9,26.7,24.8,24.3,24.5,1.8,.9,222,59,6.3,10.4,9.1,7.6,.46,-4.1
2016,152,6,37.1,15.9,27.4,43.5,6.4,17.3,3.35,31.25,0,32.3,22.6,27.4,25.1,24.6,24.8,2.1,1.3,204,49,8.4,11.9,9.2,8.1,.56,-1.2
2016,153,6,39,22,31,36.4,8.4,16.1,3.99,30.81,0,33.5,24.7,28.9,25.6,25,25.2,3.2,1.9,218,52,9.2,14.8,10.4,10.1,.68,1.4
2016,154,6,41.9,20.3,31.2,42.6,5,16.2,4.2,31.12,0,34.5,25.2,29.8,26.1,25.6,25.7,2.1,.9,219,62,7.8,14.3,9.6,8.8,.66,.9
2016,155,6,44.6,23.6,35.2,34.7,4.3,13,5.31,30.95,0,35.6,26.3,30.9,26.7,26.1,26.3,2.3,1.5,267,50,7.3,15.6,10.4,9.6,.66,.7
2016,156,6,45.7,22,35.5,41.6,4.1,10.9,5.61,30.76,0,36.2,27.2,31.6,27.2,26.7,26.9,2.1,1.5,235,43,7.1,15.2,10.2,9.2,.56,-1.4
2016,157,6,45.5,21.9,35.1,36.2,4,11.7,5.47,30.98,0,37.1,27.8,32.3,27.7,27.2,27.4,1.7,.7,220,63,6.1,15.1,9.8,8.5,.58,-.8
2016,158,6,43.6,24,34.2,24.6,4.8,11,5.14,31.08,0,37.2,28.1,32.5,28.1,27.6,27.8,2.5,1.4,188,53,7.3,15.8,10.5,9.7,.55,-1.6
2016,159,6,41.2,22.6,32.8,27.6,6.7,12.7,4.6,31.72,0,37.1,28,32.5,28.4,27.9,28.1,2.8,1.2,186,61,7.3,15.2,10.7,10,.61,-.3
2016,160,6,41.9,24.5,33.5,53,9.2,24.7,4.21,29.87,0,37.8,29,33.3,28.8,28.3,28.5,2.4,1.2,239,58,8.7,15.9,9.5,9.2,1.17,9.1
2016,161,6,40.5,23.9,32.9,52.4,15.7,27.4,3.82,29.22,0,34.8,28.9,31.9,29.3,28.8,29,2.7,1.5,258,54,9.1,15.6,9.4,9.3,1.32,11
2016,162,6,37.5,24.6,30.7,61,25.1,35.7,2.94,22.2,0,31,26,28.2,29.3,28.2,28.7,2.5,1.3,269,56,8.4,15.7,7.1,7.4,1.56,13.5
2016,163,6,38.2,21.9,30.1,71.5,22,42.8,2.68,24.91,1.52,30.9,25.1,28,28.3,27.5,27.8,1.6,.8,212,57,10.6,14.7,6.8,6.7,1.73,15.1
2016,164,6,39.7,17.2,29.6,65.3,8.6,26.7,3.48,30.28,0,33.6,23.6,28.5,27.7,27.1,27.4,1.9,1,222,57,8.6,12.8,9.1,8.1,.95,5.8
2016,165,6,37.9,20.8,29.6,30.5,6.1,15.8,3.73,31.12,0,35,25.3,30,27.6,27.2,27.4,2.2,1.3,219,51,9.6,14.2,9.5,8.4,.6,-.3
2016,166,6,37.8,18.7,29,32.3,5.7,14.1,3.71,32.21,0,35.3,25.5,30.4,27.9,27.4,27.7,2.1,1.2,196,52,6.9,13.2,9.6,8.5,.52,-2.3
2016,167,6,39,17.2,29.7,40.2,5.3,14.6,3.91,32.21,0,35.6,26.1,30.8,28.1,27.7,27.9,2.3,1.4,201,51,7.9,12.8,10.1,9,.53,-2
2016,168,6,39.2,19.7,30,31,8.2,15.4,3.87,31.74,0,36.3,26.8,31.5,28.4,28,28.2,2,.9,191,60,6.4,13.9,9.5,8.4,.61,0
2016,169,6,40.3,20.9,31.4,33.6,6.1,15.4,4.21,31.94,0,34.4,27.7,30.7,29,28.4,28.7,1.9,.9,192,59,7.2,14.4,9.6,8.5,.64,.5
2016,170,6,43.3,18.8,32.9,40.2,5.6,14.6,4.82,31.26,0,31.8,24.6,28.2,29,28.2,28.5,1.4,.7,284,58,8.7,13.9,9.4,7.8,.63,.2
2016,171,6,47.3,22.6,36.6,39.4,5,13.6,5.95,31.01,0,36.1,24.6,30.1,28.3,27.7,28,1.6,.8,304,57,8.7,15.4,9.9,8.5,.72,2.1
2016,172,6,45.9,27.1,38.1,26,8.3,14,6.02,29.71,0,38,28.4,33.2,29,28.2,28.6,2.7,1.8,223,46,7.4,16.7,10.7,10.3,.88,5.1
2016,173,6,44.2,29,37,29.8,9.7,17.2,5.4,29.33,0,39.2,30.7,34.8,29.9,29,29.4,2.6,1.5,223,53,7,17.1,10.2,9.9,1.03,7.3
2016,174,6,44.4,26.8,36,29,10.1,18.2,5.15,30.03,0,39.5,30.9,35.1,30.5,29.9,30.1,2.5,1.5,214,53,8.3,16.6,10.2,9.9,1.03,7.3
2016,175,6,44.5,26.7,35.3,42.4,9.9,20.8,4.81,24.77,0,38.5,31.4,34.8,30.8,30.5,30.6,2.9,2.4,173,34,11.4,16.6,9.3,9.9,1.12,8.5
2016,176,6,43,25.3,35.5,48.5,10.3,21.2,4.86,29.13,0,39.6,31,35.1,31,30.6,30.8,2,1,213,58,6.7,16.1,9.3,8.7,1.12,8.5
2016,177,6,42.2,26.5,34.9,32.9,12.4,22.5,4.55,29.71,0,39.6,31.5,35.6,31.4,31,31.2,2.2,1.4,171,49,6.3,16.5,9.4,8.9,1.21,9.7
2016,178,6,40,29.9,34.4,41.6,15.5,26.2,4.09,14.44,0,35.9,32.6,34.2,31.6,31.3,31.5,2.1,1.2,226,54,5.6,17.2,5.2,6.6,1.39,11.9
2016,179,6,42.8,26.9,35.6,61.4,13.9,29,4.43,26.83,0,39.4,31.3,35,31.4,31,31.2,2.2,.5,108,72,10.2,16.7,8.7,8.5,1.57,13.6
2016,180,6,44.1,28.1,36.7,56.1,12.6,26.5,4.84,29.29,0,40.8,32.9,36.6,32,31.4,31.6,2.2,1.2,149,55,9.9,17,9.5,9.1,1.52,13.1
2016,181,6,40.8,26.8,34.7,67.1,18.2,34.6,3.83,25.39,0,39.6,33.6,36.6,32.4,32,32.2,3.2,1.8,131,53,13.8,16.6,8.5,9.2,1.83,16
2016,182,6,34.3,24.4,29.4,76.1,34.4,53.4,1.99,13.88,0,36.5,30,32.9,32.8,32.2,32.5,2.9,2.1,144,42,17,15.3,4.2,5.5,2.14,18.6
2016,183,6,35.2,24.6,29.9,84.4,30.3,55,2.04,20.02,0,31.8,28.3,29.6,32.2,30.8,31.5,2.3,1.7,139,43,6.9,15.5,5.8,6,2.25,19.3
2016,184,6,39.4,23.8,32.2,80.6,20.7,44,3.01,27.93,0,34.8,27.1,30.6,30.9,30.1,30.4,1.6,.2,92,77,6.6,15.5,7.9,7.3,1.95,16.9
2016,185,6,41.3,26.3,34.7,52,17.2,28.3,4.17,28.71,0,37.8,28.2,32.9,30.6,30.1,30.3,2.4,1.1,198,60,7.3,16.5,9.1,8.9,1.49,12.9
2016,186,6,43.3,25.9,35.3,48.4,11.3,23.4,4.68,29.6,0,39.3,30.1,34.5,31.1,30.6,30.7,2.3,1.3,223,53,7.2,16.4,9.6,9.3,1.24,9.9
2016,187,6,43.2,27.3,35.2,29.2,9.4,18,4.94,29.86,0,39.9,30.8,35.1,31.6,31.1,31.2,2.2,1.2,201,55,6.7,16.8,9.7,9.1,.97,6.5
2016,188,6,42.3,27.1,34.6,44.7,14.9,25.3,4.28,29.1,0,39.9,31.3,35.5,31.9,31.5,31.7,2.7,1.5,202,54,7.6,16.7,9.5,9.5,1.37,11.2
2016,189,6,42.4,25.9,34.7,46.9,13.1,27.5,4.25,29.14,0,37.1,30.5,34.2,32.8,31.9,32.4,2.3,1.3,216,53,7.8,16.4,9.3,9,1.43,12
2016,190,6,42.7,25.8,34.8,34.6,11,21,4.66,29.94,0,33.7,26.9,30.3,32.6,31.2,31.8,2.2,1,218,61,6.4,16.3,9.6,9,1.1,8.4
2016,191,6,43.6,26.5,35.8,47.3,10.7,19.9,5.01,29.72,0,38.2,27.6,32.6,31.3,30.7,31,2.3,1.2,237,55,7.8,16.5,9.8,9.2,1.09,8.1
2016,192,6,43.1,26.4,35.2,49.2,8.3,18.9,4.91,29.87,0,39.2,30.1,34.5,31.5,31.1,31.2,2.7,2,243,42,8.6,16.5,10.4,9.9,.98,6.2
2016,193,6,42.9,24.4,34.3,42.6,9,16.3,4.83,30.22,0,39.4,30.2,34.7,31.8,31.4,31.6,2.5,1.3,240,57,9.6,15.8,10.3,9.6,.83,4
2016,194,6,43.7,23.8,34.4,41.2,7.4,17.7,4.81,30.37,0,39.8,30.6,35.1,32.1,31.7,31.8,2.4,1,226,62,9.6,15.7,10,9.6,.88,4.8
2016,195,6,42.8,24.1,34.1,47.6,11.6,22.4,4.45,29.52,0,40.3,31.2,35.7,32.4,32,32.1,1.4,0,306,80,6.2,15.7,8.7,7.6,1.12,8.6
2016,196,6,43.9,27.4,36.5,41.8,10.5,20.3,5.12,29.33,0,36.3,31.1,34.1,32.9,32.4,32.7,2.3,1.3,260,53,8.1,16.8,9.7,9.2,1.16,9.1
2016,197,6,44.4,29.5,37.3,32,11.9,19.1,5.37,29.14,0,34.4,27.6,31.1,32.7,31.5,32,3,2.3,257,38,9.4,17.2,10.4,10.5,1.17,9.3
2016,198,6,42.3,28.9,36,40.2,13.2,23.9,4.66,28.42,0,38.9,29.1,33.7,31.6,31.2,31.4,2.4,.8,219,66,7.9,17.1,9.2,9,1.37,11.6
2016,199,6,40.2,28.8,35.1,36.9,16.7,25.4,4.31,19.88,0,36.8,31.2,34,31.9,31.6,31.7,2.5,1.5,186,51,8.4,17.1,7.1,7.8,1.41,12.1
2016,200,6,40.7,27.8,34,61.3,19.6,36.2,3.55,25.74,0,39.7,31.6,35.2,32.1,31.7,31.8,2.6,1.5,153,52,12.2,16.8,8.3,8.5,1.87,16.3
2016,201,6,41.9,26.6,33.8,72.7,15.1,37,3.62,28.02,.51,40.5,32.2,36.1,32.6,32.1,32.3,2.8,1.4,175,58,15.6,16.5,8.8,9.2,1.81,15.8
2016,202,6,41.4,24.4,33.2,91.1,16.3,45.2,3.29,26.97,4.06,39.1,31.2,34.8,32.8,32.3,32.5,1.8,.4,42,70,15.6,15.8,7.7,7.5,2.01,17.1
2016,203,6,43.6,25.5,35.5,73.4,14.2,34.3,4.24,27.21,0,37.2,31.6,34.1,32.7,32.5,32.6,1.4,.4,106,68,6.8,16.2,8,7.4,1.79,15.6
2016,204,6,44.6,29.5,36.8,50.2,13.6,25.8,4.84,25.1,0,34.8,28.6,31.7,32.7,31.9,32.2,2.7,.8,110,68,12,17.2,8.7,9.3,1.53,13.3
2016,205,6,43.9,28.2,36.8,45.5,13.8,26,4.82,27.81,0,39.1,29.2,33.8,32,31.5,31.7,2.9,2.1,259,43,8.1,16.9,9.7,9.8,1.55,13.5
2016,206,6,42.1,29.4,36.2,42.2,17.1,27.7,4.49,27.12,0,39.7,31.7,35.5,32.4,31.9,32.1,3.5,2.4,253,44,8.2,17.1,9.7,10.2,1.61,14
2016,207,6,41.5,27.1,35.1,56.2,18.1,31.7,4.09,26.45,0,40.6,32.6,36.3,32.9,32.4,32.6,2.6,1.1,282,61,8.9,16.7,8.7,8.7,1.7,14.9
2016,208,6,44,29.4,36.8,46.8,15.5,26,4.83,27.5,0,41.5,33.3,37.2,33.4,32.9,33.1,2.2,.7,286,66,12.7,17.1,9,8.7,1.55,13.5
2016,209,6,44.6,29.9,37,51.5,14.2,29.7,4.7,26.8,0,41.6,34,37.6,33.8,33.4,33.5,3.3,1.9,209,53,12.9,17.2,9.5,10.3,1.74,15.2
2016,210,6,43.4,28.8,36.4,54.9,14.9,30.1,4.52,26.78,0,37.7,32.8,35.3,34.2,33.8,34,2.3,.8,146,65,8.9,17.1,8.5,8.7,1.72,15
2016,211,6,43.7,24.6,35.8,85.4,16,35,4.23,27.27,6.35,35.4,29.6,32.5,33.9,32.8,33.3,3.8,1.7,227,60,23.8,15.9,9.5,10.4,1.87,16.3
2016,212,6,37.4,24.3,30.9,87.3,28.4,53.7,2.31,26.64,0,34.5,28.8,31.4,32.9,32,32.4,2.9,1.5,248,57,10,15.5,7.7,7.7,2.26,19.3
2016,213,6,38.6,27.1,32.5,71.7,27.9,45.4,2.82,23.14,0,37,29.2,32.6,32.1,31.5,31.8,2.9,2.2,264,41,8,16.6,7.2,7.8,2.15,18.6
2016,214,6,36.5,22,29.7,94.3,28.1,57.2,2.04,22.95,2.79,36.4,29.6,32.6,31.9,31.5,31.7,2.9,2.4,165,34,12.3,14.5,6.5,6.8,2.24,19.2
2016,215,6,37.4,24.9,30.2,89.4,32.1,61.5,1.83,22.22,.25,37.6,30.2,33.3,31.8,31.4,31.6,3.2,2,151,48,10.6,15.8,6.5,7,2.54,21.3
2016,216,6,38,25.2,29.9,90.7,30.6,65.7,1.66,23.13,7.62,38.3,30.2,33.3,31.9,31.5,31.7,2,.7,111,66,8.4,15.9,6,6.3,2.66,22
2016,217,6,36.7,25.5,30.8,91.6,30.1,60.1,2.01,22.7,0,35.2,29.6,31.9,31.9,31.3,31.6,2.2,1.8,138,36,7.9,16,6.3,6.4,2.53,21.1
2016,218,6,35.6,27.7,31.7,76.1,35.6,54.7,2.19,18.25,0,34.2,30.1,31.7,31.5,31.2,31.4,2,.9,51,61,8.1,16.7,5.1,5.5,2.51,21.1
2016,219,6,41.4,25.6,33.1,80.4,14.6,46.5,3.11,27.27,0,34,28.2,30.9,31.4,30.8,31.1,1.4,.7,94,56,6.6,16.2,7.6,7,2.14,18.3
2016,220,6,42.5,25.5,35.4,71.5,16.1,32.6,4.19,26.92,0,37.9,27.9,32.4,31.1,30.6,30.9,1.7,.7,169,63,6.8,16.3,8.2,7.5,1.73,14.9
2016,221,6,43,26.8,35.7,52.6,8.9,20.4,4.94,27.51,0,39.4,29.8,34.3,31.6,31.1,31.3,2.1,1.2,224,53,7.1,16.6,8.9,8.3,1.11,8.3
2016,222,6,34.6,27.8,31.2,65.4,30.3,47.1,2.43,16.29,0,34.9,31.6,33.2,31.9,31.6,31.8,3.5,2.9,172,34,16.3,16.7,5.5,6.6,2.13,18.4
2016,223,6,38.5,26.6,31.6,78,28,52.1,2.42,25.93,0,38.2,29.9,33.7,31.8,31.3,31.5,2.6,1.8,190,44,10.6,16.5,7.5,7.6,2.32,19.8
2016,224,6,36.6,23.8,29.5,94.9,35.2,65.6,1.55,21.91,5.59,35.5,30.4,32.7,31.9,31.5,31.7,1.9,1.1,128,51,7.4,15.3,5.4,5.8,2.63,21.9
2016,225,6,40.3,26.2,33.2,75.6,18.7,43.8,3.12,26.57,0,38.8,29.3,33.7,31.7,31.2,31.5,2.2,1.4,265,47,8.9,16.4,8,7.7,2.1,18.1
2016,226,6,42,28.5,35,58.4,14.7,33.8,3.94,26.67,0,40.1,31.2,35.3,32.2,31.7,31.8,2.7,.6,217,71,11.8,17,8.6,8.8,1.8,15.6
2016,227,6,41.1,24.8,33.5,62,15.7,31.1,3.85,26.85,0,39.7,31.5,35.3,32.5,32.1,32.3,2.2,1.6,121,41,7.8,15.9,8.4,8,1.51,13
2016,228,6,42.2,25.5,35,57.6,15.2,28,4.3,26.58,0,40.3,31.6,35.7,32.7,32.3,32.5,1.8,1,143,52,6.1,16.2,8.2,7.5,1.49,12.9
2016,229,6,43.4,24.9,34.3,64.9,12.6,30.5,4.11,25.9,0,40.7,32,36,33,32.6,32.8,2.3,1,84,61,11.1,16.1,8.3,8.3,1.52,13.1
2016,230,6,42.8,25.7,34.7,58.8,10.7,27.1,4.35,27.01,0,40,32.4,35.9,33.1,32.8,33,2.4,.9,119,65,7.7,16.2,9.1,8.7,1.37,11.3
2016,231,6,39.5,28.6,33.1,58.8,15.6,28.7,3.74,17.64,0,37.8,32.9,34.8,33.3,32.9,33.1,2.9,2,329,45,10.8,17.1,6.5,7.8,1.41,11.9
2016,232,6,40,25.1,32.5,52,15.2,29.7,3.63,25.43,0,36.8,29.9,33.3,33,32.7,32.9,3.6,1.4,233,63,11.5,16,9,9.5,1.39,11.8
2016,233,6,38.6,23.5,31.1,68.1,19.8,37.8,3.07,26.41,0,32.6,27.2,29.7,33,31.6,32.2,2.5,.4,269,74,12.1,15.3,8.2,7.8,1.6,13.9
2016,234,6,38.2,24.3,30.1,63.5,19.5,42.6,2.64,25.29,0,35,26.4,30.1,31.6,30.7,31.1,2.8,1.9,177,46,13.9,15.6,7.6,7.8,1.74,15.2
2016,235,6,37.6,22.8,30.4,73.6,19.6,42.4,2.72,24.87,0,36,27.5,31.6,31,30.6,30.8,2.4,.5,194,72,10.1,15,7.5,7.2,1.73,15.1
2016,236,6,38,22.5,30.7,73.8,16.4,37.9,2.99,25.76,0,37,28.9,32.7,31.1,30.8,31,2.4,1.1,337,59,7.9,14.9,7.8,7.5,1.56,13.4
2016,237,6,39.4,21.8,30.5,70.2,15.9,37.3,3.04,25.5,0,37.5,29.1,33.1,31.3,31,31.1,1.6,.7,357,59,12,14.7,7.3,6.6,1.52,13.1
2016,238,6,39.4,21.8,31.3,65,14.5,32.5,3.4,24.71,0,34.4,29.1,31.5,31.5,31.2,31.3,1.6,.8,256,56,8.8,14.7,7.3,6.5,1.37,11.6
2016,239,6,36.7,24.9,31.1,59.2,26,38.2,2.88,22.47,0,31.4,26.6,28.7,31.3,30.4,30.8,2.3,.8,85,66,7.5,15.7,6.8,6.8,1.69,14.8
2016,240,6,37,24.8,30.2,64.7,11.6,31.5,3.1,24.67,0,33.8,25.5,29.2,30.4,29.7,30,2.1,.5,33,70,6.4,15.7,7.4,7,1.27,10.1
2016,241,6,38.1,19.7,29.6,48.5,11.3,25.6,3.36,26.01,0,35.2,25.8,30.3,30,29.6,29.8,1.4,.4,285,70,11,13.7,7.5,6.2,.98,6.5
2016,242,6,39.2,20,30.3,64.3,10.9,27.9,3.49,26.07,0,35.7,27,31.2,30.1,29.8,30,1.3,.7,49,55,7.6,14,7.5,6.2,1.07,7.9
2016,243,6,41.3,20.7,31.7,62.8,13.4,28.5,3.67,25.04,0,36.4,27.7,31.8,30.4,30,30.2,2.4,1.4,79,52,10.7,14.4,8.2,7.9,1.27,10.3
2016,244,6,40,24.6,33.1,56.8,16.3,32.8,3.64,24.93,0,36.9,29.1,32.7,30.7,30.4,30.5,2.7,2.2,86,35,11.9,15.8,8.2,8.1,1.58,13.8
2016,245,6,39.6,27.1,32.2,65.1,20.9,42.9,2.89,20.8,.25,34.6,29.2,31.9,31,30.7,31,2.2,.9,155,62,12.5,16.6,6.4,6.8,1.99,17.3
2016,246,6,39.8,23.8,32.2,73.9,17.8,40.5,3.17,24.2,0,32.9,27,29.7,31,30.3,30.6,1.3,.2,7,73,5,15.5,6.7,6.1,1.81,15.8
2016,247,6,41,24,32.6,45,9.5,25.6,3.94,24.93,0,33.2,25.7,29.2,30.4,29.8,30.1,3.4,2.8,178,33,9.4,15.7,9.2,9.3,1.16,8.5
2016,248,6,39.2,18.5,29.8,32.6,5.4,15.1,3.85,26.74,0,34,25.3,29.5,30,29.4,29.7,2.3,1.4,194,51,8.8,13.4,8.8,7.8,.58,-.8
2016,249,6,39.2,21,30.2,43.2,8.6,21.4,3.7,25.99,0,34.6,25.9,30,29.8,29.3,29.5,2.1,1.3,173,50,5.4,14.4,8.1,7.3,.81,3.8
2016,250,6,38.4,19.8,30.4,56.6,18.1,28.1,3.29,22.35,0,34.2,26.6,30.4,29.8,29.4,29.6,2.3,1.7,181,44,8.1,13.8,7.2,7,1.24,9.1
2016,251,6,30.3,23.1,26.5,94.4,49.5,72.3,1.03,11.17,2.54,31.4,27.6,29.4,29.9,29.6,29.7,2.8,.9,215,67,6.8,13.9,2.9,3.6,2.45,20.7
2016,252,6,35.2,21.1,27.9,93.8,31.2,61.9,1.69,23.06,0,34.4,25.8,29.7,29.6,29,29.2,2,1.3,223,48,6.9,14,5.9,5.6,2.19,18.9
2016,253,6,38.9,22.7,30.7,77.3,18.2,43.9,2.82,23.91,0,35.7,27.5,31.3,29.7,29.3,29.5,1.8,1.1,242,51,7,15,6.9,6.4,1.77,15.4
2016,254,6,40.5,24.2,31.9,58.2,13.4,32.1,3.55,23.65,0,36.4,28.2,32,30.1,29.7,29.8,1.6,.8,185,56,5,15.7,7,6.4,1.37,11.3
2016,255,6,39.7,21.4,31.8,52.9,12.1,24.7,3.8,23.68,0,36,28.4,32,30.3,30,30.1,2,1.3,220,49,7.2,14.6,7.7,6.9,1.08,8
2016,256,6,37.9,24.7,30.4,54.2,19.9,39,2.79,19.75,0,35.6,28.9,31.8,30.5,30.1,30.3,2.5,1.9,149,39,10,15.7,6.2,6.6,1.65,14.4
2016,257,6,37.8,21.2,29.8,75.9,15.8,41.2,2.75,17.54,0,32.8,28.2,30.5,30.5,30,30.3,4,3,172,41,10.9,14.3,6.9,7.8,1.6,13.7
2016,258,6,36.5,20.5,28.7,64.7,14,32.6,2.87,22.62,0,34.6,27.3,30.7,30.2,29.8,30,1.8,1.1,228,52,7,13.9,6.8,6,1.2,9.2
2016,259,6,36.1,17.9,27,44.3,7.7,22.1,3.07,24.51,0,32.2,26.4,29.1,30.1,29.5,29.8,1.5,.6,230,63,5.1,12.7,7,5.7,.69,1.5
2016,260,6,36.1,15.7,26,44.3,8.4,22.7,2.85,24.01,0,28.6,22.1,25.5,29.7,28.5,29.1,1.4,.5,105,65,4.2,11.6,6.7,5.5,.71,2
2016,261,6,37.5,15.3,26.2,61.9,10.5,27.2,2.84,23.9,0,28.3,21.6,24.9,28.5,27.7,28,1,.4,51,63,3.9,11.7,6.4,5,.84,4.3
2016,262,6,39.7,14.5,27.9,64.4,7.2,24.3,3.31,23.71,0,31,21.8,26.1,27.8,27.2,27.5,.9,.3,128,67,4.8,11.6,6.4,4.9,.79,3.5
2016,263,6,37.5,15.6,27.7,66.1,11.6,32.4,2.78,15.56,0,29.4,23.1,26.5,27.6,27.2,27.5,2.6,2,253,40,8.4,11.9,5.4,6.3,1.15,8.4
2016,264,6,32.8,24.5,28.5,69.1,34.8,48.8,2.05,11.64,0,29.4,25.9,27.4,27.5,27.4,27.5,3.3,2.6,317,37,9,15.2,4.4,5.3,1.86,16.3
2016,265,6,38.2,22,29.5,75.5,19.7,51.2,2.27,21.83,0,33.3,25.5,29.1,27.9,27.5,27.6,2.2,1.4,233,49,9.4,14.7,6.4,6.2,1.99,17.3
2016,266,6,31.7,22.6,27,77.9,42.5,63,1.37,15.01,0,29.7,26.6,28.3,28.2,27.9,28.1,2.7,1.8,220,47,8.4,14,4,4.5,2.22,19.1
2016,267,6,31.1,16.3,25,74.2,6.2,27.4,2.4,22.61,0,26.6,22.1,24.8,28.2,27.3,27.8,2.5,1.8,254,44,9.6,10.8,7,6,.82,.7
2016,268,6,32.3,10,22,61.6,9.5,23.8,2.29,23.17,0,26.7,18.8,22.5,27.4,26.1,26.6,1.5,.2,237,76,7.7,8.4,6.2,5,.56,-1.3
2016,269,6,35.2,13.3,25,61.2,10.7,27.6,2.67,22.59,0,28.8,19.9,24.1,26.2,25.6,25.9,1.9,1.2,15,48,6.6,10.3,6.7,5.8,.76,2.9
2016,270,6,29.5,19.5,24.7,54.3,21.2,36.4,2.01,12.76,0,26.6,23,24.7,26,25.8,25.9,4.1,3.7,92,28,12.7,11.7,5.2,6.1,1.14,8.6
2016,271,6,30.7,19.5,24,78.8,28.4,48,1.61,19.23,.76,28.1,22.5,24.8,26,25.6,25.8,4.2,3.3,92,38,15.1,12.2,6,6.4,1.41,12
2016,272,6,35.2,17.9,26.2,89.4,26,54.3,1.91,17.17,0,29.4,22.4,25.7,26,25.6,25.8,1.9,1.3,143,46,7.7,12.5,4.8,4.8,1.69,14.8
2016,273,6,33.2,21.4,26.3,91.6,28.5,58.1,1.57,16.26,1.78,30.3,25.1,27.1,26.5,25.9,26.2,1.4,.7,30,56,8.4,13.8,4.1,4,1.92,16.7
2016,274,6,35.4,18.8,26.9,84.4,20.5,51.3,2.01,20.48,0,28.6,23.2,25.5,26.5,26.2,26.4,1.7,.3,83,73,8.1,13,5.6,5,1.68,14.7
2016,275,6,36,18.1,26.8,78.2,16.2,43.8,2.28,20.74,0,28,22.5,25.1,26.4,26,26.2,1,.2,83,74,6.9,12.7,5.4,4.3,1.41,11.9
2016,276,6,28.2,18.8,23.1,97,37.3,70.6,.87,8.48,4.32,25,22.5,24,26.2,25.8,26,1.5,.5,54,65,9.6,10.7,1.6,2.5,1.99,17.1
2016,277,6,29,14.5,21.9,98.4,9,46.5,1.66,21.61,0,25.5,21,23,25.8,25.3,25.5,2.2,1.5,246,47,9,9,6,4.9,1.07,5.6
2016,278,6,29.6,9.8,20.2,66.8,11.2,33,1.81,21.15,0,26.5,18.2,22.1,25.4,24.5,24.9,1.4,.6,186,60,5.2,7.4,5.3,4.2,.7,1.6
2016,279,6,31.7,9.9,22.1,64.4,14.2,34.2,2.02,19.92,0,27.1,19.1,23,24.7,24.2,24.5,1.4,.2,274,76,5.3,8.3,5.1,4.2,.82,4.1
2016,280,6,31.8,13.4,23.1,65.5,14,36.5,2.01,20.08,0,27.7,20.7,24.2,24.7,24.3,24.5,1.3,.3,211,98,4.2,9.5,5.1,4.1,.95,6.2
2016,281,6,35.4,11.5,23.4,72.6,12.7,34.5,2.28,20.46,0,25.6,19.5,22.6,24.9,24.3,24.6,1.1,.4,9,63,5.4,9.7,5.3,4.2,.87,4.8
2016,282,6,36.2,21.5,28.5,60.6,17.5,33.5,2.77,19.7,0,26.3,20.3,22.9,24.5,24.1,24.3,2.9,2.3,84,35,8.6,14.3,6.5,6.6,1.25,10.1
2016,283,6,35.6,18.3,26.5,69.6,17.3,42,2.29,19.65,0,28.9,21,24.6,24.6,24.2,24.3,1.2,.7,60,55,5.4,12.8,5.2,4.3,1.36,11.4
2016,284,6,35.5,15.6,25.9,68,13.8,32.5,2.52,19.21,0,29.5,21.7,25.3,24.9,24.6,24.7,1.1,.3,137,70,4.8,11.5,5.1,4.1,1,6.9
2016,285,6,36.4,15,25.7,52.7,8.2,26.7,2.75,20.05,0,29.7,21.8,25.5,25.1,24.8,24.9,1.7,.5,208,68,6.1,11.4,5.9,5.1,.79,3.4
2016,286,6,33.7,12,23.4,56.2,8.7,22.6,2.49,18.02,0,28.1,21.4,24.7,25.2,24.8,25,1.3,.2,154,74,4.8,9.4,4.9,4.1,.59,-.6
2016,287,6,34,12.2,22.8,54.9,8.8,26.2,2.3,20.01,0,28,20.9,24.4,25.1,24.5,24.8,1.1,.2,92,75,4,9.7,5.2,3.9,.67,1.1
2016,288,6,34.8,11.4,23.5,58.7,9,26,2.47,19.73,0,25.4,19.6,22.6,25,24.4,24.7,1,.2,45,72,3.6,9.5,5.1,3.8,.67,1.2
2016,289,6,35.1,11.7,24.3,60.3,9.9,24.5,2.57,19.77,0,24.6,18.3,21.5,24.5,23.8,24.1,1.4,.4,210,69,4.6,9.6,5.4,4.4,.68,1.4
2016,290,6,34.4,12.8,24.2,52.7,13,26.7,2.48,19.28,0,26.2,18.1,21.9,23.9,23.4,23.6,1.5,.5,202,66,5.5,10,5.4,4.4,.75,2.8
2016,291,6,32.7,14.7,24.2,56.3,15.7,29.8,2.29,19.06,0,27.3,19.7,23.2,23.8,23.4,23.6,2,.9,210,61,6.2,10.5,5.6,4.9,.86,4.7
2016,292,6,33,15,23.5,54,17.4,34.8,2.12,18.75,0,27.9,20.2,23.8,23.9,23.6,23.8,1.3,.3,225,72,4.8,10.7,4.9,3.9,.94,6.1
2016,293,6,33,13.7,22.8,61.6,12.5,34.8,2.08,18.74,0,27.9,20.5,24,24.1,23.8,24,1.2,.3,246,70,5.1,10.1,4.8,3.8,.87,4.9
2016,294,6,35.9,12,24,61.7,9,26.9,2.52,18.66,0,26.5,20,23.2,24.2,23.7,23.9,1.6,1.3,49,34,7.7,10,5.5,4.7,.71,1.9
2016,295,6,35.3,19.3,26.8,48.3,13.4,27.6,2.71,17.94,0,23.8,19,21.3,24,23.4,23.6,2.6,2.3,69,23,9.1,13.2,6.1,5.8,.94,6
2016,296,6,36.5,14,25.4,64.4,12.8,30.3,2.61,17.56,0,25,18.8,21.7,23.4,23,23.2,1.1,.4,259,66,4.8,11,4.9,3.8,.88,5.1
2016,297,6,35.4,15.1,25.5,53.9,16.4,31.3,2.46,16.99,0,26.9,19.1,22.7,23.3,23,23.1,1.2,.4,111,64,6.3,11.3,4.6,3.7,.98,6.6
2016,298,6,32.7,17.6,25.9,63,26.4,38.9,2.18,11.04,0,26.2,21.1,23.6,23.6,23.3,23.4,1.2,.3,147,71,4,11.9,3.1,3.2,1.27,10.5
2016,299,6,33.5,17.6,25.6,69.2,23.6,44,2.03,17.02,0,28.4,21.5,24.7,23.9,23.6,23.7,1.2,.1,296,77,5.3,12.1,4.4,3.6,1.37,11.6
2016,300,6,35.2,15.8,24.8,72,19.6,42.7,2.08,17.1,0,28.6,21.5,24.8,24.2,23.9,24,.9,.1,282,77,4,11.6,4.3,3.4,1.24,10
2016,301,6,37.8,15.9,26.5,71.7,13.4,36.1,2.59,14.85,0,28.4,21.9,25,24.4,24.1,24.2,.9,.2,256,69,3.4,12,3.9,3.3,1.11,8.5
2016,302,6,34.8,18.5,26.2,67.6,16,34.8,2.42,12.48,0,27.9,23,25.3,24.5,24.3,24.4,1.3,.4,210,66,4.3,12.8,3.7,3.5,1.11,8.4
2016,303,6,35.2,14.4,24.6,62.1,16.4,35.5,2.26,16.81,0,28.6,21.5,24.9,24.6,24.3,24.5,1.1,.2,73,72,4.9,10.9,4.4,3.5,1.03,7.4
2016,304,6,34,15.2,24.6,62.8,18.8,35.8,2.22,14.32,0,27.9,21.9,24.8,24.6,24.3,24.5,.9,.1,130,77,4.2,11.1,3.7,2.9,1.05,7.7
2016,305,6,29,18.2,23.6,48.8,31.4,38.5,1.84,12.42,0,26.3,21.7,24,24.6,24.2,24.4,2,1.2,220,49,5.2,10.8,3.7,3.7,1.13,8.6
2016,306,6,27.5,13.5,20.7,61.3,21.6,35.4,1.67,16.05,0,26.5,20.8,23.5,24.4,24,24.2,1.3,.6,226,57,5.4,7.7,4,3.1,.83,4.2
2016,307,6,28.1,8.8,19.1,69.3,20.3,36,1.58,16.36,0,25.5,19.3,22.3,24.1,23.6,23.8,1.3,.4,231,68,5.4,6.4,4,3.1,.76,2.9
2016,308,6,29.1,14.6,19.6,94.8,29.8,63.5,.94,9.3,12.19,23.5,19.4,21.3,23.7,23.3,23.5,2.8,1.7,4,50,12.3,9.1,2.7,3.7,1.4,11.7
2016,309,6,25.6,11.7,17.4,99.1,38.8,79.8,.51,12.09,0,22.4,17.3,19.5,23.3,22.4,22.8,1,.2,199,74,4.2,6,2,2.1,1.54,13.3
2016,310,6,27,12.3,18.6,98.3,32.7,74.5,.7,15.56,0,23.2,17.4,20.1,22.5,22,22.2,.8,.3,156,66,3.3,6.9,2.8,2.3,1.52,13.2
2016,311,6,28.2,11.6,19.1,96.7,31.2,68.4,.88,15.65,0,24,17.5,20.4,22.2,21.9,22.1,.7,.2,106,72,2.6,7.2,2.9,2.3,1.42,12.2
2016,312,6,28.8,11,19.5,95.9,27.5,64.1,1.03,15.5,0,24.6,17.6,20.8,22.2,21.8,22,.8,.4,294,57,3.3,7.4,3.1,2.4,1.35,11.3
2016,313,6,30.4,12.6,21.4,88.4,18.6,49.3,1.55,15.7,0,24.4,18.3,21.1,22.2,21.9,22,2.5,2.1,73,31,9.4,8.7,4.7,4.2,1.13,8.6
2016,314,6,26.7,14.3,20.9,59.9,18.4,32.1,1.75,15.64,0,23.4,18.5,20.7,22.2,21.9,22,3.9,3.8,74,15,10.2,7.8,5.6,5.3,.77,3.2
2016,315,6,25.2,14.2,19.2,61.6,22.8,37.6,1.43,15.26,0,21.5,17.4,19.5,22,21.3,21.6,3.7,3.3,74,29,11.8,6.9,5.1,4.7,.83,4.1
2016,316,6,27.7,10.2,18.5,78,20.8,48.6,1.25,14.96,0,20.3,15.2,17.5,21.4,20.7,21,1.6,1.1,49,46,7.8,6.6,3.6,3,.99,6.7
2016,317,6,27.6,9.4,18,79.8,21.3,49.7,1.24,15.02,0,19.6,14.8,17.1,20.8,20.2,20.5,1.5,1.2,75,38,7.3,6.3,3.6,3,.96,6.4
2016,318,6,28.5,8.7,18.1,76.9,19.4,46.6,1.33,14.49,0,20.8,14.3,17.4,20.3,19.9,20.1,.9,.1,176,74,3.9,6.6,3.1,2.3,.89,5.2
2016,319,6,29.4,8.1,17.7,78.4,13.6,44.6,1.37,15.12,0,21.8,14.6,17.9,20.1,19.8,19.9,.8,.2,189,71,2.6,6.9,3.2,2.2,.81,3.9
2016,320,6,29,6.9,17.6,77.2,13.1,41.6,1.42,14.89,0,21.9,14.9,18.1,20.1,19.7,19.9,1,.2,226,74,4.2,6.4,3.4,2.6,.75,2.9
2016,321,6,27.8,9.1,18.6,71.4,13.4,36.9,1.52,11.6,0,21,15.6,18.3,20,19.8,19.9,1.2,.3,150,72,4,6.3,2.9,2.6,.73,2.3
2016,322,6,21.5,7.6,16,58,9,25.8,1.42,15.02,0,20.4,15.8,17.8,20,19.7,19.8,2.2,1.7,245,39,6.7,3.2,4.2,3.3,.44,-4.9
2016,323,6,23.8,2.1,12.4,77.7,8.8,33.5,1.15,15,0,19.4,12.9,16,19.8,19,19.4,1.1,.2,352,72,5,3.6,3.2,2.3,.42,-5.3
2016,324,6,27.8,4.7,16.6,69.2,13.4,33.7,1.5,13.63,0,19.5,13.1,16.3,19.1,18.6,18.9,2.2,1.6,72,42,8.6,5.6,4.1,3.8,.59,-.7
2016,325,6,22.7,11.8,16.7,89.9,21.7,47.8,1.04,5.19,1.02,18.3,15.7,17.1,19,18.8,18.9,2,1,318,57,6.6,4.6,1.4,2.5,.9,4.7
2016,326,6,20.7,8.7,15.8,100,43.6,76.1,.48,11.39,1.02,19.2,16,17.3,19,18.8,18.9,2.3,1.7,255,43,9.9,3,2.2,1.8,1.34,11.1
2016,327,6,21.4,5.8,13.1,91.7,31.5,66,.63,13.92,0,19.6,13.4,16.3,19,18.5,18.7,1.2,.2,302,75,4,2.9,2.4,1.9,.95,6.2
2016,328,6,22.9,3.5,12.7,93.9,25,62.8,.71,13.99,0,19.3,13.1,16,18.7,18.2,18.5,1,.4,298,62,4.7,3.3,2.6,1.9,.86,4.7
2016,329,6,24.1,5,14.7,83.2,10.7,41.2,1.2,14.23,0,18.5,13.1,15.6,18.5,18,18.2,2.7,2.4,345,27,6.9,3.9,4.1,3.6,.58,-1.6
2016,330,6,25.8,4.6,15,66,14.2,32.9,1.3,13.21,0,18.9,12.8,15.7,18.2,17.8,18,2.1,1.5,46,43,6.7,4.7,3.7,3.4,.53,-2
2016,331,6,22.4,9.2,15.8,64.7,22.3,38.2,1.18,5.77,0,17,13.9,15.5,18,17.8,17.9,1.9,.8,193,61,10.6,3.8,1.9,2.7,.66,1
2016,332,6,18,7.5,13.2,94,33.9,55.4,.74,12.66,3.56,17.6,13.8,15.7,17.9,17.7,17.8,3.8,2.9,246,40,13.8,1.7,3.2,2.9,.8,3.7
2016,333,6,15.7,4.8,10,95.1,37.7,74.1,.37,8.77,0,14.9,11.7,13.6,17.8,17.2,17.5,1.8,.9,170,58,4.7,.7,1.1,1.5,.88,5.1
2016,334,6,15.6,1.5,8.6,98.9,24,64.4,.49,13.79,0,15.9,10.6,13,17.2,16.6,16.9,1.4,.8,291,51,6.6,.5,2.3,1.6,.67,.9
2016,335,6,16.5,-1.5,7,93.3,17.5,57.7,.56,13.71,0,15.3,9,11.9,16.7,16,16.3,1.1,.4,300,64,5.4,.8,2.3,1.5,.52,-2.4
2016,336,6,16.5,.5,7.4,83.6,18,52.1,.6,12.57,0,15.2,9.2,11.8,16.1,15.5,15.8,1.1,.1,146,76,3.6,.8,2,1.6,.5,-2.9
2016,337,6,16.2,2.5,8.9,79.6,23.3,48.7,.66,10.98,0,14.9,9.9,12.1,15.7,15.3,15.5,1.5,.6,304,62,5.1,.7,2,1.8,.52,-2.2
2016,338,6,19.5,2.1,10.9,79.2,19.4,41.5,.89,13.08,0,15.2,9.6,12.3,15.5,15.2,15.4,2.2,1.6,326,41,8.1,1.9,3.2,2.6,.49,-2.9
2016,339,6,21.1,3,11,65,11.3,33.6,.99,13.51,0,16,9.6,12.6,15.4,15.1,15.2,1.4,.4,21,70,5,2.5,2.8,2.2,.4,-5.8
2016,340,6,19.9,-.4,9.8,76.8,15.6,39.6,.86,11.9,0,15.6,9.5,12.4,15.4,15,15.2,1,.2,151,73,3.6,1.9,2.2,1.7,.44,-4.4
2016,341,6,20.5,1.7,10.6,70.6,30,50.1,.73,11.7,0,17.5,10.1,13.5,15.2,14.7,15,.8,.2,299,71,3.6,2.2,2,1.5,.64,.2
2016,342,6,18.6,2.8,11.5,90.3,47.9,65.2,.54,9.21,0,14.9,10.8,13.1,15.4,15.1,15.3,1.1,.4,238,64,4.6,1.6,1.4,1.4,.88,4.9
2016,343,6,19.6,3.1,10.8,86.7,37.9,63.4,.56,12.24,0,15,9.7,12.3,15.3,14.9,15.1,1.1,.2,302,73,4,1.9,2,1.6,.8,3.7
2016,344,6,20.9,3.1,11.5,88.3,30.4,60.1,.67,12.08,0,15.2,9.5,12.2,15.1,14.7,14.9,.8,0,235,79,4.2,2.5,2,1.4,.77,3.2
2016,345,6,21,2.3,11.6,83.7,30,56.9,.71,12.21,0,15.2,9.4,12.3,14.9,14.6,14.8,.7,.3,165,62,2.8,2.4,2,1.4,.74,2.7
2016,346,6,23.8,4.9,13.3,82.6,27.7,55.5,.82,11.75,0,16,10.4,13,14.9,14.7,14.8,.9,.2,125,71,3.2,3.8,2.1,1.7,.8,3.8
2016,347,6,23.2,5.4,13.9,80.9,31.1,55.7,.83,12.19,0,16.5,10.6,13.4,15.1,14.8,14.9,1,.2,229,74,3.7,3.7,2.2,1.7,.85,4.6
2016,348,6,24,6.4,14.1,80.1,29.1,56.8,.82,10.56,0,16.7,11.5,13.9,15.3,15,15.1,.8,.3,162,65,3.3,4.1,1.9,1.6,.87,4.9
2016,349,6,24.2,5.6,13.4,84.3,31,59.8,.75,11.32,0,17.1,11.3,13.9,15.4,15.1,15.2,.7,.2,2,69,2.7,4.1,1.9,1.5,.88,5.1
2016,350,6,25.1,4.4,14.5,87.2,24.9,56.1,.91,11.35,.25,17.2,11.1,14.1,15.4,15.2,15.3,.9,.1,280,78,4.1,4.3,2.1,1.7,.86,4.7
2016,351,6,24.4,11.7,17.6,97.6,38.6,68.2,.75,10.28,2.03,18.3,14.1,15.9,15.9,15.4,15.6,2.4,1.1,167,58,8.7,5.4,2.2,2.4,1.31,10.9
2016,352,6,17.6,2.1,11.1,74.3,21.3,43.4,.79,12.61,0,16.2,12.1,14.4,16.1,15.9,16,3.6,3.2,262,27,14.2,1.2,3.2,2.9,.57,-1.6
2016,353,6,15.8,-2,6,89.6,21.3,56.5,.51,12.57,0,14.1,8.5,11.2,15.9,14.9,15.4,1.4,.6,319,61,5.9,.5,2.2,1.6,.49,-3.1
2016,354,6,20.9,2,11,67.4,20.1,40.5,.91,12.36,0,14.5,8.2,11.2,14.9,14.2,14.6,1.9,1.6,358,30,6.6,2.4,2.9,2.5,.5,-2.8
2016,355,6,21.2,5,13.6,78.9,22.2,45.5,.97,10.57,0,15.6,10.2,12.7,14.5,14.2,14.4,1.1,.7,8,51,4.5,2.8,2.2,1.8,.67,1.1
2016,356,6,20.5,11.6,15.8,87.9,44.3,66.6,.61,4.57,.25,15.7,13.1,14.3,14.9,14.5,14.7,1.5,.6,55,62,4.8,3.5,.7,1.5,1.21,9.5
2016,357,6,18.9,10.8,15,100,70.1,89.8,.19,9.62,7.87,16.9,14.1,15.3,15.5,14.9,15.2,2.3,1.6,267,44,9.4,2.5,1.4,1.2,1.53,13.2
2016,358,6,19.1,8.9,13.6,97.8,53,86,.25,8.3,0,17.2,13.6,14.8,15.6,15.4,15.5,.9,.4,138,60,3.5,2.3,.9,1.1,1.32,11
2016,359,6,18,5.8,9.6,99.4,50.3,85.6,.2,4.35,7.62,14,10.4,12.3,15.6,15.1,15.4,3.5,2.7,188,40,13.7,1.5,.7,1.8,1.01,7.1
2016,360,6,12.5,2.5,7.2,94.7,40.3,75.5,.29,12.54,1.02,12.7,8.4,10.3,15.2,14.2,14.6,2,.9,205,60,8.6,0,1.7,1.3,.75,2.8
2016,361,6,15.5,.5,7,98.3,33.5,73.4,.34,12.24,0,11.9,6.9,9.3,14.2,13.5,13.8,1.6,1.2,343,37,5.8,.5,1.8,1.5,.7,1.9
2016,362,6,20.2,.5,9.4,97.7,31.7,72.6,.44,12.47,0,13.2,7,9.9,13.5,13.1,13.3,1.1,.3,252,71,4.3,2.1,1.9,1.5,.82,4
2016,363,6,16.5,3.6,9.4,97.7,52,83.5,.24,6.99,0,12.5,8.6,10.5,13.4,13.1,13.2,.8,.5,176,44,2.5,.9,.6,1,.97,6.5
2016,364,6,23.8,7.2,14,96.5,31.2,67,.68,10.92,0,15.1,10,12.1,13.6,13.2,13.3,2.2,1.8,86,37,10.3,4.1,2.3,2.5,.99,6.8
2016,365,6,21.5,10.1,16.1,94.1,40.3,61.7,.75,9.99,0,16.5,11.6,13.8,14.1,13.6,13.8,3.3,2,73,50,10.2,3.5,2.4,2.6,1.11,8.3
2016,366,6,18,10.1,13.9,98.5,56.2,82.1,.32,9.99,0,16.7,12.9,14.7,14.7,14.1,14.4,1.7,.9,223,57,6.3,2,1.5,1.4,1.28,10.6
