2016,1,7,16.2,-5.2,5.8,61.9,23.8,39,.65,11.36,0,10.8,5.5,8.1,11,10.8,10.9,1.3,.6,144,57,5.7,.6,2,1.7,.36,-7.5
2016,2,7,18.3,-.7,7.6,71.1,22.7,46.5,.68,11.27,0,11.6,6.8,9.1,11,10.9,10.9,1.9,1.7,126,27,6.1,1.3,2.3,2.2,.45,-4.1
2016,3,7,18.5,.8,10.5,65.4,27.5,41.6,.85,8.28,0,11.6,8,9.8,11.1,10.9,11,2.8,2.6,129,24,10.9,1.5,2.4,2.8,.51,-2.6
2016,4,7,13.9,7.7,10.1,96.7,29.6,67,.44,2.9,5.84,11.2,10.3,10.7,11.4,11.1,11.3,2.3,2.1,145,24,7.3,.2,.5,1.6,.8,3
2016,5,7,10.9,8.4,9.7,98.8,89.3,95.7,.05,2.85,8.89,11.3,10.4,10.8,11.6,11.4,11.5,2.4,2.2,139,23,8,0,0,.5,1.15,9
2016,6,7,12.1,6,9.2,97.4,59.2,81.2,.23,8.22,14.99,11.7,9.3,10.7,11.7,11.5,11.6,2.3,1.4,196,51,10.3,0,1,1.1,.94,6
2016,7,7,9.9,3.6,7.6,98.4,67.7,84.2,.17,5.48,4.32,10.4,8.8,9.7,11.7,11.6,11.7,3.3,1.7,236,56,9.2,0,.5,.8,.88,5
2016,8,7,10.9,2,5.7,99.8,56.5,83.5,.18,9.47,0,10.5,6.9,8.5,11.6,11.2,11.5,1.4,.9,273,51,7.1,0,1.1,1,.75,2.9
2016,9,7,13.2,-.2,6.1,99,34.1,76.9,.28,12.32,.25,10.6,5.7,8.2,11.3,10.9,11.1,.9,.5,137,58,4.2,0,1.5,1.1,.7,1.7
2016,10,7,10.9,2.4,6.5,97.9,55.4,84.1,.17,5.71,.25,10.2,7.8,8.9,11,10.9,10.9,1.7,.7,60,61,6.6,0,.4,.9,.81,3.8
2016,11,7,13.2,1.3,6.4,95.8,27.5,66.3,.38,12.72,0,9.8,5.8,7.8,11,10.6,10.9,2,1.6,358,35,6.3,0,2,1.6,.61,-.2
2016,12,7,15.8,.1,7.2,82.2,22,55.5,.54,12.94,0,10.2,5.2,7.6,10.7,10.4,10.6,1.3,.2,320,73,4.1,.6,2,1.6,.52,-2.2
2016,13,7,18,-1,7.4,89.7,19,57.8,.58,12.85,0,10.9,5.5,8,10.4,10.2,10.4,1.4,.5,152,64,3.8,1.2,2.2,1.8,.54,-1.7
2016,14,7,16.6,-2.3,6.7,89.6,21.3,57.8,.55,12.44,0,10.7,5.4,8,10.4,10.2,10.3,1.3,.5,128,62,3.8,.7,2,1.7,.51,-2.5
2016,15,7,15.1,2.3,7.6,83.1,34.7,60.7,.46,7.47,0,9.5,6.4,7.9,10.3,10.1,10.2,2.3,.5,126,71,9.6,.4,1.2,1.9,.61,0
2016,16,7,16.9,-.5,8,88.2,23.9,56.2,.56,10.28,0,10.3,5.3,7.8,10.2,10,10.1,1.2,.1,220,78,5.1,.9,1.6,1.6,.56,-1.2
2016,17,7,20.8,1.3,10.1,83.2,20.8,53.9,.74,13.09,0,12.3,6,8.9,10.1,10,10.1,1.2,.2,241,76,4.8,2.3,2.5,2,.61,0
2016,18,7,17.6,3.5,9.6,75.8,29.2,55.2,.62,8.65,0,11.1,7.5,9.2,10.3,10.1,10.2,2.5,2.1,118,32,6.1,1.2,1.8,2.4,.63,.4
2016,19,7,19.2,1.9,10.3,83.2,28.4,57.2,.66,11.64,0,12.3,6.8,9.5,10.4,10.3,10.4,1.5,.6,138,63,4.7,1.7,2.1,1.9,.67,1.3
2016,20,7,20,1.7,10.5,91.4,25,62,.61,12.98,0,13.6,8.1,10.8,10.7,10.3,10.5,1.7,.6,322,66,8.1,2,2.5,2.1,.74,2.6
2016,21,7,19.4,2.1,10.7,76.9,11.6,41.2,.88,12.7,0,13.5,8.2,10.8,10.9,10.6,10.8,1.5,.7,52,61,6.7,1.8,2.5,2.3,.47,-3.9
2016,22,7,21,1.4,10,65.5,9.4,38.5,.93,11.78,0,13,7.8,10.4,11.1,10.9,11,1.5,1.2,138,32,4.8,2.4,2.5,2.4,.4,-5.8
2016,23,7,20.5,3.8,11.3,61.2,13.3,36.8,.98,10.04,0,12.8,8.3,10.5,11.1,10.9,11,1.7,1.4,133,38,5.7,2.3,2.4,2.6,.44,-4.5
2016,24,7,17.3,.6,9.4,71.3,21.4,43.1,.77,13.72,0,13,8.1,10.6,11.1,11,11.1,2.6,1.8,307,44,9.4,1,3.2,2.7,.47,-3.5
2016,25,7,17.5,3.6,10.6,58.7,21,35.9,.88,13.74,0,13.2,8.6,10.8,11.2,11,11.1,3.4,2.7,334,36,9.1,1.2,3.8,3.4,.44,-4.4
2016,26,7,17.5,2.1,9.5,49,12.1,26.4,.95,14.14,0,12.8,7.7,10.2,11.2,11,11.1,2.4,1.6,348,45,7.9,1.2,3.5,3,.29,-9.8
2016,27,7,19.3,.4,9.8,51,9.9,27.1,1.01,14,0,13.5,7.4,10.3,11.1,10.9,11,1.6,.3,276,73,4.8,1.7,3.1,2.6,.29,-9.8
2016,28,7,22.4,1.3,10.4,58.4,10.9,32.1,1.03,14.11,0,14.4,8.1,10.9,11.1,10.9,11,1.3,.3,116,70,3.7,2.9,3,2.5,.36,-7.2
2016,29,7,22.6,1.4,10.7,56.2,9.6,34.6,1.02,12.69,0,14.1,8.5,11.3,11.2,11,11.2,1.4,.8,139,53,3.7,2.9,2.7,2.6,.39,-6.2
2016,30,7,21,3.1,12.2,59.3,18.1,37.4,1.02,13.4,0,14.3,9.2,11.7,11.4,11.2,11.3,2.9,2.5,140,31,7.4,2.5,3.5,3.6,.49,-3
2016,31,7,20.4,3.9,12.4,93.1,28.3,49.7,.82,13.6,4.32,14.6,10.2,12.4,11.6,11.3,11.5,5.8,3.3,197,53,15.9,2.3,4.2,4.2,.69,1.5
2016,32,7,8.4,1.3,5.6,87.8,43.3,58,.39,6.4,0,13.1,7.9,9.7,11.8,11.5,11.7,5.5,4.9,273,26,21,0,1.6,2,.52,-2.2
2016,33,7,10.3,-.6,4.8,63,18.4,35.2,.59,15.12,0,10.1,4.9,7.3,11.6,10.7,11.2,2.8,2.1,310,41,8.8,0,3,2.5,.29,-10.1
2016,34,7,11.3,-1.2,4.5,52.8,17.1,33.3,.6,15.45,0,10.6,4.8,7.5,10.7,10.2,10.5,2.3,1.6,351,45,7.8,0,2.8,2.4,.27,-10.9
2016,35,7,16.4,-3.3,6.6,73.3,6.6,36,.77,14.89,0,10.6,4.8,7.6,10.3,10,10.2,2.7,2,356,42,7.5,.7,3.6,3.1,.29,-9.9
2016,36,7,18.3,4.3,10.6,43.6,14.9,28.5,.99,15.51,0,12.5,6.7,9.3,10.1,9.9,10,3,2.4,4,35,9,1.6,4,3.7,.34,-7.7
2016,37,7,20.8,-2.3,9.5,62.7,8.2,30.5,1,15.84,0,13.1,6.6,9.7,10.3,10,10.2,1.7,.5,43,68,6.3,2.1,3.6,3,.31,-9.3
2016,38,7,25.2,4.1,14.1,47.8,9.6,25.9,1.37,15.91,0,14.4,7.8,10.9,10.5,10.2,10.4,2.4,1.7,20,44,7.5,4.4,4.4,4.1,.37,-6.8
2016,39,7,27.4,7.9,17,33.7,6.9,20.4,1.71,16.24,0,16,9.5,12.5,11,10.4,10.8,1.9,1.4,4,40,6.3,5.9,4.6,3.9,.35,-7.4
2016,40,7,28.7,5.2,16.1,46.1,6.3,24.3,1.62,16.4,0,16.9,10.5,13.5,11.5,10.9,11.3,1.8,.6,61,65,8.1,6.1,4.4,3.9,.38,-6.5
2016,41,7,27.7,4.6,15.3,50.8,9.1,28,1.51,15.16,0,17,10.9,13.9,11.9,11.5,11.8,1.3,.6,135,61,4.3,5.6,3.6,3.2,.41,-5.3
2016,42,7,28.3,6.2,15.9,47.8,9,28.1,1.55,16.65,0,17.9,11.4,14.4,12.3,11.9,12.1,1.6,.5,175,67,4.2,6,4.3,3.7,.44,-4.4
2016,43,7,29.5,4.7,16.1,52.9,8.5,28.1,1.61,16.68,0,18,11.8,14.8,12.6,12.3,12.5,1.6,1,142,50,5.5,6.3,4.3,3.8,.44,-4.5
2016,44,7,27.8,3.9,16.3,53.7,9.6,26.6,1.64,16.08,0,18.3,12.2,15.2,12.9,12.6,12.8,1.5,.2,202,76,4.8,5.5,4.1,3.6,.43,-4.9
2016,45,7,27.7,7,17.8,40.9,6,18.8,1.83,16.06,0,17.8,12.4,15.2,13.2,12.9,13.1,3.2,2.5,331,37,11.2,5.9,5.6,5.5,.34,-7.9
2016,46,7,27.7,13,19.9,33.1,12.4,21.6,1.91,16.72,0,18.9,13.7,16.1,13.5,13.2,13.4,3.3,2.7,335,33,8.7,7.6,5.8,5.6,.49,-3.1
2016,47,7,28.8,8.4,18.1,51.2,12.8,29.5,1.69,17.23,0,19.9,13.7,16.6,13.8,13.5,13.7,1.3,.3,132,72,4.9,6.8,4.2,3.4,.56,-1.3
2016,48,7,27.3,5.8,17.6,55.8,12.6,29.7,1.68,17.34,0,19.1,13.7,16.4,14.1,13.8,14,2.8,2.3,146,33,9.2,5.5,5.3,4.8,.52,-2.1
2016,49,7,24.6,11,17.7,41.8,15.3,28,1.54,10.8,0,18.5,15.3,16.8,14.3,14.1,14.2,2.3,1.6,151,46,7.7,5.3,3.4,4,.54,-1.7
2016,50,7,26,8.9,17,47,14.4,28.5,1.53,14.39,0,19.1,14.4,16.5,14.5,14.3,14.4,2,1.6,132,36,7.7,5.4,4,3.9,.51,-2.5
2016,51,7,27,7.2,16.5,47.1,13.5,29.8,1.53,17.47,0,20,14,16.9,14.6,14.4,14.5,1.6,.2,139,77,6.5,5.6,4.4,3.7,.52,-2.3
2016,52,7,27.8,5.6,17.2,49.3,6.4,25.2,1.71,18.11,0,19.8,13.9,16.8,14.8,14.6,14.7,2.2,1.4,282,48,7.9,5.8,5.2,4.5,.42,-5.2
2016,53,7,25.5,7.6,17,40.2,9.2,21.2,1.66,18.03,0,19.1,14.2,16.8,14.9,14.7,14.8,4,3.7,323,24,13.3,5,6.4,6,.38,-6.5
2016,54,7,19.9,5.8,13.9,29.3,8.1,16.9,1.37,17.78,0,18.1,13.8,16,15,14.8,14.9,3.1,1.7,344,53,10,2.3,5.2,4.5,.25,-11.5
2016,55,7,22.3,.1,11.9,44.2,8.3,22.9,1.25,18.73,0,18.2,11.9,15,14.9,14.5,14.7,1.3,.1,54,78,5.4,2.8,4.2,3.1,.28,-10.2
2016,56,7,27,5.2,15.2,40,7.7,20.9,1.61,18.56,0,19,12.4,15.5,14.6,14.4,14.5,1.5,.2,184,74,4.8,5.3,4.5,3.8,.31,-8.8
2016,57,7,28.3,5.6,16.6,41,8,22,1.73,18.67,0,19.6,13.3,16.4,14.7,14.4,14.6,1.6,1.3,134,33,5.6,5.9,4.8,4.1,.36,-7
2016,58,7,28.3,6.4,16.8,41,8,23.4,1.71,18.39,0,20.1,14,16.9,14.9,14.6,14.8,1.8,.7,166,64,5.5,6.1,4.9,4.4,.39,-6
2016,59,7,28.3,4.7,17.1,42.2,8,22.4,1.78,17.59,0,20,14.1,17,15.1,14.8,15,1.8,.5,229,69,6.1,5.8,4.8,4.3,.38,-6.2
2016,60,7,29.2,9.3,18.3,37.4,10.2,23.6,1.84,18.86,0,21,14.9,17.8,15.3,15,15.2,1.8,.8,216,61,7.1,7.2,5.1,4.4,.45,-4.1
2016,61,7,29.9,7.6,18.4,43.4,9.4,24.1,1.88,17.75,0,21.1,15.3,18.1,15.6,15.2,15.5,1.6,.5,176,65,6.1,7.1,4.7,4.2,.46,-3.9
2016,62,7,29.7,6.5,18.4,44.5,8.4,23.2,1.87,18.39,0,21.2,15.5,18.2,15.8,15.5,15.7,1.9,.7,150,64,6.9,6.8,5.1,4.7,.44,-4.6
2016,63,7,28.9,6.9,17.7,41.2,8.4,22.2,1.83,16.19,0,20.4,15.4,17.9,16,15.7,15.9,1.8,1.5,145,31,5.8,6.4,4.6,4.4,.39,-5.9
2016,64,7,28.9,8.2,18.8,39.7,5.8,19.2,1.99,19.87,0,21,15.4,18.1,16,15.9,15.9,2.3,1.8,149,39,7.5,6.7,5.9,5.2,.35,-7.4
2016,65,7,25.4,6.8,17.3,36.8,9.6,20.8,1.72,15.44,0,19.6,15.4,17.7,16.1,15.9,16.1,2.4,1.9,151,37,6.6,4.8,4.7,4.7,.38,-6.3
2016,66,7,24.3,9.9,17.2,41,12.7,29.7,1.43,14.9,0,20.1,16.7,18.2,16.1,16,16.1,4,2.4,236,52,17,4.9,5.2,5.5,.58,-1
2016,67,7,18,2.3,10.7,62.4,22.9,40.1,.84,14.92,0,18.2,14.3,16.3,16.2,15.9,16.1,2.7,1.1,242,62,9.7,1.3,3.5,3.4,.5,-2.9
2016,68,7,22,2.6,13.1,71.4,13.6,37,1.14,20.53,0,18.5,12.9,15.6,16,15.5,15.8,3.2,2.8,312,29,12.4,2.9,5.5,4.7,.48,-3.6
2016,69,7,25.5,5.2,15.8,39,10.6,21.6,1.56,20.74,0,19.5,13.6,16.5,15.6,15.4,15.5,2.9,2.3,326,36,8.4,4.6,6,5.4,.36,-7
2016,70,7,28.3,8,18.3,37,9.8,20.8,1.87,21.03,0,21.2,14.8,17.7,15.6,15.4,15.6,1.6,.8,166,57,7.2,6.4,5.5,4.5,.4,-5.7
2016,71,7,27,8.2,18.1,59.1,10.1,22.8,1.77,14.61,0,19.5,15.6,17.6,16,15.6,15.9,3.7,2.4,178,47,14.5,5.8,5.2,6,.43,-4.9
2016,72,7,20.1,4.9,12.8,63.9,19.7,37.7,.99,21.24,0,20.1,15.2,17.6,16.1,15.9,16,3,2.5,267,32,12.1,2.3,4.9,4.3,.53,-2
2016,73,7,23.2,4.2,14.3,55.4,15,31.9,1.26,20.04,0,19.7,14.1,16.9,16.1,15.9,16,2.4,1.5,158,49,6.8,3.5,5,4.5,.48,-3.2
2016,74,7,23.7,5.9,14.9,50.8,23.1,36.5,1.18,20.84,0,20.4,14.8,17.5,16,15.9,16,2.4,.7,263,68,11.1,3.9,5.2,4.5,.62,-.2
2016,75,7,27.4,7.8,16.9,60.5,6,29,1.65,21.6,0,21.2,15,18,16.1,15.9,16.1,1.8,.7,343,63,7.7,5.9,5.6,4.7,.45,-5
2016,76,7,29.4,7.1,19,36,5.3,15.9,2.08,22.37,0,21.9,15.3,18.5,16.3,16.1,16.2,2.4,1.2,320,58,7.1,6.8,6.6,5.8,.3,-9.3
2016,77,7,29.1,8.7,18.6,27.4,5.5,14.5,2.06,22.46,0,22.5,16,19.1,16.5,16.2,16.5,1.8,.7,220,64,6.3,6.9,6.2,5.1,.27,-10.6
2016,78,7,30.3,7.4,18.8,27.6,7.5,16.7,2.08,22.46,0,22.8,16.1,19.4,16.8,16.5,16.7,2.1,.5,259,70,9.2,7.1,6.4,5.6,.33,-8.1
2016,79,7,31,9.6,20.9,38.6,6.2,18.2,2.28,22.46,0,23.5,17.1,20.2,17.1,16.8,17,1.7,.5,267,67,8.1,7.9,6.2,5.2,.39,-6.1
2016,80,7,30.5,10.2,20.7,35.7,8.7,19.4,2.23,21.97,0,23.5,17.5,20.5,17.4,17,17.3,1.9,1.5,166,38,7.8,7.9,6.4,5.4,.42,-5
2016,81,7,30.7,9.9,21.2,36,5.3,16.5,2.36,21.98,0,23.2,17.8,20.5,17.6,17.4,17.6,3.1,1.8,192,51,8.4,7.9,7.3,6.8,.35,-7.6
2016,82,7,22.8,11,17.9,41.3,11.2,23,1.61,22.3,0,22.4,18.6,20.5,17.9,17.6,17.8,4.8,4.5,269,19,13,4.4,7.4,6.5,.46,-4.2
2016,83,7,21.2,7.9,14.8,26.4,9.1,15.2,1.48,23.99,0,21.3,16.6,19,17.9,17.6,17.8,4.7,4,320,32,11.3,3.1,7.5,6.6,.25,-11.8
2016,84,7,25.6,7.8,17.3,24.9,7,14.2,1.81,23.78,0,22.1,15.7,18.8,17.7,17.4,17.6,2.6,1.6,319,50,7.8,5.1,6.7,5.7,.26,-11.1
2016,85,7,28.2,5.6,17.5,38.6,6,17.1,1.9,23.73,0,22.5,16.2,19.3,17.6,17.4,17.5,2,.9,302,61,9.5,5.9,6.6,5.5,.29,-9.7
2016,86,7,27,6.2,17.5,38.9,3.7,15.7,1.88,24.11,0,22.3,16.6,19.4,17.6,17.4,17.5,3.3,2.1,328,49,9.9,5.4,7.6,6.6,.27,-11.2
2016,87,7,27.4,6.2,17.4,25.9,4.9,12.7,1.94,24.44,0,22.5,15.9,19.1,17.7,17.5,17.6,2.1,1.1,164,55,7.6,5.6,6.7,5.6,.23,-13.1
2016,88,7,24.4,9.9,18,40.4,15.9,25.3,1.6,16.47,0,20.7,17.5,19.3,17.7,17.5,17.6,4.3,3.1,198,43,12.6,4.9,5.8,6.1,.52,-2.4
2016,89,7,18,7.3,12.4,54.7,17.8,31.7,1.02,24.9,0,21.1,16.6,18.8,17.7,17.5,17.6,4.1,3.8,264,19,11.8,1.6,6.2,5.3,.44,-4.6
2016,90,7,18.7,1.3,10.9,55.4,18.8,34.8,.93,20.1,0,20,15,17.6,17.6,17.2,17.5,2.2,.3,187,76,9.4,1.5,4.3,3.9,.43,-4.7
2016,91,7,22.3,4.1,13.4,55,12.5,29.6,1.21,23.74,0,20.7,14.6,17.6,17.3,17,17.2,2.4,1.6,298,47,14.3,3.1,5.8,4.9,.41,-5.6
2016,92,7,24.4,6.2,16.2,37.2,14.6,24,1.52,24.69,0,22.2,15.5,18.7,17.2,17,17.1,1.9,.4,172,73,6.6,4.3,6,4.9,.43,-5
2016,93,7,28,8,18.5,43.5,8,21,1.91,25.02,0,23.4,16.5,19.8,17.4,17.1,17.3,2.1,1.1,132,56,5.7,6.2,6.5,5.7,.39,-6.2
2016,94,7,30,7.9,19.3,35,6.8,18.2,2.11,25.18,0,24.3,17.2,20.6,17.7,17.3,17.6,1.5,.8,136,57,6.2,7.2,6.5,5.3,.35,-7.5
2016,95,7,30.9,8.1,20.5,31.1,6.7,16.4,2.33,25.15,0,24.7,17.8,21.2,18,17.7,17.9,1.8,.8,175,60,12.2,7.6,7,5.8,.34,-7.8
2016,96,7,31.7,8.5,21.6,34.5,6.8,16.7,2.44,21.29,0,24.4,18.5,21.5,18.4,18,18.3,2.1,1,315,58,9,8,6.4,6,.38,-6.4
2016,97,7,34.5,13.2,24.4,29.1,4,11.8,2.97,24.15,0,25.8,19.2,22.3,18.6,18.3,18.5,2.1,.6,354,68,7.2,10.2,7.4,6.6,.3,-9.5
2016,98,7,31,15,22.6,46.9,7.8,17.3,2.4,11.44,0,23.7,20.4,22.1,19,18.6,18.9,2.8,.7,216,70,13.5,10.2,4.6,6.1,.46,-4.7
2016,99,7,25,13.9,18,93.1,28.6,64.3,.82,17.46,1.27,22.6,20,21.5,19.1,18.9,19,3.5,2.6,170,42,10.2,6.7,4.3,4.6,1.28,10.5
2016,100,7,25,9.9,18.2,91.4,20.5,52.7,1.17,22.42,0,23.4,18.4,20.8,19.1,18.8,19,3,2.4,163,36,8.4,5.2,5.7,5,.99,6.5
2016,101,7,17.9,10.9,15.2,82.8,36.7,55.8,.78,11.52,0,21.9,19.3,20.2,19,18.8,18.9,3.8,3.4,170,25,9.6,2.1,2.8,3.4,.95,6.1
2016,102,7,22.7,10.3,16.2,92.6,29.6,58.8,.88,16.61,0,22.1,17.7,19.7,18.9,18.5,18.7,1.6,.4,104,71,6.1,4.2,3.2,3.5,1.01,7
2016,103,7,26.9,8.6,18.5,78.5,20.5,42.6,1.4,22.69,0,24.2,17.7,20.9,18.6,18.5,18.5,1.6,1,274,51,7.2,5.8,5.3,4.6,.84,4.4
2016,104,7,28.8,10,20.2,63.4,17.4,34.3,1.78,25.6,0,25.7,18.6,22,18.8,18.5,18.7,1.8,1,168,55,6.7,7.1,6.5,5.5,.74,2.6
2016,105,7,29.4,10.9,20.9,54.1,11.7,29.2,1.95,24.34,0,25.6,19.6,22.6,19.2,18.8,19.1,2.5,1.3,217,57,9.3,7.6,6.8,6.2,.66,1
2016,106,7,24.5,11.3,18.2,44,6.2,21.2,1.72,25.6,0,24,19.8,22,19.5,19.2,19.4,5.9,5.2,318,28,16.5,5.3,9.2,8.1,.42,-5.7
2016,107,7,25.2,12.5,18.5,25.5,10.8,17.9,1.82,26.77,0,23.9,18.6,21.1,19.5,19.3,19.4,5.6,5.3,322,19,12.6,6.1,9.1,8.5,.37,-6.7
2016,108,7,26.4,12.3,19.2,28.3,9.7,17.3,1.93,26.94,0,24.4,18.5,21.3,19.4,19.2,19.3,3.4,2.7,21,37,11.4,6.7,8.2,7.2,.37,-6.7
2016,109,7,28.8,6.4,19.2,42.2,6.1,17.7,2.07,27.3,0,24.9,18.2,21.5,19.4,19.2,19.3,2.8,1.5,323,54,11.7,6.2,8,6.9,.33,-8.3
2016,110,7,31.3,9.5,21.3,33.5,6.4,14.9,2.4,26.69,0,26.1,18.8,22.4,19.4,19.2,19.4,2.1,.9,268,61,9.1,8,7.6,6.6,.34,-7.9
2016,111,7,32.8,11.1,23,28.7,5.2,14.1,2.73,27.13,0,27.3,19.7,23.4,19.7,19.4,19.6,1.9,.5,208,70,7.5,8.9,7.8,6.6,.34,-7.9
2016,112,7,33,11.3,23.3,28,4.4,13.4,2.78,25.71,0,27.2,20.5,23.9,20.1,19.7,20,2.2,1.5,166,47,9,9,7.9,7,.33,-8.4
2016,113,7,32.3,12,23.9,27,6.9,14.8,2.78,27.19,0,26.9,20.8,23.9,20.4,20,20.3,3.8,3.1,186,36,10.9,9.1,9.5,8.7,.41,-5.5
2016,114,7,27.3,13.1,21,40.9,5.3,18.6,2.13,27.52,0,27,21.6,24.3,20.6,20.3,20.5,3.1,2.4,281,38,10.2,7.5,8.3,7.2,.43,-5.5
2016,115,7,29.5,7.2,21.2,32.7,6.6,14.4,2.37,27.53,0,27,20,23.5,20.8,20.5,20.6,3.1,2.4,200,39,12.4,6.8,8.4,7.4,.33,-8.3
2016,116,7,22.7,12.2,18.4,40,12.3,25.6,1.6,24.55,0,25.1,21.8,23.6,20.8,20.6,20.7,5.9,5.3,258,26,13.9,4.8,8.4,7.5,.53,-2.3
2016,117,7,23.6,7,16.4,41.9,16.4,26.6,1.47,27.26,0,25.4,19.3,22.3,20.8,20.5,20.7,3.2,2.7,264,32,9.2,4,7.1,6.1,.47,-3.5
2016,118,7,25.9,8.4,18.8,37.8,13.6,24.3,1.78,26.28,0,25.2,19.3,22.3,20.6,20.3,20.5,3.7,2.7,191,43,11.2,5.3,7.9,6.9,.5,-2.8
2016,119,7,21,10.9,16.5,56.1,22.2,36.4,1.23,22.76,0,24.6,20.5,22.6,20.5,20.4,20.4,3.4,2.8,269,35,11.7,3.5,5.9,5.4,.67,1.2
2016,120,7,25.4,10.6,18.4,60.2,20,36.1,1.48,26.45,0,26.1,19.7,22.7,20.5,20.3,20.4,2.2,1.4,270,48,9.9,5.5,6.6,5.6,.72,2.1
2016,121,7,23.2,7.7,15.1,84.9,22.5,49.7,.94,12.43,.51,23.8,19.8,21.5,20.5,20.3,20.4,3.2,.7,127,72,18,3.9,3.2,4.3,.82,3.8
2016,122,7,24.9,5.5,15.8,92.9,25,53.6,1.06,20.61,0,23.5,17.1,20.1,20.4,19.8,20.1,1.4,1,122,45,6.2,4.4,4.3,4.1,.86,4.7
2016,123,7,29.3,9.7,20.2,71.3,14.7,37.8,1.73,28.11,0,26.8,18.8,22.5,19.9,19.8,19.8,1.8,.3,47,75,7.3,7.2,6.9,5.9,.79,3.4
2016,124,7,32.2,12.1,23.2,52.5,10.2,25.3,2.39,27.91,0,28.3,20.7,24.3,20.3,19.8,20.1,1.5,.7,138,59,9.6,9.2,7.3,6.1,.63,.2
2016,125,7,35.4,13.5,26.1,42.3,6.3,17.9,3.14,28.26,0,28.3,21.8,25.1,20.8,20.2,20.6,3.8,2.8,159,42,11.8,10.5,10.1,9.6,.5,-3.1
2016,126,7,31.2,13.3,24,32.1,8,16.2,2.62,27.34,0,27.4,22.6,25.1,21.2,20.8,21.1,5.3,4.4,177,33,14.3,9.3,10.4,9.8,.47,-3.7
2016,127,7,24.4,11.9,17.5,87.1,18.6,48.4,1.14,26.72,3.3,26.1,22,24,21.4,21.2,21.3,4.8,3.7,175,39,13.2,5.4,7.3,6.6,.9,5.2
2016,128,7,22.8,10.3,16.3,89.5,27.6,57,.91,19.25,.51,23.4,19.6,21.6,21.3,20.9,21.2,2.7,1.6,164,50,9.5,4.2,4.1,4.4,.99,6.7
2016,129,7,25.2,8.2,17.9,92.3,20.7,47.3,1.29,25.42,0,25.1,18.5,21.7,20.9,20.5,20.7,2.1,1.2,239,55,7.9,5,6,5.2,.86,4.6
2016,130,7,27.6,9.8,20.1,63.4,15.8,33.8,1.77,28.23,0,26.7,19.4,23,20.6,20.5,20.5,2.1,1.2,122,66,8.1,6.4,7.2,6.1,.73,2.4
2016,131,7,30,11.1,22,50.7,12.5,28.1,2.13,30.09,0,27.9,20.7,24.3,20.8,20.5,20.7,2.3,1.6,156,42,9.1,7.9,8.1,6.8,.67,1.2
2016,132,7,32.7,13.8,24.1,46.7,11.2,24.9,2.54,29.34,0,29.6,21.9,25.6,21.2,20.8,21.1,1.6,.9,137,55,7,10.1,7.8,6.6,.67,1.1
2016,133,7,36.6,15.4,26.5,37.3,7.7,18.2,3.19,30.19,0,30.9,23.1,26.8,21.7,21.2,21.5,1.8,.7,172,62,7.3,11.6,8.7,7.4,.55,-1.6
2016,134,7,36.9,15,27.3,30.5,4.9,14.6,3.46,30.51,0,30.9,23.8,27.4,22.2,21.7,22,2.5,1.8,169,41,8.1,11.5,9.6,8.5,.46,-3.8
2016,135,7,35.8,18.3,27.8,27.8,8.3,18.2,3.23,26.44,0,30.2,24.9,27.6,22.6,22.2,22.5,3.8,3.2,186,32,11.1,12.8,9.5,9.5,.66,.8
2016,136,7,31.1,16.6,24.3,41.9,11.4,24.4,2.41,30.18,0,29.9,24.7,27.4,22.9,22.6,22.8,4,2.7,188,46,11.1,10.9,9.6,8.9,.71,1.9
2016,137,7,29.8,14.2,23.1,52.7,14.8,28.5,2.17,30.03,0,29.9,23.7,26.8,23,22.8,22.9,2.9,2.1,163,43,7.8,9.2,8.5,7.5,.76,2.8
2016,138,7,30.1,11.4,19.9,89.7,12.9,44.2,1.47,20.75,31.5,28.8,20.8,25.3,23.1,22.9,23,3.1,1,110,67,14,8.2,5.9,6.4,.95,5.5
2016,139,7,25.8,14.6,19.8,86.8,25.2,57.9,1.07,21.91,.25,22.8,19.2,21,23,22,22.5,2.1,1.3,103,50,13.1,7.4,5,4.9,1.28,10.6
2016,140,7,31.8,12.7,23.6,83,15.8,41.2,2.08,28.86,0,24.3,18.5,21.4,22,21.3,21.7,2.8,1.7,165,52,8.4,9.3,7.8,7.2,1.03,7.2
2016,141,7,31.8,16.6,25.5,55.7,14.2,27,2.52,30.52,0,25.6,19.6,22.5,21.4,21.2,21.3,5.1,4.1,189,37,12.2,11.1,10.6,9.7,.83,4.1
2016,142,7,28.1,14.1,22.4,57.1,11.7,27.3,2.06,30.59,0,26,20.6,23.3,21.5,21.2,21.4,4,3.2,196,36,10.9,8.4,9.4,8.1,.69,1.3
2016,143,7,27.4,12,20.5,47.5,6.8,22.1,2.04,31.01,0,26.9,19.7,23.3,21.6,21.4,21.5,2.1,.8,246,63,9.4,7,8,6.6,.48,-3.5
2016,144,7,28.7,9.4,21.1,40.8,9.3,19.8,2.2,31.11,0,26.9,20,23.5,21.7,21.5,21.6,2.4,1.5,185,50,9.1,6.9,8.6,7.1,.45,-4.1
2016,145,7,28.1,14,21.6,50.4,7.4,22.2,2.12,30.94,0,26.6,21,23.7,21.8,21.6,21.7,3.5,2.8,190,36,9.9,8.3,9.2,8,.53,-2.4
2016,146,7,27.6,9.8,20.3,39,8.7,21.3,2.04,30.72,0,26.4,20.3,23.4,21.9,21.6,21.8,3.6,2.3,202,48,10.4,6.4,9.2,7.8,.48,-3.6
2016,147,7,27.9,10.9,20.5,49,12.9,26.6,1.93,30.05,0,27.4,20.6,24,21.9,21.6,21.8,2.1,1.2,267,54,14.1,6.9,7.8,6.5,.6,-.4
2016,148,7,31.5,12.3,23.6,35.3,10.3,20.6,2.55,30.43,0,28.7,21.2,24.9,22,21.7,21.9,1.8,.6,263,66,7.8,9.1,8.2,6.9,.56,-1.4
2016,149,7,32.8,14.1,25.1,41.3,8.4,20.1,2.79,30.27,0,29.4,22.6,26,22.4,22,22.2,1.9,1.2,157,48,8.6,10.2,8.5,7.1,.57,-1.1
2016,150,7,31.9,15.2,24.5,39.8,5.5,17,2.75,30.91,0,29.1,23.1,26.1,22.7,22.4,22.6,2.9,2.3,155,39,9.5,10.5,9.5,8.3,.47,-4.1
2016,151,7,32.7,12.6,23.6,30.6,4.2,11.9,2.82,31.31,0,29.6,22.6,26,23,22.7,22.9,1.9,1.1,121,52,8.4,9.5,8.6,7.2,.3,-9.7
2016,152,7,35.6,15.4,26.7,20.9,5.9,11,3.34,30.62,0,30.2,23.3,26.6,23.1,22.9,23,2.4,1.1,139,58,8.5,11.5,9.2,8.3,.38,-6.9
2016,153,7,37.6,17.2,28.9,36.8,7.3,17.6,3.58,30.3,0,31.2,24.6,27.8,23.5,23.1,23.3,2.7,1,230,63,9.1,12.6,9.7,8.9,.64,.5
2016,154,7,39.7,17.9,30.6,38.7,4.7,15.7,4.09,30.44,0,32.3,25.5,28.9,24,23.5,23.8,2,.8,249,63,9.7,13.2,9.4,8.3,.6,-.8
2016,155,7,42,19.3,32,26.4,4.6,11.8,4.67,30.47,0,32.9,26.1,29.5,24.5,24,24.3,2.3,1.5,282,48,8.7,13.9,10.1,9.1,.49,-3.2
2016,156,7,43.9,23.2,34.2,18.6,3.7,8.6,5.31,30.53,0,33.6,27,30.2,25,24.5,24.8,2.7,1.7,300,50,8.8,15.6,10.7,10.1,.41,-5.5
2016,157,7,43.1,21.3,33.3,20.4,4.1,9.3,5.1,30.5,0,33.7,27.5,30.7,25.4,25,25.3,2.4,1.4,210,51,10.7,14.8,10.5,9.4,.41,-5.3
2016,158,7,39.8,19.5,31,17.1,4.4,9.3,4.41,30.95,0,33.1,27.4,30.3,25.8,25.4,25.6,2.9,2,175,44,10,13.8,10.7,9.8,.39,-6.2
2016,159,7,38.9,17.3,29.7,22.3,7.3,12.9,3.92,30.75,0,33,26.9,29.9,25.9,25.7,25.8,2.6,1.2,158,59,7.6,12.8,9.8,9.2,.52,-2.5
2016,160,7,39.2,20.4,30.6,35.8,11.2,19.9,3.75,29.44,0,33.3,27.5,30.4,26,25.8,25.9,2.5,1,209,63,8.4,14.2,9.5,8.9,.84,4.3
2016,161,7,37.4,20.8,30.3,36.7,13.2,22.6,3.52,29.82,0,33,27.9,30.5,26.2,25.9,26.1,2.9,2,186,47,9.4,14.2,9.8,9.1,.93,5.9
2016,162,7,34.9,22.5,28.7,51.4,22.1,32.9,2.74,21.34,0,31.9,27.7,29.9,26.3,26.1,26.2,2.1,.7,192,66,7.8,14.6,6.3,6.6,1.27,10.4
2016,163,7,35.6,21.6,28.8,51.2,13.2,32.4,2.8,29.32,0,32.6,27.6,30,26.3,26.1,26.2,4,3.3,174,33,10.9,14.2,9.7,9.4,1.25,9.7
2016,164,7,34.5,17.9,27.5,40.4,9.6,21,3.1,30.24,0,32,26.9,29.5,26.3,26.1,26.2,3.3,2.7,171,33,9.8,12.4,9.8,9,.7,1.7
2016,165,7,34.2,15,26.6,29,8.4,16.2,3.12,30.97,0,32.3,26.2,29.3,26.3,26,26.2,2.2,1.4,160,50,8.4,11,9.1,7.9,.53,-1.9
2016,166,7,35.2,15.6,27.3,33.3,8.8,15.4,3.31,30.91,0,32.4,26.2,29.3,26.2,26,26.1,2.5,1.8,164,41,8.9,11.5,9.5,8.4,.51,-2.4
2016,167,7,34.8,14.4,27,24.9,7.1,14.2,3.27,31.06,0,31.6,26.2,29,26.2,26,26.1,3.8,2.5,191,47,12.6,10.8,10.7,9.8,.49,-3.2
2016,168,7,35.3,14.9,27.2,29.9,7.9,15.5,3.31,31.07,0,31.8,26.1,29,26.1,25.9,26,3,2.2,186,42,10.4,11.1,10.1,9.1,.52,-2.3
2016,169,7,38.2,15.8,28.4,27.7,5.9,14.1,3.71,31.26,0,32.9,26,29.4,26.1,25.9,26,1.9,1.2,182,49,8.4,12.1,9.4,8,.48,-3.4
2016,170,7,41.7,17.7,30.9,22.8,5.5,12.6,4.34,29.41,0,33.6,26.6,30.1,26.2,25.9,26.1,2.3,1.2,297,56,8.1,13.2,9.6,9,.51,-2.6
2016,171,7,45.2,24.3,36.1,20.5,6.1,10.7,5.74,30.44,0,35.5,28.3,31.7,26.5,26.1,26.3,2.8,2.2,327,37,8.6,15.9,11,10.5,.6,-.3
2016,172,7,45.8,26.6,37.8,22.6,6.4,12.5,6.09,29.24,0,36.4,29.9,33.1,27,26.5,26.8,2.8,.8,232,69,9.3,16.6,10.8,10.4,.76,2.9
2016,173,7,41.6,27.3,35.2,28.1,9.4,16.9,4.9,27.86,0,36.3,31.4,33.8,27.6,27,27.4,3.1,1.7,190,54,8.6,16.8,10.1,10,.91,5.5
2016,174,7,41.4,22.8,33.4,30,8.9,17.2,4.55,29.17,0,35.9,30.5,33.3,27.9,27.6,27.8,2.9,1.9,181,48,9,15.3,10.2,9.8,.83,4.2
2016,175,7,40.7,23.1,33.1,37,11.4,19.8,4.35,29.29,0,35.7,30.3,33,28.1,27.8,28,3.3,2.2,176,47,9.5,15.3,10.5,10.2,.94,6
2016,176,7,40,20.7,31.9,31.7,8,18.6,4.15,29.93,0,35.5,30,32.8,28.2,28,28.1,2.9,2.2,171,42,9,14.4,10.2,9.6,.82,4
2016,177,7,40.3,21.2,32.3,38.1,8.4,16.9,4.31,30.27,0,36.3,30,33,28.2,28,28.1,2.4,.7,194,68,7.8,14.6,9.7,9,.75,2.8
2016,178,7,41.3,23.5,33.5,34.2,9.8,19.5,4.44,25.43,0,36,30.4,33.3,28.4,28.1,28.3,2.2,1.1,227,57,8.6,15.4,8.4,8.2,.96,6.2
2016,179,7,41.4,25.1,32.4,78.1,14.1,33.3,3.55,23.18,3.81,36.6,31.6,33.7,28.5,28.3,28.4,2.2,.1,295,78,23.5,16,7.5,7.9,1.48,12.4
2016,180,7,42.6,22.2,33.2,82.9,10.5,38.3,3.81,29.85,0,36.7,29.3,32.8,28.6,28.4,28.5,1.5,.3,47,73,7.3,15.1,8.6,7.8,1.6,13.4
2016,181,7,40.1,28.1,33.4,48.5,17.3,30.2,3.71,23.95,0,36,31.3,33.4,28.6,28.4,28.5,3.2,1.6,136,57,10.2,16.9,8.1,9.2,1.5,13
2016,182,7,35.6,26.6,31.2,56.7,24.1,36.9,2.95,24.39,0,35.7,31.4,33.4,28.8,28.6,28.7,4.1,3.2,124,37,9.9,16.3,8.3,9,1.63,14.2
2016,183,7,36.6,23.5,30.6,56.6,24.6,38,2.87,23.41,0,35.3,30.7,33.2,28.9,28.7,28.8,3,.8,192,69,9.6,15.2,7.3,7.7,1.62,14.1
2016,184,7,38.6,24.3,31.4,63.6,16.8,37.9,3.09,28.2,0,36.3,30.8,33.5,28.9,28.7,28.8,2.6,1.3,169,58,8.4,15.7,8.5,8.4,1.61,13.9
2016,185,7,39,23.4,32.5,46,15.9,27.2,3.77,27.56,0,36.4,30.9,33.7,29,28.8,28.9,2.3,1.3,196,52,8.2,15.3,8.7,8.1,1.26,10.4
2016,186,7,40.3,23.6,33.3,41.6,12,23.3,4.22,30.14,0,37,30.9,33.9,29.1,28.9,29,2.4,1.6,187,46,9.4,15.4,9.7,8.9,1.11,8.3
2016,187,7,40.3,21.2,32.8,34.3,8.4,17.9,4.4,30.74,0,36.6,31,33.9,29.3,29,29.2,3.1,2.3,181,43,9.4,14.6,10.8,10.1,.8,3.5
2016,188,7,38.6,25,32,38,14.6,24.7,3.68,29.83,0,36.2,31.1,33.7,29.4,29.1,29.3,4.2,3.5,184,32,11.1,15.9,10.6,10.8,1.16,8.9
2016,189,7,38.6,22.4,31.1,40.2,13.4,25.6,3.56,30.1,0,36.2,30.6,33.4,29.4,29.1,29.3,3.3,2.3,176,44,8.8,14.9,9.9,9.6,1.13,8.5
2016,190,7,39.7,19.5,31.1,34.5,9.9,17.9,4.05,30.64,0,36.3,30.2,33.3,29.4,29.1,29.2,2.7,1.7,167,49,8.4,13.8,10.1,9.3,.75,2.7
2016,191,7,41.3,21.8,32.7,29.5,9.6,16.2,4.5,30.22,0,36.7,30.4,33.6,29.3,29.1,29.2,2.8,1.5,201,56,8.9,14.8,10.4,9.7,.75,2.8
2016,192,7,40.9,20.9,32.8,32.5,6.7,15,4.58,30.56,0,37,30.8,33.9,29.4,29.2,29.3,3,2,258,48,9.6,14.5,10.7,10,.66,1
2016,193,7,39.7,19.9,31.3,31,3.3,11.4,4.36,31.28,0,36.3,30.7,33.6,29.5,29.3,29.4,2.5,1.4,200,53,13.2,14,10.4,9.1,.43,-5.5
2016,194,7,39.1,17.5,30.4,22.7,7.2,12.6,4.09,30.55,0,36,29.6,32.9,29.5,29.2,29.4,2.3,1.8,178,40,8.2,12.9,9.9,8.7,.55,-2
2016,195,7,39.8,20.2,31.2,32.7,9.7,20,3.96,30.47,0,36.7,30.1,33.4,29.4,29.2,29.3,2.1,1.1,149,57,8.3,14.1,9.5,8.4,.85,4.5
2016,196,7,41.5,21.5,32.8,34.5,8.1,18.6,4.39,30.75,0,37.8,30.9,34.3,29.4,29.2,29.3,1.9,.6,234,68,8.5,14.7,9.6,8.4,.84,4.3
2016,197,7,41.8,22.6,33.7,29.9,11,17.6,4.61,30.02,0,38.1,31.4,34.8,29.6,29.3,29.5,2.3,1.2,243,57,9.1,15.2,9.9,9,.88,5.1
2016,198,7,40.3,23.7,32.9,39.4,14.9,24.1,3.97,29.28,0,38,32.2,35.2,29.9,29.6,29.8,2.5,.9,224,65,9.4,15.5,9.4,8.9,1.19,9.3
2016,199,7,37.9,23,31.8,44.5,14.2,24.7,3.7,16.83,0,36.2,32.1,34,30.1,29.8,30,2.7,2,175,43,8.4,15,6.2,7.3,1.13,8.7
2016,200,7,38.6,27.9,33.3,39.5,13,25.7,3.9,23.45,0,36.6,32,34,30,29.7,29.9,2.9,2.1,169,43,8.3,16.8,8,8.5,1.28,10.5
2016,201,7,39.2,29,33.2,42.8,18.7,29.8,3.68,20.91,0,36.9,32.6,34.6,29.9,29.8,29.9,3,1.5,143,58,9.2,17.1,7.2,8.3,1.49,12.8
2016,202,7,40.2,25.6,30.6,83,18.4,46,2.56,20.16,1.52,37.1,32.6,34.5,30,29.9,30,2.1,.9,133,61,11.5,16.2,6.2,6.8,1.93,16.6
2016,203,7,41.6,22.1,32.8,88.1,14.7,39.2,3.66,28.76,0,37.7,30.3,33.7,30.1,29.8,29.9,1.3,.5,242,64,5.6,14.9,8.1,7.1,1.64,13.9
2016,204,7,43.1,26.1,35,42.4,12.6,24.4,4.56,28.32,0,38.9,32.3,35.5,30,29.8,29.9,2.5,1.1,122,61,10.5,16.4,9.3,9.2,1.29,10.7
2016,205,7,41.9,25.8,34.6,40.3,13.8,25.5,4.34,26.74,0,39,33.1,36,30.4,30,30.2,2.2,1.3,266,51,6.7,16.3,8.7,8.4,1.34,11.3
2016,206,7,40,26,33.4,43.9,19.2,30.7,3.71,28.08,0,38.9,33.5,36.1,30.6,30.3,30.5,2.9,1.4,222,58,9.4,16.3,9.1,9,1.54,13.4
2016,207,7,40.7,26,32.6,53.2,18.7,34.2,3.43,28.32,0,39.5,33.5,36.4,30.8,30.6,30.7,2.4,.3,121,77,14.8,16.3,8.8,8.6,1.62,14.1
2016,208,7,40.7,25,34.1,51.7,18.7,30.6,3.92,22.71,0,38.2,33.8,36.2,31,30.7,30.9,1.9,.5,236,70,12.4,16,7.1,7.1,1.57,13.7
2016,209,7,43.1,26.7,35.1,48,15.4,28.2,4.29,27.67,0,40.2,33.8,36.8,31.1,30.9,31,2.3,.1,36,79,12.5,16.6,9.1,8.8,1.52,13.2
2016,210,7,42.5,26.7,35,44.2,16.3,27.2,4.34,28.13,0,40,34.1,36.9,31.3,31,31.2,2.7,1.1,145,62,7.6,16.6,9.3,9.3,1.46,12.5
2016,211,7,43.1,23.5,34,79.6,14.1,30.3,4.07,24.17,6.1,39.6,34.2,36.8,31.4,31.2,31.3,2.8,.9,224,67,14.4,15.5,8,8.9,1.49,12.7
2016,212,7,38.7,22.2,30.1,89.9,24.9,51.2,2.42,26.89,0,37.6,31.4,34.6,31.5,31.1,31.3,2.3,.7,310,68,11.7,14.8,7.6,7.5,2.02,17.5
2016,213,7,38.4,23.1,30.8,83,23.9,48.3,2.59,27.9,0,38.1,31.2,34.5,31.1,30.8,31,3,.9,294,67,16.3,15.2,8.2,8.2,2,17.4
2016,214,7,36.6,24,29.5,79.8,28.9,53.8,2.08,22.66,0,36.9,31.5,34.2,30.9,30.7,30.8,2.5,.9,177,64,10.5,15.4,6.3,6.7,2.13,18.5
2016,215,7,36,23.1,28.5,92.5,34,62.1,1.59,20.86,4.32,35.6,31.6,33.3,30.8,30.5,30.7,2.2,.5,137,71,10.6,15,5.5,5.9,2.36,20.1
2016,216,7,36.8,25.2,28.6,83,33,62,1.61,23.18,2.54,35.5,29.5,32,30.6,30.2,30.4,2.4,1.5,138,51,11.2,15.9,6.1,6.7,2.37,20.1
2016,217,7,36.1,23.2,29.3,91.5,32.4,58.3,1.92,24.88,0,35.3,29.1,31.9,30.2,29.8,30.1,2.5,.3,41,76,13,15,6.8,6.8,2.26,19.4
2016,218,7,37,24.4,30.2,74.5,27.6,49.2,2.38,24.35,0,36,30.1,32.9,30,29.8,29.9,2.6,2.2,128,33,7.8,15.6,7.2,7.2,2.01,17.5
2016,219,7,39.4,24.9,32.7,63.6,18.5,37.5,3.34,25.41,0,37,31,33.9,30,29.8,30,2.1,1.7,142,36,8.6,15.9,7.7,7.5,1.75,15.2
2016,220,7,40.5,24.5,33.2,60.8,15.4,31.4,3.79,27.82,0,37.5,31.4,34.3,30.2,30,30.1,2.5,1.7,160,45,7.7,15.8,9,8.4,1.47,12.5
2016,221,7,40.5,21.9,32.7,52.9,10.3,24.5,4.14,28.52,0,37,30.9,34,30.4,30.2,30.3,2.7,1.7,191,49,12.7,14.8,9.6,8.9,1.06,7.6
2016,222,7,35.9,24.2,29.8,78.2,24.8,50,2.18,22.55,16.76,35.2,30.2,33.2,30.5,30.3,30.4,3.6,2.6,167,43,22,15.4,7,7.5,2.06,17.7
2016,223,7,35.6,24.5,29.1,78.7,31.5,56.7,1.9,23.39,0,31,27.4,29.1,30.4,29.7,30.1,3.3,2.5,187,41,11.4,15.5,6.8,7.2,2.2,18.9
2016,224,7,36.5,23.4,30,77.5,26.1,52.7,2.17,27.17,0,32.9,26.5,29.4,29.7,29,29.3,2.1,1.2,195,53,6.3,15.1,7.2,6.9,2.14,18.6
2016,225,7,38.8,23.4,31.2,74.7,21.4,45.5,2.74,28.2,0,34.3,27.8,30.9,29.2,29,29.1,1.8,1.1,303,49,9.6,15.3,8,7.2,1.94,16.9
2016,226,7,41.7,25.3,33.3,60.8,11.1,33.1,3.81,27.93,0,35.6,28.7,32,29.3,29,29.2,1.6,1,331,50,4.6,16.1,8.1,7.4,1.51,12.7
2016,227,7,40.1,22.6,32.7,60.7,13.7,29.2,3.72,27.48,0,35.7,29.7,32.6,29.6,29.3,29.5,2,1.3,127,45,7.4,15.1,8.2,7.6,1.38,11.7
2016,228,7,43.1,24.4,33.4,45,11,28.4,3.97,23.34,0,36.4,30.4,33.2,29.8,29.5,29.7,2.1,.9,128,87,7.5,15.9,7.5,7.6,1.37,11.5
2016,229,7,42.3,23.4,34.1,50.3,11.2,24.9,4.34,27.03,0,36.5,30.5,33.5,30.1,29.8,30,2.7,1.5,146,54,9.7,15.5,9,8.9,1.24,10.1
2016,230,7,40.8,25.5,32.8,54.8,15.6,29.5,3.73,26.61,0,36.7,31.7,34.2,30.3,30,30.2,3.3,1.9,136,53,12.9,16.2,9.1,9.3,1.38,11.7
2016,231,7,37.2,21.6,29.8,80.3,19.5,39.4,2.8,25.78,5.84,35.5,30.4,33,30.5,30.2,30.4,3.4,.5,222,75,16,14.5,8.1,8.3,1.53,13.1
2016,232,7,36.4,19.6,28.8,87.8,20.6,44.7,2.5,26.34,1.52,33.4,27.5,30.3,30.4,29.8,30.2,2.3,1.4,257,52,9.4,13.5,7.6,7,1.62,14.1
2016,233,7,36,21,28.4,78,20.9,44.5,2.36,23.62,0,33,26.5,29.5,29.9,29.2,29.6,2.6,.3,204,77,16.9,14.1,7,7,1.63,14.2
2016,234,7,34.3,22.4,27.5,73.2,26.2,44.2,2.16,21.44,0,33,27.3,30,29.4,29,29.2,1.9,.9,266,59,7.6,14.4,5.9,5.9,1.57,13.7
2016,235,7,34.2,21.4,26.4,69.2,28.4,49.2,1.83,21.96,0,32.4,27.2,29.9,29.2,28.9,29.1,2.5,1.2,105,58,11.9,14,6.1,6.3,1.66,14.6
2016,236,7,33.4,19.1,25.4,88.3,27.2,60.1,1.49,18.7,2.03,31.4,26.3,28.6,29,28.6,28.9,1.6,1,102,49,10.9,12.8,4.4,4.8,1.85,16.2
2016,237,7,37.5,19.1,28.3,86.5,16.8,46.4,2.52,25.6,0,33.7,25.9,29.6,28.6,28.3,28.5,2.2,.6,170,70,10.6,13.4,7.4,7,1.55,13.2
2016,238,7,36.6,21.6,29.1,65.4,19.1,37.4,2.81,24.94,0,33.7,27.5,30.6,28.6,28.4,28.5,2.8,1.6,163,51,8.8,14.3,7.9,7.5,1.39,11.7
2016,239,7,32.6,21.6,26.9,71.6,28.6,44.7,2.03,18.25,2.03,31.4,28,29.5,28.8,28.5,28.7,2.7,1.8,111,46,8.1,13.8,5.3,5.9,1.56,13.5
2016,240,7,33.8,20.2,27,80.9,21.5,43.2,2.2,25.68,.25,33,26.1,29.1,28.6,28.2,28.4,2.4,1.6,16,46,9.4,13.3,7.1,6.7,1.45,12.2
2016,241,7,35.7,18.7,27.7,63.7,18.6,35.7,2.66,25.84,0,33.7,26.5,30,28.4,28.1,28.3,1.5,.7,3,61,8.8,13,7.1,6,1.23,9.9
2016,242,7,39.2,19.2,29.9,64.5,13,30.3,3.31,24.77,0,34.4,27.3,30.8,28.5,28.2,28.4,1.4,.8,92,55,7.7,13.6,7.1,6.1,1.15,8.9
2016,243,7,39.5,18.9,30.9,54.4,11.9,26.4,3.66,25.37,0,34.7,28,31.3,28.6,28.3,28.5,1.9,1.5,122,37,7.6,13.6,7.8,6.9,1.07,7.9
2016,244,7,39,21.3,31.7,53.7,16.9,29.9,3.51,25.24,0,35.2,29,32,28.8,28.5,28.7,2.1,1.8,127,33,9.3,14.5,7.9,7.1,1.33,11.2
2016,245,7,36.8,24.7,31.1,59.2,28.2,38.9,2.85,19.15,0,34.7,30.2,32.3,29.1,28.8,29,2.2,.9,152,62,12.1,15.7,5.9,6.1,1.73,15.2
2016,246,7,37.9,23.3,31.2,65.3,16.2,36.5,3.08,24.54,0,35.6,30.2,32.8,29.3,29.1,29.2,2,1.3,161,47,7.5,15.2,7.4,6.7,1.58,13.6
2016,247,7,37.3,23.2,31.3,51,12.8,25.1,3.6,25.1,0,34.7,30.2,32.4,29.5,29.3,29.4,3.4,2.7,184,36,10.2,15.1,9,8.5,1.06,7.5
2016,248,7,34.8,19.3,27.6,32.9,8.7,17.7,3.19,25.83,0,33.5,28.9,31.3,29.6,29.3,29.4,3.1,2.4,172,40,9.2,13.1,8.8,8.1,.62,.1
2016,249,7,35.4,15.5,26.2,36,8.5,19,3.03,25.65,0,32.7,27.1,30,29.4,28.9,29.2,2.6,1.9,154,40,8.1,11.5,8.2,7.4,.6,-.4
2016,250,7,35.2,15.3,27.1,48.6,12.7,30.1,2.74,25.37,0,32.6,26.7,29.7,29,28.6,28.8,2.8,2,163,43,9.4,11.3,7.9,7.2,1.06,6.9
2016,251,7,29.2,22,26,83.8,44.3,56.8,1.46,11.53,0,31.4,28.9,30,28.8,28.6,28.7,1.6,.5,222,68,6.9,12.8,2.8,3.4,1.92,16.7
2016,252,7,35.2,18.8,27,84.4,23,51.3,2.01,23.96,0,33.2,27,29.9,28.6,28.3,28.5,1.4,.6,262,59,6.9,12.9,6.2,5.4,1.71,14.9
2016,253,7,38.1,20,28.8,64.5,15.8,36.4,2.85,24.09,0,34.2,27.8,30.9,28.5,28.3,28.5,1.1,.3,261,68,5.3,13.8,6.5,5.4,1.32,11
2016,254,7,39.7,20.3,30.1,49.7,11.4,26.2,3.51,23.56,0,34.6,28.5,31.5,28.7,28.5,28.6,1.4,.5,177,64,6.3,14.2,7,5.9,1.01,7
2016,255,7,38.4,19.7,29.4,45.8,13.3,24.2,3.44,23.75,0,34,28.3,31.2,28.9,28.6,28.8,2,1,207,58,8.4,13.7,7.5,6.7,.93,5.8
2016,256,7,36.4,19.5,29.4,44.1,12.3,25.1,3.22,23.37,0,33.5,28.5,31.1,28.9,28.7,28.8,3,2.1,216,45,12.9,13.5,8.1,7.5,.99,6.7
2016,257,7,32.5,21.1,27.1,57.4,24.5,38.6,2.28,18.72,0,31.6,28.6,30.2,28.9,28.6,28.8,3.8,3,180,38,12.3,13.5,6.7,6.8,1.36,11.5
2016,258,7,33.2,14.4,24.2,65.5,13.2,33.8,2.24,24.01,0,32.2,26.6,29.3,28.7,28.3,28.5,1.8,.6,279,67,7.5,10.5,6.7,5.6,.94,5.3
2016,259,7,33.7,10.1,22.8,39.5,5.7,16.5,2.64,24.75,0,31.4,25.1,28.4,28.5,28,28.2,1.2,.4,256,65,6,8.9,6.7,5,.39,-6.2
2016,260,7,34.2,11.7,23.5,32.3,5.3,13.4,2.83,24.42,0,31.1,24.6,27.8,28,27.6,27.9,1.3,.6,140,60,5.7,9.5,6.8,5.1,.34,-7.8
2016,261,7,36.3,13.6,25,36.1,5.7,15.1,3.06,23.83,0,31.4,24.6,27.9,27.7,27.3,27.5,1.1,.6,133,55,5.6,10.7,6.6,4.8,.43,-4.8
2016,262,7,39.2,14.6,26.8,30.9,5.5,15.8,3.43,23.54,0,31.9,25.1,28.5,27.5,27.2,27.4,1.2,.4,151,66,11.4,11.7,6.7,5.1,.48,-3.2
2016,263,7,36.5,17.5,27.6,40.7,6.6,19.5,3.19,13.93,0,29.8,26,28.2,27.5,27.2,27.4,2.7,1.3,218,58,9.9,12.5,5.5,6.6,.71,.7
2016,264,7,27.6,18.1,21.9,95.5,35.7,74.5,.74,4.45,7.37,28.8,25.3,27,27.4,27.1,27.3,1.7,.9,338,56,6.4,10.1,.8,2,1.91,16.6
2016,265,7,31.5,18.3,24.5,96.5,39.9,71.1,1.06,14.87,0,28.6,24,26,27.1,26.5,26.8,1.7,.5,250,68,7.7,11.9,3.4,3.7,2.09,18.1
2016,266,7,31.1,21,25.2,93.4,17.3,57.1,1.5,14.93,0,28.8,25.3,26.8,26.6,26.3,26.5,3.4,2.6,203,39,9.1,13.1,4.5,5.2,1.76,14.4
2016,267,7,26.9,9.9,19.5,60.3,9.4,25.1,1.85,20.83,0,27.8,22.4,25.3,26.5,26,26.3,2.1,1.6,307,38,11,6.2,5.7,4.9,.51,-2.7
2016,268,7,30.1,10.1,21.5,57.8,12.8,28.5,2.07,22.65,0,28,21.5,24.7,26.1,25.6,25.9,2.2,1.4,329,49,7,7.7,6.5,5.4,.66,1
2016,269,7,32.6,16.1,24.1,41.3,11,24.9,2.46,22.52,0,29,22.4,25.6,25.9,25.4,25.6,2.4,1.5,35,50,7.3,11.1,6.8,6.1,.69,1.6
2016,270,7,32.9,16.5,25,51.3,15.2,30,2.38,20.13,0,29,23.5,26.1,25.7,25.4,25.5,2.6,2.2,136,31,8.9,11.4,6.5,6,.91,5.4
2016,271,7,29.1,18,23.1,60.2,27.7,40.3,1.77,16.11,0,28,24.8,26.4,25.7,25.5,25.6,2.7,2.6,121,21,10.4,10.8,5,5.1,1.11,8.5
2016,272,7,32.8,16.3,24.6,63.7,21.6,40.7,2.04,18.62,0,28.6,23.5,26,25.7,25.4,25.6,2.1,1.7,141,35,8.4,11.3,5.5,5,1.21,9.7
2016,273,7,31.1,20,25.3,64.1,29.8,45.4,1.84,13.41,0,28.5,25.2,26.7,25.6,25.4,25.5,1.9,1.6,127,33,7.8,12.6,3.8,4.2,1.43,12.3
2016,274,7,33.8,16.8,24.7,62.9,19.6,43.6,1.94,18.33,0,29.4,24.3,26.8,25.7,25.5,25.6,1.5,.6,136,63,8.6,11.8,4.9,4.5,1.3,10.8
2016,275,7,33.2,17.1,25.6,72.9,19.3,39.1,2.21,20.8,0,29.9,24.8,27.2,25.8,25.5,25.6,2.2,1.7,147,39,7.7,11.7,6.1,5.4,1.19,9.4
2016,276,7,31.1,16.2,24.1,73.4,30.2,50.8,1.59,19.3,0,29.1,24.9,27,25.8,25.6,25.7,3.7,3.3,148,27,10.3,10.7,5.9,5.6,1.5,12.8
2016,277,7,26.2,9.7,19.4,94.1,4.9,35.2,1.63,21.33,0,27.8,23.7,26,25.8,25.6,25.7,2.1,1.5,277,45,7.8,5.8,5.7,4.5,.7,-.9
2016,278,7,28.3,7.5,18.7,44.5,9,21.4,1.9,21.05,0,27.3,21.6,24.4,25.6,25.1,25.4,1.3,.7,155,57,9.9,6.3,5.3,4,.42,-5.3
2016,279,7,28.7,11.2,20.2,40.1,15.7,27.5,1.89,20.29,0,26.8,21.8,24.3,25.1,24.8,25,2.4,1.6,155,49,7.6,7.4,5.9,5.2,.62,.2
2016,280,7,30.5,7.8,19.7,55.5,10.6,27.1,1.97,20.65,0,27,21.1,24,24.8,24.4,24.7,1.7,.7,345,62,6.3,7.4,5.6,4.6,.54,-2
2016,281,7,32.5,11.4,22.1,31,9.5,18.1,2.43,20.12,0,27.2,21.1,24.1,24.6,24.2,24.5,1.1,.6,142,58,6.3,9,5.5,4,.46,-4.1
2016,282,7,33.6,16.5,24.1,40.1,19.1,26,2.36,18.81,0,28,22.6,25.1,24.4,24.3,24.3,2.1,1.2,61,54,9.3,11.6,5.9,5.3,.8,3.1
2016,283,7,33.9,13,24.2,55,14.2,32.9,2.3,19.26,0,28.6,22.9,25.7,24.5,24.3,24.4,1.3,1,136,43,6.9,9.9,5.2,4.3,.94,6
2016,284,7,33,14.9,24.2,50.9,9.6,28.7,2.41,19.46,0,28.5,23.5,26,24.7,24.4,24.6,2.1,1.5,150,43,6.8,10.6,5.9,5.2,.8,3.4
2016,285,7,32.8,14.8,23.9,43.4,13.9,26.4,2.38,19.34,0,28.4,23.2,25.7,24.8,24.5,24.6,2,1.4,153,43,7.1,10.5,5.8,5,.76,2.8
2016,286,7,33.1,14,22.9,34.8,11.8,23.3,2.37,19.06,0,28,22.9,25.4,24.7,24.5,24.6,1.8,1.2,140,47,6.7,10.2,5.6,4.8,.62,0
2016,287,7,33,9.6,22.2,43.5,9.2,22,2.39,19.22,0,28,22.3,25.1,24.7,24.4,24.6,1.2,.6,133,59,4.3,8.5,5.2,3.9,.53,-2.1
2016,288,7,33.3,12.6,22.5,34.9,9.3,20.9,2.46,19.12,0,27.5,22.1,24.8,24.5,24.1,24.4,1.9,1.4,143,38,6.7,9.6,5.8,4.9,.51,-2.4
2016,289,7,32.6,12.7,22.9,35.7,12,22.5,2.39,18.8,0,27,22,24.6,24.4,24.2,24.3,2.6,2.1,148,37,10.2,9.6,6.2,5.7,.61,-.3
2016,290,7,30.5,11.6,22.1,41.6,16.8,27,2.13,15.61,0,26,22,24.1,24.3,24,24.2,2.7,2,158,40,8.8,8.4,5.2,5.2,.69,1.6
2016,291,7,30.5,13.2,21.7,52.1,17.5,33.6,1.92,18.17,0,26.6,21.6,24.1,24.1,23.8,24,2.3,1.5,149,47,7.3,9,5.2,4.8,.83,4.1
2016,292,7,29.8,10.3,20.5,63.1,18.1,38,1.7,18.08,0,26.9,21.7,24.2,24.1,23.7,23.9,1.7,.1,178,77,6.4,7.6,4.7,4,.86,4.6
2016,293,7,31.4,10.2,21.3,51.9,9.2,23.5,2.2,18.19,0,26.2,21,23.7,23.9,23.6,23.8,2.2,1,338,59,7.9,8.3,5.7,5,.53,-2.2
2016,294,7,33.5,13,23.3,19.5,4.7,10.3,2.76,18.36,0,26.3,20.9,23.5,23.7,23.4,23.6,1.9,1.3,39,47,7.1,9.9,5.8,4.9,.27,-10.9
2016,295,7,33.2,11.8,23.2,32,13.6,20.3,2.5,17.55,0,26.4,21.2,23.7,23.5,23.3,23.5,2.4,2.1,127,29,7.9,9.4,5.8,5.3,.57,-1.3
2016,296,7,34.2,16.3,24.6,35.5,13,23.7,2.6,17.18,0,27.1,22.1,24.5,23.5,23.3,23.4,2.3,1.7,140,41,6.3,11.6,5.6,5.2,.69,1.6
2016,297,7,32.8,14.2,23.7,38.6,16,26.5,2.34,16.34,0,26.5,22,24.3,23.6,23.4,23.5,2.5,2,148,38,7.9,10.3,5.5,5.3,.75,2.8
2016,298,7,29.9,17.1,23.3,90.2,22.8,41.3,1.85,10.81,2.54,25.8,22.9,24.4,23.6,23.4,23.5,2.6,1.6,161,50,13.7,10.7,3.6,4.4,1.12,8.1
2016,299,7,30.2,15.4,22,90.8,30.8,61.4,1.2,16.88,0,26.6,22,24.2,23.7,23.4,23.5,1.5,.5,3,66,6.7,10,3.8,3.4,1.53,13.3
2016,300,7,32.3,13.7,22.6,84.4,17.3,48.2,1.74,16.76,0,26.6,21.7,24.1,23.5,23.3,23.4,1.3,1,151,38,6.1,9.9,4.2,3.4,1.17,9
2016,301,7,32.8,15.2,24.4,59.2,17.1,33.7,2.24,13.24,0,25.9,22.2,24.1,23.5,23.3,23.4,1.9,1.6,145,34,7.6,10.7,4.3,4.2,.96,6.3
2016,302,7,31.1,17.9,24.5,45.8,18.9,32.1,2.2,10.96,0,25.9,22.8,24.3,23.4,23.3,23.4,1.6,.6,114,63,6.4,11.6,3.3,3.5,.95,6.2
2016,303,7,33,16,24.2,48.7,15.8,30.6,2.29,15.11,0,26.8,22.5,24.6,23.4,23.3,23.4,2.1,1.6,137,40,6.4,11.2,4.8,4.5,.87,5
2016,304,7,31.3,15.2,23.3,49.9,20.7,32.9,2.07,12.2,0,25.7,22.7,24.3,23.5,23.3,23.4,2.7,2,154,41,8.8,10.4,4.4,4.8,.91,5.5
2016,305,7,26.7,11.6,19.2,61,32.8,44.7,1.32,13.14,0,24.8,21.3,23.2,23.4,23.1,23.3,1.7,.8,194,57,7.9,6.5,3.3,3,.99,6.6
2016,306,7,25,7.4,16.4,61.1,14.8,34.5,1.37,15.7,0,23.8,19.7,21.8,23.2,22.8,23,1.8,.8,158,60,6.4,4.7,3.9,3.3,.59,-.7
2016,307,7,26.6,8.4,17.7,46.6,16.7,28.6,1.59,15.96,0,23.5,18.6,21,22.8,22.3,22.6,1.8,.8,350,60,7.4,5.7,4.3,3.5,.55,-1.4
2016,308,7,27.6,9.4,18.3,73.6,21.9,40.7,1.38,12.97,0,22.8,18.9,21,22.4,22,22.2,2.6,1.6,97,51,12.1,6.3,4,4,.84,3.7
2016,309,7,27.4,8.8,18.1,81.4,24,48.7,1.28,14.7,0,23.6,18.8,21.2,22.1,21.8,22,1.3,.3,239,73,5.2,6.2,3.4,2.8,.93,5.9
2016,310,7,27.4,10.3,18.6,68.4,25.6,45.5,1.33,15.13,0,24,19.3,21.6,21.9,21.7,21.8,1.4,.5,128,65,5.3,6.4,3.5,2.9,.92,5.8
2016,311,7,28.5,9.8,18.9,66.9,21.5,42.2,1.47,15.11,0,24,19.2,21.6,21.9,21.6,21.8,1.4,.5,155,66,5.4,6.9,3.7,3,.86,4.7
2016,312,7,29.3,10.5,19.7,55.5,16.2,34.1,1.74,14.99,0,24,19.1,21.5,21.8,21.6,21.7,1.1,.2,180,75,4.4,7.5,3.7,2.7,.72,2.2
2016,313,7,30.7,11.8,20.8,49.9,13.8,28.9,1.97,15.19,0,23.7,19.3,21.5,21.7,21.5,21.6,2.8,2.6,117,23,9.9,8.6,5.3,4.9,.66,1
2016,314,7,27.9,9.5,19,49.7,13.1,27.8,1.76,15.29,0,23.3,19.3,21.4,21.6,21.4,21.5,2.4,2,124,32,8.3,6.5,4.8,4.2,.57,-1.1
2016,315,7,27.9,6.2,16.9,45.4,11.5,27.8,1.59,14.83,0,22.6,18,20.4,21.5,21.2,21.4,1.7,1.3,118,39,6.6,5.9,3.9,3.4,.5,-2.9
2016,316,7,26.8,7.8,16.9,48.9,17.4,32.2,1.49,14.93,0,22.3,17.7,20,21.3,21,21.2,1.7,1.4,131,33,7.6,5.7,4,3.2,.58,-.7
2016,317,7,27.9,8.3,16.9,49.1,16.9,32.6,1.48,14.06,0,21.9,17.6,19.7,21.1,20.7,20.9,1.7,1.4,129,32,7.9,6.2,3.7,3.3,.59,-.5
2016,318,7,29.1,7.8,17.3,49.3,9.6,29.5,1.65,14.74,0,22.1,17.3,19.6,20.8,20.5,20.7,1.6,.3,326,72,6.2,6.7,3.9,3.3,.52,-2.2
2016,319,7,31.2,10.3,18.9,40.4,9.2,23.6,1.92,14.68,0,22.3,17.4,19.8,20.6,20.4,20.5,1.4,.5,155,64,5.1,8.2,4,3.2,.46,-3.9
2016,320,7,31.2,9.7,18.8,33.5,9.7,21.2,1.93,14.14,0,22.2,17.5,19.8,20.5,20.3,20.4,1.7,1.3,114,36,4.8,8.1,4.1,3.6,.43,-4.9
2016,321,7,26.5,10.8,18.2,31.8,13.4,22.5,1.71,11.84,0,21.2,17.9,19.6,20.4,20.3,20.4,3.2,2.8,142,29,7.2,6.1,4.5,4.8,.46,-4
2016,322,7,19.1,7,13.4,37.8,9.1,18.6,1.28,14.59,0,20.2,17.2,18.7,20.3,20.1,20.2,3.7,3,319,34,10.6,2.1,4.8,4.3,.28,-10.9
2016,323,7,23,3.3,12.4,27.8,5,13.5,1.37,14.57,0,19.2,14.7,17,20.1,19.6,19.9,1.5,.6,96,63,5.8,3.3,3.5,2.7,.17,-16.1
2016,324,7,24.9,3,14.9,29.7,10.9,18.1,1.56,12.12,0,18.8,14.4,16.7,19.6,19.1,19.4,2.1,1.9,130,26,9,4.1,3.8,3.5,.31,-9.7
2016,325,7,22.9,8.4,14.8,97.4,16.8,48.2,.96,5.86,3.81,18.1,16,17.2,19.2,19,19.1,2.6,2.3,135,25,9.6,3.9,1.8,3,.77,1.3
2016,326,7,17.4,6.7,13.6,96,42.7,74.5,.42,9.55,3.05,17.8,15.6,17,19,18.8,18.9,2.9,1.8,240,49,8.7,1.3,1.8,1.6,1.15,8.7
2016,327,7,21.1,3.7,11.7,95.7,29.2,67.3,.6,13.63,0,17.8,12.7,15.2,18.8,18.3,18.6,1,.1,190,76,5.4,2.6,2.3,1.7,.87,4.8
2016,328,7,23.2,4.1,12.7,93,23,58.4,.81,13.51,0,18,12.6,15.2,18.3,17.9,18.2,1.1,.1,41,77,3.9,3.5,2.5,1.9,.78,3.2
2016,329,7,22.4,7.2,13.5,64.9,10,32.3,1.17,13.51,0,16.9,12.7,14.7,18,17.6,17.8,3.6,3.3,355,23,8.8,3.5,4.3,4.3,.45,-4.6
2016,330,7,24.5,2.9,12.4,48,10.5,29.9,1.22,13.39,0,16.8,11,13.9,17.6,17.2,17.5,1.4,1.3,140,29,6.9,3.9,3.2,2.6,.38,-6.6
2016,331,7,19.1,5.2,13.5,61,25.8,37.3,1.03,5.45,0,15,12.4,13.9,17.2,17,17.1,3.1,2.4,169,40,11.1,1.9,2.1,3.1,.56,-1.3
2016,332,7,15.7,4.8,9.6,88.6,35.7,60.9,.51,8.56,6.1,14.9,12.2,13.6,17,16.7,16.9,3.6,2.6,260,42,12.4,.6,1.8,2.4,.71,1.9
2016,333,7,13.1,.6,6.6,97.4,43.4,79.1,.24,8.43,0,12.6,8.8,10.8,16.7,16.1,16.5,1.8,.9,129,56,8,0,1,1.2,.76,3
2016,334,7,13.4,1,6.9,95.8,22.4,55.6,.52,13.45,0,11.6,7.3,9.4,16.1,15.4,15.8,3.3,2.7,336,34,9.9,.1,2.8,2.3,.51,-2.7
2016,335,7,16.7,-1,6.2,76.7,15.6,47.9,.61,13.28,0,11.9,5.9,8.7,15.4,14.7,15.1,1.1,.5,143,62,5,.8,2.2,1.6,.41,-5.5
2016,336,7,16,-.4,6.3,71.3,16.3,46.5,.61,8.74,0,10.5,6,8.2,14.8,14.2,14.6,1.1,.4,104,65,3.7,.6,1.3,1.6,.41,-5.5
2016,337,7,15.4,3.5,8.1,65.7,22.8,44.1,.65,7.38,0,11,7.6,9.1,14.3,13.9,14.1,1.6,1,5,50,6.1,.5,1.4,1.9,.46,-4
2016,338,7,18.1,5.5,10.9,48.6,15.6,28.2,.99,12.99,0,12.1,7.1,9.4,14.1,13.7,13.9,4.4,3.7,335,31,11.4,1.5,4.3,4.1,.35,-7.4
2016,339,7,22.6,2.6,11.1,44.8,7.1,23.5,1.15,13.03,0,13.1,7.2,10,13.9,13.6,13.7,2.1,1.5,14,42,8,3.1,3.4,3.1,.27,-10.7
2016,340,7,21,1.8,9.6,51.9,11.7,32.4,.92,12.17,0,13.1,7.7,10.2,13.8,13.6,13.7,2,1.5,120,39,5.7,2.4,2.8,2.8,.35,-7.5
2016,341,7,16.5,2.9,10,81.4,29.2,51,.63,10.33,0,12.8,8.6,10.6,13.7,13.6,13.7,2.7,2.2,136,35,7.8,.8,2.3,2.2,.64,0
2016,342,7,16.5,2.3,8.4,93.6,38.2,68.6,.4,8.7,0,12.5,8.8,10.6,13.8,13.6,13.7,1.7,1,66,52,5.2,.8,1.2,1.6,.75,2.5
2016,343,7,19.9,.6,9,65,22,41.9,.78,12.12,0,13.2,7.2,10.1,13.7,13.4,13.6,.9,.5,128,68,3.8,1.9,2.2,1.5,.47,-3.9
2016,344,7,22.2,2.5,11.1,73.6,27.7,49.6,.81,11.4,0,14.1,8.4,11.2,13.6,13.4,13.5,1.2,.5,101,62,5,2.9,2.2,1.9,.63,.3
2016,345,7,21.7,2.9,12.2,79.8,29.4,51.2,.83,11.08,0,14.4,9.3,11.8,13.6,13.4,13.6,1.5,1,141,47,4.8,2.8,2.3,2.1,.69,1.6
2016,346,7,22.7,7.6,13.3,68.8,28.8,50.5,.86,11.47,0,15.8,10.9,13.1,13.8,13.5,13.7,1.7,1.5,112,27,4.1,3.7,2.3,2.3,.74,2.6
2016,347,7,23.2,4.9,13.3,76,30.8,53.7,.84,11.73,0,15.9,10.8,13.3,14.1,13.8,14,1.5,.9,124,51,4.5,3.6,2.4,2.1,.78,3.4
2016,348,7,22.1,7.4,14,74.5,32.1,54.2,.84,11.22,0,16.3,12,14.1,14.3,14,14.2,2,1.7,130,33,5.5,3.5,2.5,2.3,.83,4.3
2016,349,7,22.3,6.1,13.3,76.6,32.3,55.3,.82,11.2,0,16.1,11.6,13.8,14.5,14.3,14.4,1.9,1.7,123,26,5.7,3.3,2.5,2.3,.8,3.8
2016,350,7,22.4,6.2,14.6,74.2,29.4,50.7,.94,7.73,0,15.1,11.5,13.5,14.6,14.4,14.5,2.7,2.2,128,37,8.7,3.3,2.1,2.8,.81,3.8
2016,351,7,20.7,11.8,16,89.5,43.5,63.2,.73,7.72,1.27,15.7,13.4,14.6,14.6,14.5,14.6,4.7,3.1,213,47,17.1,3.6,2.5,3,1.12,8.5
2016,352,7,14.2,-.9,7.5,50,12.2,31.5,.74,12.45,0,15.1,11.1,12.9,14.8,14.6,14.7,3.5,3,296,31,12.8,.2,3.1,2.8,.32,-9.1
2016,353,7,14.8,-3.6,5.3,62.1,12,32.6,.69,12.62,0,11.5,7.1,9.4,14.6,13.9,14.4,2.3,1.7,17,41,7.6,.3,2.9,2.4,.26,-11.2
2016,354,7,18.5,.8,9.2,34.8,13.6,23,.98,12.47,0,12,6.9,9.3,14,13.3,13.7,3,2.9,8,19,7.1,1.4,3.6,3.4,.25,-11.5
2016,355,7,22.8,2.7,11.5,44.6,15.5,28.6,1.11,10.49,0,13.3,8.1,10.5,13.4,13.1,13.2,1.1,.4,35,63,4.8,3.2,2.4,2,.37,-6.8
2016,356,7,18.9,10.6,13.7,96,27,55,.72,4.48,6.1,13.9,11.5,12.5,13.4,13.1,13.2,1.7,.8,72,60,6.3,2.5,1,1.9,.86,3.9
2016,357,7,999,999,999,999,999,999,999,999,999,999,999,999,999,999,999,999,999,999,999,999,999,999,999,999,999
2016,358,7,999,999,999,999,999,999,999,999,999,999,999,999,999,999,999,999,999,999,999,999,999,999,999,999,999
2016,359,7,999,999,999,999,999,999,999,999,999,999,999,999,999,999,999,999,999,999,999,999,999,999,999,999,999
2016,360,7,999,999,999,999,999,999,999,999,999,999,999,999,999,999,999,999,999,999,999,999,999,999,999,999,999
2016,361,7,999,999,999,999,999,999,999,999,999,999,999,999,999,999,999,999,999,999,999,999,999,999,999,999,999
2016,362,7,19.4,.8,8.8,85.3,26.3,62.1,.51,12.4,0,10.5,6,8.1,11.9,11.4,11.7,2.6,2.2,6,30,7.7,1.8,2.3,2.4,.68,1.5
2016,363,7,19,3.1,9.1,88,30.3,67.3,.46,9.11,0,10.7,6.9,8.6,11.5,11.3,11.4,1,.1,107,78,4,1.7,1.2,1.4,.75,2.8
2016,364,7,24.8,5.2,12.6,84.3,17.8,56.4,.84,12.35,0,12.8,7.6,9.8,11.4,11.2,11.3,1,.8,119,38,3.6,4.3,2.3,1.9,.74,2.5
2016,365,7,18.6,5.2,10.9,96.6,41.5,74.6,.4,8.87,12.19,12.1,8.8,10.5,11.6,11.3,11.5,2.2,1,112,59,8.1,1.7,1.5,1.7,.95,6
2016,366,7,16.3,8.6,11.4,98.7,59.1,86.1,.21,9.42,3.3,13.5,10.4,11.7,11.9,11.6,11.8,.8,.5,142,54,4.8,1.1,1.1,1.1,1.15,9
