2016,1,9,8.9,-1.6,3.9,93.7,52.8,72.4,.24,11.47,0,9.3,4.4,6.3,7.8,7.6,7.7,4.6,4.4,86,18,11.4,0,1.9,1.5,.58,-.8
2016,2,9,9.7,-4.8,2.6,96.5,50.5,76.9,.21,13.57,0,9.9,3.9,6.5,7.9,7.8,7.9,2.2,1.7,97,37,7.2,0,1.8,1.3,.56,-1.3
2016,3,9,12.1,-5,3.9,97.7,41.8,69.3,.34,13.37,0,9.7,3.6,6.4,8,7.8,7.9,3.3,2.8,94,31,11.9,0,2.4,1.8,.53,-2
2016,4,9,8.1,1.2,4.3,100,62.8,83.5,.15,6.03,27.69,8.3,5.4,6.6,8.1,7.9,8.1,4.3,3.7,99,31,11,0,.7,1.1,.69,1.6
2016,5,9,10.1,.6,5.2,100,70.8,92.2,.09,11.64,.76,10.2,4.7,7.1,8.1,7.8,7.9,1.3,.8,147,49,6.5,0,1.3,1,.81,3.9
2016,6,9,9.7,.2,6,98.6,50,78.3,.22,9.61,3.05,9.7,6.4,7.8,8.5,8.1,8.3,2.8,1.7,256,52,11.3,0,1.3,1.1,.73,2.3
2016,7,9,7.4,-.9,2,100,66.3,91.6,.07,4.12,7.37,7.1,4.2,5.5,8.6,8,8.4,2.3,1.1,192,57,9.8,0,.1,.8,.64,.7
2016,8,9,3.9,-1.5,.8,100,81.4,95.9,.03,8.58,10.16,7,3.7,5,8,7.3,7.6,1.7,1.3,310,39,7.5,0,.5,.7,.62,.2
2016,9,9,6.7,-3.9,1.3,99.6,52.2,86.2,.12,12.09,0,8.5,3.8,5.5,7.5,7.3,7.4,1.5,.9,314,49,6.7,0,1.3,.9,.57,-1
2016,10,9,7.3,-5,.7,97.2,52.6,82.5,.14,7.95,0,6.6,3,4.6,7.5,7.2,7.4,1,.4,318,61,3.7,0,.5,.9,.52,-2.2
2016,11,9,9.8,-5.2,1.4,96.9,35,75.6,.22,14.21,0,8.2,2.8,5,7.2,7,7.1,1.1,.4,334,62,4.2,0,1.7,1.2,.49,-3
2016,12,9,11.5,-6.6,1.4,93.7,23.6,67.1,.32,14.33,0,8.1,2.7,4.9,7.2,6.9,7,1.5,.9,69,52,6.1,0,2.1,1.5,.42,-5.2
2016,13,9,14.9,-5.8,2.8,91.6,21.2,64.5,.4,14.55,0,8.6,2.7,5,7,6.8,6.9,1.2,.4,48,67,3.4,.3,2.1,1.6,.44,-4.6
2016,14,9,15,-5.6,2.9,94,14.8,61.2,.43,14.42,0,8.4,2.8,5.1,7,6.8,6.9,1.8,.7,324,63,8.4,.3,2.4,2,.4,-5.7
2016,15,9,12.5,-5.2,2.7,93.8,22.3,65.5,.34,8.67,.51,6.8,2.9,4.7,7,6.8,6.9,2.5,1.4,304,55,13.2,0,1.5,1.9,.45,-4.3
2016,16,9,13.5,-4.9,3.4,96.6,25.9,69.9,.32,13.7,.25,8.5,2.6,5.2,6.9,6.6,6.8,1.1,.3,7,68,4,.1,1.8,1.4,.51,-2.6
2016,17,9,18.5,-2.5,6.9,91.8,13.6,55.3,.61,14.6,0,10.1,3.8,6.6,7.1,6.8,6.9,2.1,1.3,312,49,10.2,1.3,3,2.6,.48,-3.6
2016,18,9,17.3,-4.6,5.6,89.7,15.2,56.8,.57,12.76,0,9.8,3.7,6.6,7.4,7.1,7.2,1.3,.6,80,58,4.3,.9,2.1,1.9,.44,-4.5
2016,19,9,18.4,-4.2,7.5,86.9,13.9,48.9,.68,14.4,0,11,4.2,7.3,7.6,7.3,7.5,1.5,.7,341,60,4.2,1.2,2.7,2.2,.45,-4.3
2016,20,9,18,-1.7,7.8,82.9,20.4,55.5,.59,14.54,0,11.9,5.4,8.3,8.1,7.6,7.8,2.3,1.4,304,49,9.1,1.1,2.9,2.5,.54,-1.8
2016,21,9,14.9,-3.2,5.9,88,11.8,45.6,.61,15.06,0,11.8,5.3,8.2,8.3,8.1,8.2,2.3,.8,47,66,8.2,.3,2.9,2.4,.37,-7.3
2016,22,9,18.2,-3.7,5.5,73.7,10.5,43,.68,14.37,0,11.7,5,7.9,8.4,8.1,8.3,1.5,.9,67,53,5.8,1.2,2.8,2.4,.33,-8.3
2016,23,9,19.22,-2.11,999,999,999,999,999,999,999,999,999,999,999,999,999,999,999,999,999,999,999,999,999,999,999
2016,24,9,14.8,-1.5,6.2,80.4,22.3,45.1,.62,12.97,0,10.7,5.6,8,8.6,8.4,8.5,2.8,1.6,284,54,11.4,.3,3,2.7,.4,-5.8
2016,25,9,13.1,-4.3,3.5,87.1,26.9,58.5,.42,13.38,0,10.8,4.8,7.5,8.6,8.3,8.5,1.5,.7,334,58,5.5,0,2.1,1.8,.42,-4.9
2016,26,9,11.5,-5.3,2.5,87.3,11.2,42.4,.5,14.43,0,10.7,4.2,7.1,8.5,8.2,8.3,2.4,1.7,55,97,9.3,0,2.9,2.3,.29,-10.3
2016,27,9,13.5,-3.1,4.9,76.8,17.1,44.8,.55,15.8,0,11.3,4.7,7.5,8.4,8.1,8.2,2.5,1.7,91,46,6.9,.1,3.1,2.5,.36,-7.1
2016,28,9,17.8,-5.6,4.9,88.3,16.2,53,.6,15.89,0,12,4.5,7.8,8.4,8.1,8.2,1.4,.5,80,64,5.6,1.1,2.9,2.3,.39,-6
2016,29,9,21.8,-3.9,7.1,84,12.5,45.8,.8,15.87,0,12.7,5.1,8.5,8.5,8.3,8.4,1.5,.4,4,68,5,2.4,3.2,2.7,.38,-6.6
2016,30,9,20.2,-2.3,9,71.4,14.9,39.5,.88,15.56,0,12.7,6,9.1,8.8,8.5,8.7,2.6,1.2,265,59,11.4,1.9,3.9,3.4,.4,-5.8
2016,31,9,20.1,1.4,12.8,69.9,17.5,35.2,1.06,15.63,0,13.4,7.1,10.1,9.3,8.8,9,4.7,3.5,225,41,19.3,2,4.9,4.3,.49,-3.2
2016,32,9,11.5,0,2.7,99.7,47.8,74.4,.2,10.49,6.35,11.5,6.7,8.5,9.6,9.2,9.5,5.5,4.7,261,30,16.6,0,1.7,2.4,.55,-1.6
2016,33,9,5.3,-5.4,.2,82,25.7,57,.29,16.73,0,9.7,4.4,6.7,9.4,8.7,9,3.6,3.3,310,20,9.1,0,2.6,1.8,.34,-7.9
2016,34,9,7.7,-9.4,-1.2,88.1,21,57.4,.31,17.04,0,9.7,3.1,5.8,8.7,8,8.4,1.3,.4,327,68,5.4,0,2.3,1.6,.29,-9.8
2016,35,9,10.4,-8.6,.6,81.7,14.2,45.7,.44,17.34,0,10,2.9,5.9,8.1,7.6,7.9,1.9,1.3,70,48,9.6,0,2.9,2.1,.25,-11.7
2016,36,9,13.4,-7.2,2.6,81.8,13.7,44.7,.54,17.3,0,10.9,3.1,6.5,7.8,7.5,7.7,1.8,1,54,56,9.2,0,3.1,2.3,.28,-10.2
2016,37,9,15.7,-5.1,4.8,69.4,9.9,34.8,.7,17.66,0,11.6,3.7,7.2,7.8,7.6,7.7,1.8,1,75,54,7.6,.5,3.5,2.7,.25,-11.8
2016,38,9,18.9,-6,6.2,78.4,11.2,39,.78,14.62,0,11.2,4.2,7.6,8,7.8,7.9,1.4,.9,39,50,5.2,1.4,2.8,2.5,.31,-9.1
2016,39,9,20.2,-2.6,9.4,74.2,14.1,35.6,.94,17.83,0,12.9,5.2,8.6,8.3,8,8.1,2.7,1.8,94,47,9.9,1.9,4.5,3.7,.37,-6.9
2016,40,9,20.8,-.1,9.9,67.6,12.8,36.4,.96,17.85,0,13.9,6.1,9.6,8.8,8.3,8.6,2.5,1.6,62,48,8,2.2,4.4,3.6,.38,-6.4
2016,41,9,22,.7,10.6,65.9,12.1,36.3,1.03,18.11,0,14.8,6.9,10.5,9.3,8.8,9,1.6,.4,50,69,5.6,2.7,4,3.1,.4,-5.9
2016,42,9,25.4,-2,10.1,78.5,7.7,42.5,1.06,18.39,0,15.6,7.5,11.1,9.8,9.3,9.5,1.2,.5,25,62,3.6,3.8,3.8,3.1,.41,-5.6
2016,43,9,24.3,-1.8,10.7,74.6,8.6,35.8,1.12,18.57,0,15.8,7.9,11.5,10.2,9.8,10,1.9,.9,80,58,6.1,3.4,4.4,3.7,.37,-6.6
2016,44,9,25.7,-.6,12.1,65.1,9,31.2,1.26,18.52,0,16.5,8.6,12.2,10.6,10.2,10.4,1.6,.5,11,66,5.7,4,4.3,3.6,.36,-7.1
2016,45,9,23.7,-1.1,10.9,72.8,6.3,35.9,1.1,18.7,0,16.3,9.1,12.5,11,10.6,10.8,2.2,1.4,336,49,9.1,3.2,4.6,3.9,.38,-6.4
2016,46,9,23.5,-1.2,10.9,73.4,10.5,38.8,1.07,18.81,0,17,9.4,12.8,11.3,11,11.1,1.4,.2,42,74,5.5,3.2,4.1,3.2,.41,-5.4
2016,47,9,25.3,0,12,72.4,9.9,37.6,1.19,19.12,0,17.4,9.7,13.2,11.6,11.3,11.4,1.7,.7,84,61,6.1,4,4.4,3.7,.43,-4.8
2016,48,9,27.5,.6,14,69.4,9.3,32.7,1.41,19.07,0,17.8,10.3,13.8,11.9,11.6,11.8,2,.6,107,68,7.6,5,4.9,4.3,.42,-4.9
2016,49,9,24.9,2.5,14.3,62.5,11.8,31.9,1.32,14.67,0,17,11,14,12.3,11.9,12.1,1.8,.5,285,67,8.4,4,3.7,3.6,.46,-4
2016,50,9,24.5,5.5,14.6,67.6,12.5,35.3,1.25,13.41,0,17.3,12.6,14.8,12.7,12.3,12.5,2.1,.2,284,76,6.4,4.3,3.4,3.7,.52,-2.4
2016,51,9,25,1.8,13.2,77.7,11.8,38.5,1.21,18.78,0,19,11.6,15,13,12.7,12.9,1.4,.6,6,60,4.7,4,4.2,3.3,.49,-3
2016,52,9,25.1,2.4,12.8,77.2,12.3,41,1.15,19.68,0,19.3,12.2,15.5,13.4,13,13.2,2,1.5,332,42,8.5,4.1,4.7,4,.51,-2.5
2016,53,9,20.6,-1.8,10.1,77.3,12.2,37.9,.96,20,0,17.6,11.5,14.5,13.6,13.3,13.4,3.3,2.4,302,43,13.7,2.1,5.4,4.3,.4,-5.7
2016,54,9,15.4,0,8.6,50.8,11.1,29.5,.86,20.14,0,16.9,11,13.8,13.5,13.2,13.4,3.6,3.2,314,29,10.3,.5,5.1,3.9,.31,-9.3
2016,55,9,16,-.3,7.8,59.8,19,38,.73,20.4,0,17.1,10.8,13.6,13.4,13,13.2,4.8,4.5,91,23,13.8,.6,4.9,4.2,.38,-6.4
2016,56,9,20.9,-4,8.8,76.2,12.2,37.3,.95,20.41,0,17.3,9.9,13.3,13.2,12.8,13,2.6,2,91,39,9.6,2.1,4.9,4.1,.34,-7.7
2016,57,9,23.6,-.2,11.1,58.8,10.5,31,1.14,20.47,0,18.6,10.4,14.1,13.1,12.8,13,1.6,.8,49,57,6.2,3.3,4.6,3.8,.35,-7.4
2016,58,9,25.7,-.6,12.3,66.1,6.8,31.6,1.29,20.36,0,18.9,11.2,14.8,13.4,13.1,13.2,2,.7,295,66,9.6,4,5.1,4.3,.37,-6.9
2016,59,9,24.5,-.2,12.4,63.3,9.9,30.8,1.24,21.03,0,19.5,11.5,15.2,13.7,13.4,13.5,1.7,.8,334,58,6.4,3.6,4.8,3.9,.38,-6.5
2016,60,9,23.7,2,12.7,59.2,11.6,32.7,1.21,19.91,0,19.3,12.4,15.7,14,13.7,13.8,2.3,1.3,334,53,8.2,3.5,5,4.3,.41,-5.2
2016,61,9,25,.1,13.1,76.3,12.9,36.1,1.24,19.61,0,19.9,12.3,15.9,14.2,14,14.1,1.5,.6,342,63,5.4,3.8,4.4,3.8,.46,-3.9
2016,62,9,25.5,.2,12.8,69.1,12.1,36.1,1.23,21.18,0,20.5,12.7,16.4,14.5,14.2,14.4,2,1,332,56,9.3,4,5.1,4.3,.45,-4.1
2016,63,9,27.5,1.7,12.9,64.9,8.5,34.2,1.3,20.08,0,20.7,13.1,16.5,14.8,14.5,14.6,1.6,.3,48,72,4.5,5,4.5,4.1,.41,-5.4
2016,64,9,26.5,2.7,13.5,60.7,7.4,29.1,1.39,20.93,0,21.1,13.3,16.9,15,14.7,14.9,1.7,.3,2,74,7.8,4.8,5.2,4.3,.37,-6.8
2016,65,9,25.5,4.3,15,53.3,6.8,23.7,1.5,19.25,0,20.5,14,17.2,15.2,15,15.1,2.2,.5,267,72,7.8,4.5,5.2,4.7,.35,-7.6
2016,66,9,22.4,7.9,15,52.3,11.7,26.1,1.35,15.98,0,20.1,15.2,17.5,15.6,15.2,15.4,2.4,1.5,290,49,9.3,3.6,4.3,4.3,.41,-5.4
2016,67,9,17.3,2.3,9.5,82.1,17.9,49.4,.68,19.76,0,19.9,13.9,16.8,15.7,15.4,15.6,2.9,1.7,283,51,13.7,1.1,4.2,3.6,.55,-1.6
2016,68,9,13.4,1.8,7.5,94.9,30.4,63.1,.44,17.71,0,18.9,13.8,16.2,15.7,15.3,15.5,2.7,1.3,310,59,7.9,.1,3.1,2.7,.62,.1
2016,69,9,20,-3.4,9.6,86.7,10,42,.91,22.63,0,20.5,12.3,16.1,15.5,15.1,15.3,2,1.2,305,52,7.4,1.8,4.9,3.8,.41,-5.5
2016,70,9,23,-1,11.3,67.4,8.6,29.9,1.18,23.31,0,20.7,13,16.7,15.4,15.2,15.3,2.3,1.4,93,50,8.8,3,5.7,4.6,.33,-8.2
2016,71,9,25.1,.3,13.5,53.8,9.6,26.3,1.38,20.46,0,20.1,13.3,16.7,15.6,15.3,15.5,2.1,.5,186,71,6.6,3.9,5.1,4.6,.35,-7.5
2016,72,9,17,3.3,10.6,69.8,15.7,37,.88,21.95,0,19.8,14.1,16.7,15.7,15.5,15.6,4,3.1,271,37,11.6,1,5.5,4.4,.44,-4.8
2016,73,9,21.3,-2.2,9.9,78.8,10.1,40,.97,23.59,0,20.4,12.6,16.3,15.7,15.4,15.6,2.5,1.1,260,60,11.4,2.2,5.5,4.4,.4,-5.9
2016,74,9,22.4,-.5,12.1,69.7,18.9,38.4,1.05,22.71,0,21,13.3,17,15.7,15.5,15.6,2.6,1.3,286,57,8.4,2.8,5.5,4.5,.5,-3
2016,75,9,23.3,2.5,13,79.1,11.7,38.1,1.12,23.07,0,22.3,14.1,17.9,16.1,15.7,15.9,1.9,1.1,321,51,6.9,3.4,5.2,4.3,.49,-3.3
2016,76,9,25.3,.2,12.9,62.7,9.8,29.1,1.32,23.91,0,23.1,14.2,18.3,16.4,16,16.2,1.7,.6,329,65,7.9,4,5.6,4.5,.37,-6.9
2016,77,9,24.9,1.3,13.6,60.8,10.8,28.6,1.37,23.95,0,23.1,14.8,18.7,16.7,16.4,16.5,2.1,.9,304,63,8.5,3.9,6,4.9,.38,-6.4
2016,78,9,24.5,1.5,13.6,55.8,8.9,26.2,1.38,24.43,0,23.3,15,18.9,16.9,16.7,16.8,2.3,1.2,312,56,8.1,3.8,6.2,5,.35,-7.6
2016,79,9,24.7,2.7,13.9,55.1,9.9,27.1,1.36,23.8,0,23.8,15.4,19.2,17.2,16.9,17,2,1,332,58,8.2,4,5.8,4.8,.39,-6.2
2016,80,9,22.9,2.1,13.2,60.3,13.4,32.2,1.16,23.74,0,23.7,15.8,19.4,17.4,17.1,17.3,2.5,1.9,76,39,8.9,3.2,5.7,4.8,.46,-4
2016,81,9,27.5,2.1,14.8,66.7,9.3,32.8,1.45,24.43,0,24.5,15.8,19.9,17.6,17.3,17.5,2,.5,315,69,8.8,5.1,6.1,5.1,.47,-3.8
2016,82,9,25.1,2.9,16,57,8.5,23.6,1.58,24.88,0,23.1,16.3,19.7,17.9,17.6,17.7,4.9,3.7,264,40,15.7,4.1,8.3,7,.37,-6.7
2016,83,9,16.4,3.5,10.4,48.9,7.5,24.4,1.01,25.53,0,22,16,18.9,18,17.6,17.8,3.7,3.2,310,30,13.3,.8,6.5,5,.28,-11.1
2016,84,9,20.8,-3.3,9.3,44.4,8.5,24.2,1.07,25.67,0,23.2,14,18.3,17.8,17.3,17.6,1.5,.4,308,70,6.1,2,5.5,4.1,.25,-11.8
2016,85,9,21.7,-.8,11.1,51.6,10.3,25.3,1.17,25.43,0,22.5,14.7,18.5,17.7,17.3,17.5,2.7,1.8,307,46,11.2,2.5,6.5,5.1,.29,-9.7
2016,86,9,23.4,-.1,12.4,53.7,9.5,25.6,1.29,25.48,0,22.7,14.9,18.6,17.7,17.3,17.5,3.1,1.5,280,59,17,3.2,6.9,5.7,.32,-8.5
2016,87,9,24.3,.2,13.3,66.2,12,29,1.31,25.65,0,23.9,15.2,19.2,17.7,17.4,17.6,2.2,.2,233,77,7.6,3.6,6.2,5.1,.39,-6.2
2016,88,9,23.6,2.2,13.9,66.8,14,33.7,1.24,23.12,0,23.3,16.1,19.5,18,17.7,17.8,3.7,2.5,217,45,11.4,3.5,6.4,5.6,.5,-2.9
2016,89,9,18.6,8.4,13.3,49.5,24.9,38.7,.96,18.49,0,21.8,17.1,19.3,18.1,17.9,18,4.6,2.9,231,50,11.9,2,5,4.9,.59,-.6
2016,90,9,14.5,1.3,8.7,70.8,18.5,47,.65,24.48,0,22.1,15.8,18.7,18.2,17.8,18,3.5,2.9,281,33,10.6,.3,5.1,3.9,.5,-2.9
2016,91,9,14.2,-2.2,6.4,76.2,19.4,44.4,.61,17.47,0,19.7,14.6,17.1,18,17.5,17.8,2.4,1.4,300,53,9.6,.2,3.4,3.2,.39,-5.9
2016,92,9,18.6,-2.1,9.2,69.4,15.2,38.6,.86,23.71,0,21.4,13.3,17.2,17.6,17,17.3,1.8,.1,58,79,9.1,1.3,4.8,3.9,.4,-5.7
2016,93,9,19.2,0,10.6,79.6,13.6,38.2,.94,26.71,0,22.6,14.5,18.3,17.4,17.1,17.3,2.9,2.2,94,39,10.9,1.7,6.2,4.7,.43,-5
2016,94,9,24,1.9,13.1,49.6,8.6,24,1.36,27.33,0,24.2,14.7,19.1,17.6,17.3,17.4,1.6,.4,84,71,6.4,3.6,6.3,4.9,.31,-9
2016,95,9,27.6,2.1,15.2,49.9,8,22.8,1.64,26.92,0,25.3,15.8,20.3,18,17.6,17.8,1.8,0,302,80,6.7,5.1,6.8,5.5,.34,-7.9
2016,96,9,27.5,5.1,17.1,46.5,8.9,22.6,1.74,25.32,0,25.6,17.5,21.3,18.6,18,18.4,2.2,1.5,316,46,9.2,5.5,6.8,5.7,.39,-6.2
2016,97,9,28.2,3.4,17,48.2,7,21,1.8,26.68,0,26.7,17.6,21.9,19.1,18.6,18.9,1.8,.7,72,62,6.7,5.6,6.8,5.5,.34,-7.7
2016,98,9,27,10.5,18.1,49.2,8.3,25.8,1.65,10.7,0,22.6,19.6,21.2,19.4,19.1,19.3,2.4,1.4,141,52,15.7,6.3,3.4,4.7,.51,-3.1
2016,99,9,20.3,6.7,13.6,97.7,38.6,72.5,.49,14.87,7.62,21.7,17.4,19.9,19.4,19.2,19.3,2.1,.1,28,79,9.8,2.6,2.6,2.9,1.11,8.4
2016,100,9,23.7,4.2,13.5,98.9,15.6,60.2,.86,27.52,0,24.7,14.2,19,19.2,18.3,18.7,1.9,.3,240,74,8.1,3.7,5.9,4.8,.81,3.6
2016,101,9,19.2,4.1,10.2,98.9,26.5,67.8,.5,14.87,7.37,20.4,14.9,17.5,18.8,18.4,18.6,2.7,1,254,63,13.4,1.9,2.9,3.3,.8,3.4
2016,102,9,19.6,2.6,11.6,100,28.3,70.8,.53,27.28,2.03,23.4,12.7,17.6,18.4,17.5,17.8,1.3,.3,304,70,8.1,1.9,4.9,3.9,.9,5.4
2016,103,9,19.2,6.2,11.4,95.7,32.2,76.1,.39,17.5,16.51,19.7,13.4,16.9,18,17.5,17.8,2.1,1.3,308,49,10.5,2,3,3.2,.99,6.7
2016,104,9,24.6,3.7,13.9,95.7,19.9,58.4,.9,27.92,0,23.4,12.8,17.7,17.6,17,17.3,1.3,.4,330,67,5.4,4.1,5.5,4.6,.82,4
2016,105,9,26.1,5.5,16.5,94,13.5,47.4,1.29,27.76,0,25.5,14.6,19.7,18,17.4,17.6,2,1,288,58,9.4,5,6.6,5.4,.75,2.6
2016,106,9,23.1,7,15.4,81.1,18.9,37,1.23,27.76,0,24.4,16,20.1,18.5,18,18.2,4.6,3.6,274,38,15.2,3.8,8,6.5,.6,-.8
2016,107,9,17.7,3.5,10.5,73.5,19.4,43.9,.79,26.12,0,23.3,15,19,18.6,18.2,18.4,3.3,2.9,312,26,10.3,1.3,5.8,4.7,.52,-2.3
2016,108,9,19.4,2.4,11.1,80.9,18.2,47.9,.85,23.35,0,23.8,14.6,19.2,18.5,18.1,18.3,1.4,.6,336,61,6.9,1.8,4.5,3.9,.56,-1.3
2016,109,9,22.3,2.3,12.8,84.5,8.1,40.9,1.11,28.95,0,25.5,14.9,20,18.6,18.2,18.4,2.2,1.6,313,45,8.4,3,6.7,5.2,.5,-3.2
2016,110,9,24.6,2.6,14.2,75.4,11.8,36.8,1.28,28.43,0,27.1,15.9,21.2,19.1,18.6,18.8,1.6,.8,332,56,6.5,4,6.4,5.1,.5,-2.9
2016,111,9,27.7,4.1,15.9,66.7,9.5,31.5,1.56,28.93,0,27.9,17,22.2,19.6,19.1,19.3,2,.9,313,59,8.3,5.4,7.1,5.9,.47,-3.7
2016,112,9,29.2,5.1,18,57.3,7.1,25.1,1.9,29.13,0,28.8,17.8,23.1,20.1,19.6,19.8,1.8,.5,97,68,6.7,6.3,7.3,6,.42,-5.1
2016,113,9,30.4,5.9,18.9,71.3,10.5,28.2,1.9,28.07,0,29.1,19.3,24,20.7,20.1,20.4,2.4,.8,243,67,9.4,6.9,7.7,6.7,.52,-2.2
2016,114,9,27.7,7,17.8,64.8,8.1,33.7,1.61,27.84,0,27.9,19.8,23.8,21.1,20.7,20.9,3.6,2.3,260,48,12.9,5.9,8.2,7,.6,-.5
2016,115,9,25.4,5.2,17,63.7,8,28.5,1.55,29.11,0,28.2,19.4,23.7,21.3,21,21.1,2.7,1.9,282,44,9.9,4.5,7.5,6.2,.5,-3
2016,116,9,23.6,8.9,16.6,68.7,13.4,32,1.38,27.17,0,26.4,19.8,23,21.5,21.1,21.3,5,4,248,36,17.5,4.4,8.3,7,.57,-1.8
2016,117,9,18.8,5.2,12.1,61.1,14.4,28.9,1.07,28.93,0,26,18.5,21.9,21.4,20.9,21.1,3.2,2.6,284,36,9.5,1.8,6.9,5.5,.39,-6.3
2016,118,9,23.1,1.3,13.4,70.4,12.2,34,1.22,25.33,0,26.5,17.5,21.8,21.1,20.6,20.9,2,.9,281,60,8.4,3.2,5.8,5,.45,-4.1
2016,119,9,23.3,4.6,14.9,64.1,7.8,30,1.32,24.99,0,25.8,19.2,22.1,21,20.8,20.9,4.4,2.8,241,50,15.9,3.6,7.5,6.5,.46,-4.3
2016,120,9,18.8,.1,11,76.5,25.4,46.3,.82,22.7,0,23.6,17,20.4,21,20.4,20.7,2.8,2.2,290,39,11.1,1.5,5.1,4.2,.58,-.9
2016,121,9,21.5,3.6,13.1,79.3,18.5,46.3,.97,22.64,0,24.9,17.1,20.8,20.6,20.1,20.4,2.8,.9,259,66,10.3,2.8,5.3,4.8,.63,.3
2016,122,9,20.2,3,11.7,92,22.9,53.5,.8,24.43,0,24.7,17.3,20.9,20.5,20.1,20.3,2.1,.6,267,69,8.1,2.2,5,4.4,.66,1
2016,123,9,22.9,5.4,14.3,76.7,19.1,42.5,1.09,29.39,0,26.7,17.5,21.7,20.5,20.1,20.3,2.9,2.3,83,37,11.3,3.5,6.7,5.7,.64,.6
2016,124,9,27.2,8.1,18.2,61.5,13,31.9,1.64,29.49,0,28.6,18.8,23.4,20.9,20.4,20.6,2,.6,48,67,9.5,5.8,7.2,6,.59,-.5
2016,125,9,29.9,16.8,23.7,29.5,12.4,19.4,2.45,29.23,0,29.2,21.2,24.9,21.6,20.9,21.3,5.8,5.6,90,16,12.1,10.6,10.4,10,.55,-1.6
2016,126,9,31.1,10.4,21.7,55.2,6,21.2,2.28,29.8,0,29.6,21.7,25.5,22.2,21.6,21.9,3.1,2.5,168,37,12.5,8.2,9.2,7.9,.48,-3.7
2016,127,9,24.5,9.3,18,58.6,13.4,29.1,1.54,26.43,0,27.5,21.5,24.3,22.5,22.2,22.4,4.7,3.8,215,36,13.6,4.8,8,7.1,.58,-1
2016,128,9,22.2,2.6,13.4,83.2,13.5,42.7,1.06,30.01,0,28.6,19.7,23.9,22.5,22,22.2,2,.9,275,61,7.8,2.9,6.5,5.2,.57,-1.2
2016,129,9,20.3,5.7,13.3,77.6,19.4,45.7,.93,26.35,0,27,20.1,23.5,22.4,22,22.2,2.7,1.9,281,44,9.2,2.5,6,5,.65,.9
2016,130,9,24.1,3.7,14.6,80.5,18.1,44.4,1.14,30.13,0,28.3,19.3,23.6,22.3,21.9,22.1,2.2,1.2,289,53,8.4,3.9,6.9,5.6,.66,1.1
2016,131,9,27.1,4.9,16.8,72.7,11.2,34.8,1.53,30.46,0,29.5,20.1,24.6,22.5,22.1,22.2,2,.9,290,60,8.7,5.3,7.4,6.1,.58,-.9
2016,132,9,29.5,6.6,18.7,65.2,9.9,32.9,1.75,29.49,0,30.5,21.1,25.6,22.9,22.5,22.6,1.5,.7,330,61,6.2,6.7,7.1,5.9,.61,-.1
2016,133,9,32.2,8.4,20.9,67.8,7,25.1,2.25,30.06,0,31.5,22.2,26.7,23.4,22.9,23.1,1.7,.2,58,77,6.1,8,7.8,6.6,.51,-2.6
2016,134,9,33.3,9.3,22.2,60,8.1,24,2.4,28.7,0,31.6,22.9,27.3,23.9,23.4,23.6,1.8,.7,309,63,7.5,8.5,7.7,6.7,.56,-1.2
2016,135,9,32.1,13.4,22.5,66.2,12.8,30.9,2.09,20.14,0,30.4,24.5,27.2,24.3,23.9,24.2,2.4,1.1,233,59,13.1,9.7,5.9,6.2,.78,3.1
2016,136,9,30.3,12.8,22,65.2,6.4,25.1,2.23,29.36,0,30.4,23.4,26.8,24.4,24.1,24.3,4.4,2.6,227,52,12.9,8.8,9.7,8.9,.55,-2.9
2016,137,9,28.5,6.9,19.5,47.2,8.2,17.9,2.03,31.24,0,30.6,22.5,26.6,24.5,24.1,24.3,3.2,2.2,272,45,12.3,6.3,9,7.7,.37,-6.7
2016,138,9,26.9,10.8,19.2,79.3,15,33.1,1.62,25.4,.76,29.3,23.2,26.3,24.6,24.3,24.4,3.2,1.3,214,63,14.4,6.4,7.1,6.6,.71,1.8
2016,139,9,23.1,10.2,16.1,86.9,25.3,58.4,.83,19.09,0,26.2,22.3,24.5,24.5,24,24.3,4.1,2.4,79,52,10.7,4.4,4.5,4.9,1.04,7.4
2016,140,9,26.9,6.2,16.9,93.2,19.2,51.6,1.21,29.82,0,30,20.4,24.9,24.1,23.4,23.7,1.4,.4,331,68,8.5,5.4,6.4,5.5,.87,4.9
2016,141,9,30.2,8.9,20,74.8,8.1,31.8,1.92,30.69,0,30.8,22.3,26.4,24.1,23.7,23.9,2.8,1.4,178,57,10.5,7.5,8.5,7.5,.62,-.3
2016,142,9,27.9,9.5,19.1,56.1,11.6,29.8,1.74,28.05,0,30.1,22.7,26.4,24.4,24.1,24.2,2.8,1.2,241,61,9.9,6.5,7.7,6.9,.6,-.5
2016,143,9,28.1,6.8,19,73.3,10.6,30.5,1.78,31.34,0,30.5,22.4,26.4,24.5,24.2,24.4,3,2,276,46,11.1,6.1,8.6,7.2,.58,-1
2016,144,9,28.9,7.9,19.6,67.1,10.1,27.5,1.88,31.37,0,31.6,23,27.1,24.8,24.4,24.6,2.6,1.2,262,59,9.4,6.7,8.4,7.2,.55,-1.6
2016,145,9,28.5,8.6,19.3,58.4,9.7,23.4,1.92,31.44,0,31,23.2,27,25,24.7,24.9,3.1,1.7,253,55,11.1,6.6,9,7.6,.46,-4.1
2016,146,9,28.4,6.6,19,68.7,8.4,25,1.9,31.44,0,31,22.9,26.9,25.2,24.8,25,3.4,1.9,236,54,13.8,6.2,9.1,7.7,.47,-3.8
2016,147,9,23.7,6.6,16.1,59.6,10.3,26.1,1.47,31.56,0,30.6,22.9,26.6,25.2,24.8,25,2.7,2.1,286,40,8.9,4,7.9,6.5,.44,-4.7
2016,148,9,26.8,4.6,16.5,68.4,10.6,30.6,1.56,31.19,0,31.4,22.3,26.7,25.2,24.8,25,1.9,1,322,57,7.6,5.1,7.5,6.2,.5,-2.7
2016,149,9,30.5,5.8,19.8,72.5,6.2,21.6,2.16,31.63,0,31.8,23,27.2,25.3,24.9,25.1,2.5,1.1,163,61,9.2,7,8.7,7.5,.4,-6
2016,150,9,31.3,6.3,20.1,50.5,7.1,18.6,2.23,31.86,0,32.2,23.2,27.7,25.5,25.1,25.3,2.4,.9,188,64,9.6,7.3,8.8,7.5,.38,-6.6
2016,151,9,30.3,10.8,20.8,48,11,24.5,2.02,27.69,0,31.8,24.4,28.1,25.7,25.4,25.6,2.5,1,267,63,10.9,8.1,7.6,7,.59,-1
2016,152,9,29.9,7.1,20.2,51.9,8.7,24,2.04,31.33,0,32.8,23.6,28.1,25.9,25.5,25.7,2.4,.8,158,66,9.1,6.9,8.5,7.2,.53,-2.4
2016,153,9,29.8,15,23.3,53,15,27,2.19,27.59,0,33.3,26.1,29.4,26.3,25.8,26,2.4,1.4,90,53,9.3,9.6,7.5,6.9,.73,2.5
2016,154,9,34.3,10,22.9,71.2,8.9,29.3,2.37,30.85,0,34.2,25.4,29.7,26.6,26.3,26.4,2,1.3,308,49,8.3,9,8.3,7.4,.69,1.4
2016,155,9,36.7,14.5,26.3,43.5,5.8,17.5,3.15,31.28,0,35.2,26.1,30.5,27,26.6,26.8,2.4,1.9,304,36,8.3,11.2,9.4,8.5,.54,-1.8
2016,156,9,38.3,14.7,27.8,35.8,7.1,16.7,3.47,31.2,0,36.4,26.9,31.5,27.5,27,27.3,1.9,.3,50,73,7.8,11.6,9,7.9,.57,-1.2
2016,157,9,38.4,15.5,27.9,50.9,7.2,22.6,3.24,29.98,0,36.9,28,32.3,28.1,27.5,27.8,2,.6,87,67,6.5,11.9,8.6,7.9,.77,3.1
2016,158,9,38.2,17,28.1,54.6,6.8,21.2,3.37,29.69,0,37,28.7,32.8,28.6,28.1,28.3,2.5,.4,206,75,8.4,12.5,9.1,8.6,.7,1.4
2016,159,9,35.8,14.5,25.6,34.1,7.7,18.6,2.94,31.09,0,37.1,28.3,32.6,28.9,28.5,28.7,2,.6,311,69,8.4,11.1,8.9,7.8,.58,-1
2016,160,9,35.6,14,25.6,64.4,9.9,29.5,2.62,30.72,.25,37.4,28.5,32.8,29.1,28.8,29,1.8,.3,300,73,10.8,10.8,8.3,7.4,.88,4.8
2016,161,9,34,16.6,25.5,68.6,19.8,40,2.2,29.53,0,36.4,28.6,32.4,29.4,29,29.2,2.9,1.2,299,63,12,11.7,8.4,7.9,1.22,9.9
2016,162,9,33.7,17,23.7,86.3,20.9,54.8,1.54,25.16,1.52,35.1,28.6,31.8,29.4,29.1,29.2,2.8,1.1,309,63,10.3,11.8,6.6,6.9,1.5,13
2016,163,9,32.4,14.6,23.9,89.6,15.1,50.7,1.75,27.22,0,35.5,27.8,31.5,29.3,28.8,29.1,1.9,.5,251,69,9.2,10.4,6.9,6.4,1.36,11.4
2016,164,9,34.5,13.5,24.1,77.9,11,37.1,2.24,27.03,0,35,27.9,31.6,29.2,28.9,29,2.5,.6,223,71,9.9,10.3,7.6,7.4,.96,5.9
2016,165,9,31.8,12.6,23.4,61.2,14,28.1,2.31,29.59,0,34.8,27.5,31.1,29.2,28.8,29,3.3,1.8,266,54,11.7,9.2,9,8.1,.74,2.6
2016,166,9,33.2,11.2,22.7,49.1,7.5,21.4,2.46,32,0,36.1,26.7,31.3,29.1,28.7,28.9,2,.7,296,66,10.5,9.1,8.7,7.5,.52,-2.1
2016,167,9,34.5,9.6,23.1,42.5,8.4,17.9,2.67,31.94,0,36,26.8,31.3,29.2,28.8,29,2.7,1,248,64,11.8,8.9,9.5,8.5,.47,-3.8
2016,168,9,33.9,10.6,23.1,48.5,7.8,21.7,2.55,32.13,0,36.5,27.1,31.7,29.3,28.9,29.1,2,.7,308,64,7.8,9.1,8.8,7.6,.55,-1.6
2016,169,9,35.1,10.9,24.2,59.4,5.4,18.8,2.84,32.35,0,37.2,27.4,32.2,29.4,29,29.2,1.8,1.1,322,50,6.1,9.4,8.9,7.5,.5,-2.9
2016,170,9,38.2,13.4,27.1,29.8,7.1,15.5,3.38,31.91,0,38.1,28.2,33,29.7,29.3,29.5,2,1.4,321,46,5.2,11,9.3,8.2,.53,-2.3
2016,171,9,41.2,13.8,29.5,41.5,4.5,15.7,4.05,31.4,0,38.8,29.2,33.9,30.1,29.6,29.9,1.8,.4,145,72,8.4,11.5,9.3,8.1,.53,-2
2016,172,9,38.3,18,30.4,40.5,11.7,19.7,3.68,30.17,0,38.6,30.9,34.6,30.6,30.1,30.4,4.2,3.8,97,24,10.1,13,10.7,10.6,.83,4.1
2016,173,9,37.7,17.7,28.8,55.5,10.8,26.5,3.21,30.2,0,39.5,31.1,35.2,31,30.6,30.8,2,.3,225,75,7.2,12.8,8.7,7.8,.96,6.3
2016,174,9,37.7,19.9,28.9,55.3,12.9,28.7,3.13,29.99,0,39.8,31.7,35.6,31.4,31,31.2,2.2,1,296,59,8.9,13.8,8.8,8.1,1.04,7.5
2016,175,9,35.3,19.4,27,60.2,16.5,33.8,2.51,19.86,0,37.1,32.3,34.6,31.7,31.4,31.5,2.3,.8,253,65,9.4,13.3,6,6.5,1.14,8.8
2016,176,9,34.1,18.1,25.1,65.7,20.9,40.7,1.99,19.86,0,36.3,30.4,32.9,31.6,31.1,31.3,2.2,.4,217,73,10.2,12.4,5.5,6.1,1.28,10.5
2016,177,9,34.2,20.3,26,75,18.3,45.8,2,22.1,0,36.3,30,32.7,31.2,30.6,30.9,2.5,.7,257,69,9.2,13.5,6.3,6.6,1.45,12.3
2016,178,9,34.5,19.3,25,87,20,51.6,1.71,21.71,.25,36.5,30.1,32.6,30.9,30.5,30.7,2.3,.4,85,73,11.3,13.1,5.9,6.3,1.55,13.4
2016,179,9,35.5,19.2,26.5,77.7,18,44.4,2.14,23.84,0,37.6,29.9,33.2,30.8,30.5,30.6,2.1,.9,67,62,12.4,13.2,6.6,6.7,1.43,12.2
2016,180,9,34.4,21.9,28,62.7,22,40.7,2.37,25.91,0,37.8,30.9,34,31,30.7,30.8,4.1,3.7,90,23,11.4,14.2,8.2,8.5,1.48,12.8
2016,181,9,34.3,20.9,26,81.9,24.4,52.2,1.73,18.42,0,36,31.1,33.4,31.2,31,31.1,3.6,2.4,89,47,10.4,13.8,5.4,6.8,1.69,14.8
2016,182,9,25.9,18.2,20.5,96.8,55.2,86.6,.35,9.11,7.62,32.6,27.2,29.6,31.1,30.3,30.8,1.6,1,309,49,5.4,9.3,1.3,2.5,2.07,18.1
2016,183,9,24.5,16.5,19.8,99.3,59.5,88.8,.29,11.84,30.23,27.2,24.6,25.7,30.3,28.5,29.4,1.6,.8,130,55,9.9,7.8,1.7,2.6,2.04,17.8
2016,184,9,30.1,16.2,22.8,100,38.1,72.4,.97,28.24,0,31,22.9,26.6,28.5,27.5,27.9,1.7,1.2,324,45,6.5,10.4,6.4,5.8,1.91,16.7
2016,185,9,32.7,16,24.6,95,23.8,57.5,1.63,30.27,0,34.5,23.9,28.9,28,27.5,27.7,1.7,1.2,325,45,6.7,11.1,7.5,6.6,1.62,14.1
2016,186,9,34.5,16.2,25.7,89.8,16.4,48.7,2.05,29.11,0,35.9,25.7,30.6,28.7,28,28.3,2.1,1.8,327,31,8,11.6,7.7,7.1,1.44,12.2
2016,187,9,34.9,17.3,26.1,82,18.6,44,2.22,29.22,0,36.7,27.3,31.9,29.4,28.7,29,1.9,.9,309,58,6.9,12.2,7.7,7.1,1.34,11.2
2016,188,9,34,17.7,26,80.6,19,48.2,1.97,27.64,0,37.1,28.1,32.4,29.9,29.4,29.6,1.8,.8,116,61,7.2,12.2,7,6.6,1.51,13.1
2016,189,9,32.4,18.9,25.2,84.3,32,57.3,1.52,24.66,0,35.8,29.1,32.5,30.2,29.9,30.1,1.5,.1,285,77,9.4,12.4,5.9,5.7,1.77,15.6
2016,190,9,34.3,17.4,26.1,78.7,22.8,46.5,2.09,29.66,0,37.4,28.7,32.9,30.4,30,30.2,2.1,1.8,321,29,6.9,12.1,7.9,7.1,1.47,12.6
2016,191,9,34.9,16.3,26.7,86.9,18.9,42,2.32,29.55,0,37.4,29.6,33.4,30.8,30.4,30.6,2.3,1.6,321,45,7,11.7,8.2,7.4,1.34,11.2
2016,192,9,35.9,16.7,26.5,73.4,17.1,39.2,2.4,29.47,0,37.7,29.8,33.8,31,30.7,30.9,2.1,1.4,311,45,8,12.1,8.1,7.4,1.25,10.3
2016,193,9,35.7,17.6,27,57.1,13.1,30.2,2.78,30.21,0,37.7,30,33.9,31.3,31,31.1,2.6,1.6,292,50,10.7,12.5,8.9,8.2,.97,6.5
2016,194,9,35.9,17,26.7,61.4,12.1,32.4,2.69,30.22,0,38,30.1,34,31.5,31.1,31.3,2.1,1.1,295,57,8.7,12.2,8.6,7.7,1.03,7.2
2016,195,9,35.4,16.8,27.2,61.1,18.2,32.9,2.64,29.53,0,38.3,30.4,34.3,31.6,31.3,31.5,2.3,1.8,326,35,6.9,12.1,8.4,7.6,1.15,8.8
2016,196,9,35,18,26.9,63.7,17,37.7,2.46,29.79,0,37.6,30.8,34.2,31.8,31.5,31.6,3.4,3,314,30,8.8,12.5,9.1,8.6,1.26,10.3
2016,197,9,35.8,17.1,27,64.9,14.2,35.6,2.61,29.83,0,37.8,30.4,34.1,31.9,31.5,31.7,3,2.6,313,27,7.8,12.2,9,8.3,1.17,9.3
2016,198,9,35.8,18.3,26.8,72.6,17.9,44.5,2.21,27.45,0,37.9,30.9,34.3,31.9,31.6,31.8,3.1,.5,274,74,10.1,12.8,7.8,7.9,1.46,12.5
2016,199,9,34.1,20.2,26.2,83.2,20.5,46.2,2,22.24,0,37.3,31.7,34.1,32,31.7,31.9,2.5,.4,249,73,8.5,13.4,6.1,6.5,1.5,12.9
2016,200,9,33.8,16.8,24.5,96.7,19.3,59.8,1.54,29.13,1.27,37.5,30,33.6,32,31.5,31.8,2.6,.7,178,69,13.1,11.8,7.2,7.1,1.67,14.5
2016,201,9,35.2,19.6,25.5,90.1,19,53.1,1.83,26.75,1.27,38.3,30.6,34,31.9,31.5,31.7,2.4,.7,143,69,12.4,13.3,7.2,7.1,1.59,13.8
2016,202,9,34.9,16.6,25.1,96.9,22.5,58.5,1.64,26.32,0,36.6,29.5,32.9,32,31.4,31.7,2.3,.9,146,62,10.7,11.8,6.9,6.7,1.7,14.9
2016,203,9,37.2,17.2,26.4,92.8,16.1,53,1.99,27.33,6.1,37.9,29.6,33.5,31.7,31.2,31.5,2.1,.3,254,76,13.7,12.5,7.3,7.2,1.64,14.3
2016,204,9,37.1,19.5,27.6,89.9,13.6,48.2,2.29,28.52,.25,38,28.6,33,31.7,31.2,31.5,2,.3,219,74,7.5,13.5,7.5,7.3,1.58,13.6
2016,205,9,36.7,17.9,27.9,89,19.2,44.6,2.43,28.77,0,38.6,29.2,33.8,31.6,31.3,31.5,2.1,1.5,310,46,7.2,12.8,8,7.4,1.52,13.2
2016,206,9,34,19.6,27.2,76,27.1,47,2.1,28.36,0,38.2,30.7,34.3,31.9,31.5,31.7,3.9,2.2,293,53,17.5,13.1,8.5,8.1,1.62,14.2
2016,207,9,34.8,17.4,25.4,88.7,21.1,54.8,1.75,21.23,0,37.3,30.5,33.6,32.1,31.7,31.9,1.3,.1,315,77,4.6,12.2,5.2,5.2,1.65,14.3
2016,208,9,36.3,20.9,28.1,71.7,21.1,43.6,2.32,27.62,0,39.2,30.8,34.7,32,31.7,31.8,2.2,.6,87,70,10.2,14,7.6,7.3,1.58,13.8
2016,209,9,35.8,20.4,25.9,89.1,24.6,59.1,1.54,20.64,2.54,36.7,31.3,33.7,32.3,32,32.2,2,.1,81,79,10.8,13.7,5.2,5.9,1.89,16.5
2016,210,9,37,18.2,27.8,88.3,15.1,49.2,2.3,28.43,0,37.7,29,33.2,32.1,31.4,31.7,2,.1,147,114,7.6,13,7.6,7.2,1.62,13.8
2016,211,9,37.3,20.3,26.3,75.3,18.6,48.9,1.99,23.23,2.03,38.2,30.9,33.6,31.9,31.6,31.8,2.1,1,359,60,14.8,13.9,6.4,6.7,1.56,13.6
2016,212,9,34.7,17.5,25,89.2,22.6,57,1.6,25.44,.51,36.5,28.6,32,31.9,31.2,31.6,1.8,.9,322,57,10.6,12.3,6.3,6.2,1.68,14.6
2016,213,9,32.5,17.8,23.9,84.8,28.5,60.8,1.31,23.4,0,35.8,29.2,32.2,31.5,31,31.2,2.7,1.5,299,53,12.1,11.9,5.9,6.1,1.74,15.2
2016,214,9,30.8,17.8,21.9,96.2,30.7,75.5,.75,18.44,10.92,32.7,28.1,30.3,31.3,30.7,31,1.5,.4,235,71,6.8,11.4,3.8,4.4,1.93,16.9
2016,215,9,26.2,18,20.7,95.8,58.9,86.7,.35,12.38,6.35,29,25.6,27.3,30.7,29.6,30.2,1.5,1,135,47,6.7,9.4,1.9,2.9,2.11,18.3
2016,216,9,28.6,18.7,22.3,96.5,48,80.2,.61,18.62,0,30.2,24.4,27.2,29.6,28.6,29,1.5,.4,286,70,5.5,10.9,3.8,4.1,2.12,18.4
2016,217,9,28.3,19,22.1,96.6,48,82,.54,15.49,1.02,29.8,25.4,27.5,28.8,28.4,28.6,1.3,.4,120,67,8,10.9,2.9,3.6,2.15,18.6
2016,218,9,32.2,18.5,24.1,97.5,30.4,71,1.04,23.73,.51,33.4,24.9,28.9,28.5,28.1,28.3,1.5,.4,147,68,6.8,12.2,5.4,5.3,2.04,17.7
2016,219,9,33.8,18.2,25,96.1,23.7,63,1.49,24.29,0,35.2,26.6,30.6,29,28.5,28.7,1.7,.8,168,59,13.7,12.5,6,5.8,1.82,15.9
2016,220,9,34.9,17.7,26.1,90.4,21.3,53.5,1.88,25.39,0,36.4,28.1,32,29.6,29,29.3,1.7,.9,152,56,6.3,12.4,6.6,6.1,1.65,14.4
2016,221,9,35.8,17.5,26.1,88.8,23,55,1.79,23.42,0,36.6,29.1,32.7,30.1,29.6,29.9,1.4,.2,21,75,7.6,12.4,5.8,5.7,1.72,15.1
2016,222,9,29.2,19.7,22.6,86.8,46.1,71.3,.83,11.71,0,33,29.4,30.9,30.4,30.1,30.3,1.8,.4,146,71,7.6,11.7,2.3,3.5,1.94,17
2016,223,9,30.3,19.7,23.6,88.9,38.4,70.4,.96,16.6,0,33.4,28.2,30.4,30.1,29.6,29.9,1.6,.3,192,73,7.2,12.2,3.5,4.2,1.99,17.4
2016,224,9,31.5,17.7,23.4,91.7,23.3,63.5,1.24,24.99,0,35,28.3,31.4,29.8,29.6,29.7,2.9,1.8,311,50,8.8,11.6,6.4,6.2,1.72,14.9
2016,225,9,33,17,23.6,89.8,23,61.2,1.31,21.03,0,34.8,28.4,31.4,30,29.8,29.9,2.5,1.9,317,40,9.9,11.7,5.3,5.8,1.71,14.9
2016,226,9,32.5,16.6,23.6,85.9,23.9,55.1,1.54,22.36,.51,34.8,28,31.3,30.1,29.8,30,2.5,1.3,86,56,14.4,11.4,5.9,6,1.51,13
2016,227,9,31.7,15,24.2,84.7,25.6,47,1.8,26.7,0,35,27.1,31,30.1,29.6,29.9,2.6,2.1,114,35,8.1,10.4,7.1,6.5,1.33,11.2
2016,228,9,34.1,16,25.2,81.5,19.8,45.2,2.04,26.78,0,36.5,28.5,32.3,30.1,29.8,30,1.9,1,156,56,6.9,11.4,7.1,6.4,1.32,11
2016,229,9,35,16.6,26.2,70.4,15.2,37.3,2.45,25.19,0,36.7,29.2,32.8,30.5,30.1,30.3,2.2,.9,105,63,8.2,11.9,7.3,6.8,1.13,8.6
2016,230,9,33.6,18.9,26.2,64.4,15,33.7,2.46,26.05,0,37,30.2,33.5,30.8,30.4,30.6,2,1.1,121,53,7.5,12.7,7.2,6.6,1.06,7.6
2016,231,9,33.7,14.7,24.7,67.5,12.4,35.8,2.26,25.91,0,37,29.3,33.1,31,30.7,30.9,1.8,.3,341,74,6.3,10.7,6.9,6.3,1.03,7.2
2016,232,9,31.7,15.1,23.9,69.2,20.9,42.8,1.89,22.06,0,34.9,29.4,32.3,31.1,30.8,31,2.4,2,316,34,7.9,10.4,6.2,6,1.2,9.6
2016,233,9,30.1,14.9,22,80.7,27.3,55,1.33,20.33,0,34.1,28.8,31.3,30.9,30.5,30.8,2.4,.8,314,66,9.2,9.7,5.2,5.3,1.39,11.8
2016,234,9,30.5,13.6,20.9,90.3,26.1,65.3,1.07,21.87,1.78,34.2,27.4,30.4,30.6,30,30.3,1.9,.3,268,74,9.6,9.2,5.1,5,1.51,13
2016,235,9,31.7,14.8,22.4,95,14.9,57.2,1.47,26.77,0,34.5,26.3,30.1,30.2,29.6,29.9,1.8,.7,269,62,8.2,10.3,6.6,5.8,1.39,11.5
2016,236,9,31,13.6,22.2,86.7,14,47,1.68,26.83,0,34.8,27,30.8,29.9,29.5,29.7,2.2,1,277,59,9.1,9.4,7,6.1,1.13,8.6
2016,237,9,31.7,12.8,21.7,83.3,18.4,49.7,1.57,25.17,.25,35,27.1,30.7,29.9,29.5,29.7,2.1,1.3,322,51,8.8,9.3,6.5,6,1.18,9.2
2016,238,9,32.3,13.2,23,90.4,19.9,50.9,1.67,25.34,0,35.2,26.8,30.7,29.9,29.5,29.7,1.9,.5,172,68,8.2,9.7,6.5,5.8,1.28,10.5
2016,239,9,30.5,15.3,21.4,90.2,27.6,60.4,1.13,20.45,0,33.9,28.2,31,29.9,29.6,29.8,1.9,.4,299,73,11.2,10.1,4.7,4.9,1.48,12.8
2016,240,9,30.2,14.2,21.4,90.3,15.6,50.8,1.48,22.9,0,33.8,27.2,30.3,29.9,29.5,29.7,1.9,1,308,56,8.5,9.4,5.6,5.3,1.19,9.2
2016,241,9,31.3,12,21.5,73.7,14.1,37.8,1.88,25.83,0,35,26.8,30.6,29.7,29.3,29.5,1.5,1,336,46,5.8,8.8,6.5,5.6,.86,4.7
2016,242,9,33.1,11.8,23.7,75,13.3,35.8,2.2,27.08,0,35.4,27,31.1,29.8,29.4,29.6,1.8,.3,94,75,6.7,9.3,7.1,6.1,.93,5.8
2016,243,9,31.4,20.1,25.2,63.8,24,43.5,1.91,25.86,0,35.2,28.7,31.8,29.9,29.6,29.8,4.2,3.9,90,24,10.7,12.8,7.8,7.6,1.35,11.4
2016,244,9,29.9,19.2,23.7,77.7,33.6,58.4,1.29,21.54,0,34.3,28.8,31.4,30.1,29.9,30,3.8,3.4,104,28,9.1,11.8,5.9,6,1.68,14.7
2016,245,9,32.2,18.9,23.7,91.4,29.5,63.8,1.22,20,.51,34.6,28.8,31.4,30.1,29.9,30,2.3,1,100,60,9.3,12.4,5,5.2,1.79,15.7
2016,246,9,32.6,15.6,22.4,97.1,27,67.2,1.1,20.68,0,34.1,27.5,30.5,30.1,29.7,29.9,1.5,.4,161,71,13.2,10.9,4.7,4.8,1.71,15
2016,247,9,33.5,14.2,24.1,88.9,22.4,51.3,1.79,22.75,0,34.6,27.3,30.9,29.9,29.5,29.7,1.9,.8,189,62,7.9,10.5,5.9,5.6,1.39,11.8
2016,248,9,34.1,13.8,23.8,69.1,13.6,33.9,2.26,25.53,0,35.3,27.3,31.2,29.9,29.5,29.7,2.1,.5,211,71,8.4,10.4,7.1,6.4,.89,5.2
2016,249,9,36,12.2,24.1,52.3,13.2,28.8,2.5,25.11,0,35.3,27.2,31.2,30,29.6,29.8,2.4,.7,201,68,8.1,10.1,7.5,6.9,.8,3.6
2016,250,9,28.3,14.8,21.5,90.8,29.1,51.2,1.31,11.59,0,31.5,27.6,29.7,30,29.6,29.8,2.1,1.5,146,43,6.6,8.8,3.1,3.8,1.33,10.6
2016,251,9,19,16.6,18,98.3,86,95,.1,2.42,53.85,28.8,22.1,24.8,29.6,27.4,28.8,2.8,1.8,138,48,9.6,5,0,.6,1.96,17.2
2016,252,9,26.7,16.5,20.7,98.5,49.8,80.8,.56,21.44,.25,27.4,21.8,24.1,27.4,26.7,27,2.4,2.2,306,27,7.8,8.9,4.6,4.2,1.94,17
2016,253,9,31,15.6,22.2,96.1,23.7,68,1.1,22.96,0,29,22.2,25.4,26.8,26.4,26.6,1.5,1.1,314,39,6.5,10.4,5.2,4.8,1.7,14.9
2016,254,9,31.1,14.5,23.3,94.3,29.1,56,1.53,23.58,0,30.5,22.6,26.3,26.7,26.4,26.6,2.7,2.3,95,31,8.4,9.9,6.4,5.7,1.47,12.6
2016,255,9,30.7,15,22.2,91.7,29.5,63,1.14,19.55,0,30.8,23.8,27.2,27,26.7,26.8,1.5,.2,140,75,7.3,10,4.4,4.3,1.61,14.1
2016,256,9,28.9,14.5,19.2,92.3,34,72.5,.73,17.65,2.54,30.6,23.8,26.4,27.1,26.8,27,2,.4,74,74,11.8,9,3.8,4.2,1.56,13.6
2016,257,9,28.1,13.4,18.8,96.6,37.7,77.1,.62,19.19,2.03,28.6,22,25,27,26.3,26.6,2.1,.9,108,62,10,8,4,4.1,1.62,14.2
2016,258,9,30.1,13,20.6,97.3,21.6,68.5,1.03,21.71,0,29.1,21.8,25.2,26.4,25.9,26.1,1.5,.3,236,72,7.3,8.8,4.8,4.5,1.53,13.2
2016,259,9,29.9,12.2,20.3,96.2,20.9,59.9,1.25,22.02,0,30.4,22.7,26.3,26.2,25.9,26.1,1.9,.9,267,57,8.6,8.4,5.3,4.8,1.29,10.5
2016,260,9,28.9,8,18.5,91.7,14.4,49.9,1.39,23.61,0,29.9,22.2,26,26.4,26,26.2,1.5,.4,329,71,4.9,6.6,5.4,4.7,.91,5.4
2016,261,9,30.1,9.4,19.3,84.2,15,48.8,1.52,23.41,0,30.1,22.5,26.2,26.4,26,26.2,1.3,.3,44,72,4.4,7.6,5.4,4.6,.93,5.7
2016,262,9,32.5,9.5,21.2,86.9,12.8,44.4,1.8,23.33,0,30.6,23.1,26.8,26.4,26.1,26.3,1.4,.7,7,59,4,8.4,5.6,4.9,.95,6.1
2016,263,9,32.6,10.2,21.6,82.7,11.8,42.3,1.85,19.36,0,30.2,23.8,27,26.6,26.3,26.5,1.6,.7,316,62,5.2,8.7,4.9,4.8,.95,6.1
2016,264,9,30.3,15.2,22.2,77.3,18.6,49.8,1.52,16.74,0,29.9,25,27.4,26.7,26.5,26.6,1.2,.2,325,74,4.5,10,3.9,3.9,1.25,10.1
2016,265,9,31.9,14.8,22.9,87.6,29.1,59.6,1.38,20.73,0,31.3,25.1,28.1,26.9,26.6,26.8,1.4,.1,186,78,6.1,10.3,4.9,4.5,1.56,13.5
2016,266,9,32.4,15.1,22.2,88.5,13.4,54.6,1.51,22.29,0,31.3,25.5,28.3,27.2,26.9,27.1,2.7,1.1,220,62,9.7,10.6,6.2,5.8,1.32,10.7
2016,267,9,26.7,11,17.6,92.8,30,70.9,.7,16.57,0,29.4,25.2,27,27.3,27,27.1,2.7,1.2,296,61,12.2,6.3,3.7,4,1.37,11.6
2016,268,9,26.1,8.9,16.2,91.5,20.5,53.2,1.07,22.06,0,29.2,22.9,25.8,27,26.4,26.7,1.7,.9,321,57,6.8,5.5,5,4.3,.89,5.1
2016,269,9,27.4,6.1,17.8,75.3,17,37.8,1.53,20.82,0,27.9,22.1,25.1,26.5,26,26.2,3,2.4,92,35,12.5,5.7,5.9,5.4,.69,1.6
2016,270,9,20.5,13,16.1,84.3,35.7,60.1,.75,7.37,.76,25.4,21.3,23.5,26.1,25.6,25.9,5.1,4.8,103,19,13.4,4,2.2,3.6,1.09,8.1
2016,271,9,23.1,12.4,16.9,85.6,36.8,57.3,.87,14.82,0,23.9,20,21.7,25.6,24.5,24.9,4.9,4.7,95,17,12.9,5,4,4.6,1.1,8.2
2016,272,9,24.9,14.6,19,93.1,46.4,75.3,.61,11.21,1.02,24.1,21,22.4,24.5,24.1,24.3,2.1,1.4,85,47,7.2,7,2.3,2.8,1.62,14.2
2016,273,9,30.5,15.5,20.2,94.9,30.6,72.6,.85,16.68,4.57,27.3,21.3,23.6,24.2,23.9,24.1,1.9,.2,73,77,9.1,10.2,3.7,4,1.62,14.2
2016,274,9,26,12.5,17.8,99,43.2,80.4,.51,17.44,6.6,26.4,20.9,23.1,24.3,24,24.2,1.8,.4,106,70,12.9,6.5,3.4,3.4,1.59,13.9
2016,275,9,27.5,10,17.9,97.2,26.8,68.5,.88,19.69,0,25.4,19.2,22.3,24.2,23.6,23.9,1.4,.7,323,59,5.6,6.4,4.1,3.7,1.3,10.7
2016,276,9,27.4,8.8,17.8,95.2,23.9,66.9,.86,12.96,0,24,19,21.7,23.8,23.4,23.6,1.6,.3,153,74,6.9,6.1,2.6,3.1,1.28,10.3
2016,277,9,25.9,9,18.1,97.5,13.6,61.4,1.01,19.86,0,26,20,22.7,23.5,23.2,23.3,2.9,1.9,275,46,10.3,5.4,5.1,4.2,1.17,8.6
2016,278,9,24.5,4.7,14.2,82.5,14.6,48,1.09,20.87,0,25.4,18.5,21.9,23.5,23,23.3,1.8,1.1,307,52,7.8,4.1,4.7,4,.67,1.1
2016,279,9,26.2,5.9,15.5,81.2,14.8,48.8,1.17,20.63,0,25.6,18.5,22,23.3,22.8,23.1,1.7,.4,342,70,8,5,4.7,4,.75,2.8
2016,280,9,26.2,6.5,16,86.8,15.4,48.9,1.17,19.25,0,25.6,19.3,22.3,23.2,22.9,23,1.7,.7,345,61,6.4,5.1,4.4,3.9,.79,3.5
2016,281,9,27.4,6.5,18.5,81.7,16.1,39.6,1.57,19.99,0,25.3,19.3,22.3,23.2,22.8,23,4.9,4.3,87,29,13,5.7,6.8,6.3,.73,2.4
2016,282,9,26.1,14.9,19.9,77.4,21.2,58.3,1.03,18.82,0,26.1,21,23.4,23.2,23,23.1,4.7,4.4,85,21,11.2,7.8,5,5.1,1.33,11.1
2016,283,9,28.3,12.2,19.6,85.7,29.7,62.9,.98,18.95,0,27.2,21.7,24.2,23.6,23.2,23.4,2.4,1.7,95,44,10.6,7.5,4.3,4.2,1.37,11.6
2016,284,9,29.6,10,18.8,88,12.6,52.6,1.36,19.58,0,27.5,21.2,24.2,23.8,23.5,23.6,1.8,.4,338,70,8,7.5,4.8,4.2,1,6.6
2016,285,9,30,8.6,19.2,79.4,13.3,42,1.64,19.94,0,27.7,21.1,24.2,23.9,23.6,23.8,1.7,.6,319,185,7.1,7.3,5.1,4.4,.8,3.6
2016,286,9,30.3,8.1,18.3,70.6,8.5,37.4,1.63,20.24,0,27.8,20.9,24.2,24,23.6,23.8,1.7,.4,74,71,5.9,7.3,5.1,4.4,.68,1.2
2016,287,9,29.5,4.3,16.3,66.3,9,34.5,1.55,20.65,0,27.3,20.3,23.7,24,23.6,23.8,1.3,.5,25,65,4.6,6.3,4.8,3.9,.53,-2.1
2016,288,9,30.5,5.1,17.1,63.7,10.3,34.2,1.66,20.33,0,27.3,20.1,23.5,23.8,23.4,23.6,1.4,.4,37,67,4.5,6.9,5,4,.56,-1.4
2016,289,9,30.5,5.7,17.8,77.4,11.1,36.1,1.66,20.13,0,27.3,20.4,23.6,23.7,23.4,23.5,1.6,.5,344,69,8.1,7,5.1,4.3,.63,.3
2016,290,9,29.5,5.5,17.6,78.4,12.1,39.6,1.55,19.98,0,27.2,20.4,23.6,23.7,23.4,23.5,1.7,.5,315,69,6.3,6.5,5,4.2,.68,1.4
2016,291,9,29.3,6.7,17.3,70.7,9.7,38.7,1.54,20.06,0,26.8,20.5,23.5,23.6,23.3,23.5,1.9,.5,294,68,8.4,6.6,5.2,4.4,.65,.6
2016,292,9,29.6,6.7,17,69.6,10,35.8,1.57,19.81,0,26.5,20,23.1,23.6,23.2,23.4,1.8,.4,300,70,8.2,6.7,5.1,4.3,.59,-.6
2016,293,9,28.7,7.2,16.6,72.9,16.9,40.7,1.42,19.38,0,26.6,20,23.1,23.4,23.1,23.3,1.5,.9,332,51,5.8,6.4,4.7,3.8,.69,1.5
2016,294,9,25.1,6.7,17.5,59.4,12.8,33.5,1.48,18.99,0,24.8,19.8,22.3,23.4,23,23.2,5.3,4.9,89,23,14.1,4.6,6.8,5.9,.64,.3
2016,295,9,27.5,10.2,18.5,68.6,20.9,39.2,1.44,18.98,0,26.4,20.2,23,23.1,22.8,23,2.6,1.9,98,42,9,6.5,5,4.6,.79,3.6
2016,296,9,30.2,7.2,18.1,77.5,16,44.9,1.48,17.66,0,26.4,19.9,23,23.1,22.8,23,1.6,.7,69,62,5.6,7.1,4.3,3.9,.82,4
2016,297,9,29.5,9.4,18.4,72.4,18.9,43.6,1.45,15.01,0,25.8,20.4,23.1,23.1,22.8,23,1.5,.6,347,62,6,7.2,3.6,3.5,.84,4.4
2016,298,9,29.7,8.4,18.5,83.5,18.5,50.2,1.33,14.62,.25,25.7,20.1,22.7,23.1,22.8,22.9,1.5,.3,4,73,11.4,7.2,3.4,3.5,.97,6.2
2016,299,9,27.9,9.3,18.3,93.4,24.3,58.2,1.11,17.02,0,26.1,20.3,23,23,22.7,22.9,1.4,.7,333,57,6.8,6.4,3.7,3.2,1.12,8.5
2016,300,9,29.1,8.8,18.6,86.4,19.2,48.6,1.4,17.86,0,26.4,20.1,23.1,23,22.7,22.9,1.6,.9,81,52,6.9,6.9,4.4,3.7,.93,5.8
2016,301,9,30.1,10.2,20.7,72.8,18,36.2,1.83,17.05,0,26.5,20.3,23.3,23,22.8,22.9,2,1.3,102,47,6.6,7.8,4.7,4.2,.79,3.6
2016,302,9,29.6,9.6,19.2,64,16.8,38.1,1.57,14.08,0,25.8,20.9,23.3,23.1,22.9,23,1.7,.2,321,76,7.5,7.3,3.7,3.6,.79,3.4
2016,303,9,29.3,9,18.6,71.2,16.9,44,1.48,15.95,0,26.2,20.4,23.1,23.1,22.8,23,1.3,.7,349,54,4.8,7,3.7,3.3,.85,4.5
2016,304,9,29.9,9.2,18.4,67.7,16.6,41.9,1.5,14.75,0,25.6,20.2,22.9,23,22.8,22.9,1.9,.1,269,78,8.2,7.5,3.9,3.9,.8,3.8
2016,305,9,27.7,8.9,18.3,73.8,16,45,1.36,14.55,0,25.2,20,22.6,23,22.6,22.8,2,.8,270,64,7.9,6.3,3.8,3.6,.87,4.8
2016,306,9,24.7,8.9,16.5,85.8,13.8,53.6,1.02,14.09,0,24.6,20.5,22.3,22.8,22.6,22.7,2.2,.9,260,62,9.3,4.8,3.4,3.3,.93,5.4
2016,307,9,24.2,4.1,13.7,93.8,26.5,62.6,.73,14.69,6.1,23.5,18.5,20.8,22.6,22.1,22.4,2.2,1.1,107,57,10.3,3.9,3,3,.93,5.7
2016,308,9,21.1,9.3,15.5,94.1,45.6,70.2,.58,14.7,2.03,21.2,17.4,19.1,22.2,21.5,21.8,5.5,5,92,26,15,3.3,3.8,3.2,1.21,9.7
2016,309,9,22.3,6.9,15.1,93.8,20.8,70.6,.6,14.29,.25,21.3,17.1,18.7,21.5,20.9,21.1,3.6,1.8,108,58,10.9,3.5,3,2.9,1.17,8.9
2016,310,9,22.2,4.7,12.3,97.4,36.7,74.1,.51,13.13,0,20.6,14.7,17.5,20.9,20.2,20.5,1.3,.9,338,44,3.8,3.1,2.1,2.2,1.01,7.1
2016,311,9,23.4,3.4,12.4,97,22.8,68,.68,16.2,0,21.8,14.4,17.8,20.2,19.7,20,1.4,.8,333,53,7.8,3.5,3,2.5,.89,5.2
2016,312,9,24.9,4.4,13.8,94.3,20.1,58,.9,15.92,0,22.1,14.6,18.1,19.9,19.5,19.7,1.3,.6,44,59,4.8,4.2,3.2,2.7,.82,4
2016,313,9,21.1,10.5,16.5,62.3,28.1,38.2,1.2,15.64,0,21.1,16,18.3,19.8,19.6,19.7,5.3,5,94,19,13.2,3.5,5.4,4.8,.71,1.9
2016,314,9,18.9,6.8,13.4,61.3,19.7,35.7,1.03,15.91,0,20.2,15.2,17.5,19.8,19.4,19.6,4.2,3.8,106,26,12.6,2,4.7,4.1,.53,-2
2016,315,9,16.2,7.9,11.8,66.2,39.2,52.3,.68,15.07,0,19.1,14.5,16.6,19.5,19,19.2,5.7,5.4,87,16,12.1,1,4,3.5,.73,2.3
2016,316,9,19.2,3.7,12.7,92,30.4,55.6,.74,15.13,0,19.6,14,16.6,19,18.6,18.8,3.1,2.8,87,25,9,1.9,3.5,2.9,.78,3.4
2016,317,9,19.3,6.3,12.4,72.3,29,52.2,.75,15.09,0,19.7,14.2,16.7,18.8,18.4,18.6,3.2,2.9,84,25,9.5,2.1,3.5,3.1,.73,2.4
2016,318,9,22.8,3.1,11.5,84.9,19.1,53.2,.82,14.95,0,20.4,13.6,16.7,18.6,18.2,18.4,1.3,.4,9,66,5.3,3.2,2.8,2.4,.65,.9
2016,319,9,24.7,1,11.6,78.5,10.9,42.3,1.05,15.21,0,20.3,13.3,16.6,18.5,18.1,18.3,1.3,.6,71,59,6.2,3.8,3.2,2.6,.48,-3.3
2016,320,9,25.8,.9,12.1,72.8,10.5,36.7,1.17,15.02,0,20.2,13.5,16.6,18.3,18,18.2,1.7,.8,117,58,6,4.2,3.6,3.2,.44,-4.5
2016,321,9,24.3,1.5,13.1,64.5,12.6,34.2,1.18,11.22,0,18.7,13.5,16.1,18.2,17.9,18.1,1.8,.2,266,76,6.9,3.7,2.8,3,.47,-3.9
2016,322,9,19.9,2,12.1,64.9,16.5,33.8,1.02,14.69,0,19.2,14.4,16.6,18,17.8,18,3,1.9,283,50,11.8,2,4,3.4,.47,-4
2016,323,9,19.6,-2.8,9.8,51,12.7,24.5,1.08,14.72,0,18.2,12.1,15.1,18,17.5,17.7,2.8,2.2,88,36,9.9,1.6,3.9,3.5,.27,-11
2016,324,9,18.4,4.5,12.2,53.9,17.3,27.3,1.08,14.34,0,18.4,13.5,15.7,17.6,17.3,17.5,3.7,3.4,92,21,10.2,1.6,4.2,3.8,.38,-6.5
2016,325,9,21.7,3.9,12.7,56.8,20.3,37.2,1.02,8.13,0,17.5,13.6,15.5,17.5,17.2,17.4,1.4,.3,74,72,5.6,2.8,1.7,2.3,.52,-2.2
2016,326,9,20.3,6.8,12.2,90.5,29.4,67.6,.53,9.5,.51,17.3,14.6,15.6,17.3,17.2,17.3,2.8,1.2,276,61,12.4,2.6,1.9,2.5,.92,5.7
2016,327,9,16.8,1,7.7,96.3,27.7,68.9,.43,14.38,0,17.6,12.2,14.7,17.3,16.8,17,1.2,.7,318,52,5,.9,2.3,1.7,.68,1.3
2016,328,9,19.2,-.8,7.9,92,19.1,54.7,.68,14.03,0,17.2,11.2,14,16.9,16.4,16.7,1.7,.8,84,58,6.5,1.6,2.7,2.3,.51,-2.6
2016,329,9,19.4,-.2,9.1,74.6,5.7,35.4,.94,13.91,0,16.6,11.2,13.6,16.5,16.1,16.3,2.2,1.5,68,46,8.4,1.7,3.5,2.9,.32,-9.5
2016,330,9,16.9,8.7,12.4,41.3,14.9,24.4,1.1,11.82,0,16,11.9,13.7,16.2,15.9,16.1,5.2,5,89,15,11.9,1.3,4.4,4.6,.35,-7.8
2016,331,9,18.3,2.2,12,83.8,21,51.7,.73,9,0,15.8,12,13.9,16,15.8,15.9,2.6,2.1,106,36,13,1.4,2.2,2.3,.71,2
2016,332,9,15.7,2.8,9.3,91.4,20.9,50.2,.63,12.63,1.02,16.3,12.9,14.4,16,15.9,15.9,4.5,3.8,269,32,15.7,.6,3.1,3,.56,-1.4
2016,333,9,9.7,.6,5,93.9,27.4,68.7,.31,9.7,.25,13.6,10.9,12.3,16,15.5,15.8,3.1,2.6,294,32,9.2,0,1.6,1.6,.57,-1.1
2016,334,9,8.8,-6.1,3.6,94.6,24.5,63.7,.33,13.86,.25,14.1,10.2,11.8,15.5,14.9,15.2,3,2.7,319,26,8.8,0,2.3,1.4,.49,-3.7
2016,335,9,12.3,-8.7,.7,89.6,17.4,53.3,.43,13.8,0,13,6.9,9.8,15,14.1,14.5,1.3,.4,50,68,4.6,0,2.1,1.6,.29,-9.7
2016,336,9,16.2,-6.5,4.4,78.3,14.4,43.7,.62,13.2,0,13.1,6.9,10,14.1,13.5,13.8,1.6,.3,334,73,6.7,.6,2.5,2.1,.32,-8.6
2016,337,9,13.8,-4.5,6.3,65.9,15.1,36.4,.67,12.35,0,13.5,8.7,11.1,13.7,13.5,13.6,1.8,.3,145,73,6.4,.1,2.4,2,.32,-8.6
2016,338,9,12.9,-1,6.9,94.2,39,66.4,.37,11.39,0,13.9,10.2,11.8,13.8,13.6,13.7,3,2.3,87,41,9.8,0,2,1.7,.65,.7
2016,339,9,15.4,-4.4,4.1,96.2,16.9,61,.46,13.49,0,13.9,8.2,10.9,13.8,13.5,13.7,1.6,.5,56,66,5.5,.4,2.2,1.9,.44,-4.7
2016,340,9,17.2,-4.4,5.7,77,14.6,43.2,.67,12.78,0,13.4,7.8,10.5,13.6,13.2,13.4,2.1,.4,307,73,8.4,.8,2.7,2.4,.35,-7.5
2016,341,9,16,-1.8,7.7,76.9,22.2,44.4,.67,11.47,0,13.4,8.2,10.6,13.4,13.1,13.2,2.2,.8,290,65,10,.6,2.5,2.2,.45,-4.3
2016,342,9,15.3,-.6,7.7,90.4,30.3,63.1,.46,9.85,0,13.5,9.1,11.2,13.3,13.1,13.2,1.6,.8,323,56,6.1,.4,1.6,1.6,.64,.5
2016,343,9,15.7,-2.2,6,93.4,35.1,66.9,.42,12.72,0,13.9,8.7,11.2,13.3,13.1,13.2,1.9,1.2,92,49,6.3,.5,2.2,1.8,.59,-.5
2016,344,9,16.6,-3.3,5.2,94.5,31,66.7,.41,12.62,0,13.9,8.3,10.9,13.3,13,13.1,1.5,.3,354,71,4.8,.7,1.9,1.7,.56,-1.4
2016,345,9,20.8,-2.6,7.8,91.4,16.7,54.7,.66,12.71,0,14.3,8.4,11.2,13.2,12.9,13.1,1.4,.6,352,62,4.8,2,2.3,2.1,.51,-2.4
2016,346,9,20.1,0,9.7,73.4,22.7,49.8,.75,12.01,0,14.8,9.5,12,13.2,13,13.1,1.9,.7,309,65,7.6,2,2.6,2.3,.56,-1.3
2016,347,9,20.3,-.4,9.2,86.6,26.8,58,.65,11.92,0,14.9,9.6,12.1,13.4,13.2,13.3,1.7,.7,293,63,7.7,2,2.4,2.2,.62,.2
2016,348,9,21,1.1,9.9,86.3,28.8,59.4,.65,11.65,0,15.3,9.9,12.4,13.5,13.3,13.4,1.5,.5,352,67,6.1,2.3,2.1,2.1,.68,1.3
2016,349,9,22,.4,9.7,89.2,20.5,56.7,.72,12.01,0,15.6,10.2,12.7,13.6,13.4,13.5,1.2,.4,50,65,4.6,2.7,2.1,1.9,.62,0
2016,350,9,25,-.4,11.4,79.3,10,40.6,1.08,12.62,0,15.9,9.9,12.7,13.7,13.5,13.6,1.6,.2,324,77,8.8,3.8,2.9,2.7,.44,-4.5
2016,351,9,20.6,8.7,15.5,63.3,19.6,36.2,1.17,11.81,0,16.6,12.7,14.2,14.1,13.6,13.8,3.5,2.6,262,41,13.6,3,3.8,3.6,.61,-.3
2016,352,9,13.6,-4.8,5.2,90,26.8,62.1,.38,12.56,2.54,14.1,9.8,12.7,14.3,14.1,14.2,4.7,3.2,272,45,19.6,.1,2.3,2.2,.55,-2
2016,353,9,12,-8.9,2.1,92.6,29.3,55.8,.43,11.98,0,12,6.3,9.2,14.1,13,13.6,2.1,1.4,67,49,7.7,0,2,1.7,.36,-7.1
2016,354,9,13.6,1.2,7.5,61.6,21.9,34.7,.71,12.11,0,12.9,8.1,10.1,13,12.6,12.8,3.3,2.9,87,27,10.2,.1,3.1,2.8,.34,-7.7
2016,355,9,16.2,-.7,7.8,67.9,22.4,45.1,.67,10.98,0,13,7.6,10.2,12.7,12.3,12.5,1.2,.3,93,69,7.2,.7,2,1.7,.44,-4.3
2016,356,9,16.7,6.7,11.2,95.4,45.2,71.9,.39,5.22,2.03,12.9,10.6,11.6,12.7,12.4,12.6,1.1,.5,132,61,6.8,1.1,.6,1.2,.96,6
2016,357,9,15.2,8.1,11.4,100,73.8,92.8,.1,4.29,20.07,13.7,11.4,12.3,13,12.7,12.8,3,1.3,179,62,8.3,.6,.3,.9,1.26,10.3
2016,358,9,15.3,1.2,7.9,97,47.7,79.6,.27,12.71,0,14.4,8.6,11.3,13.1,12.7,12.9,1.1,.5,334,59,4.1,.5,1.7,1.3,.83,4.2
2016,359,9,17.4,-.2,6.9,98.7,28.1,77,.35,12.6,.76,12.5,7.8,9.9,12.9,12.4,12.6,4,2,206,58,16.5,1,2.7,2.5,.72,2.2
2016,360,9,6.1,-1.8,1.7,98.3,50.9,82.5,.13,8.98,2.79,9.3,6.5,7.8,12.4,11.6,12,1.9,1.2,287,48,7.7,0,.8,.9,.56,-1.1
2016,361,9,12.8,-4.1,2.7,95.9,32.2,75.4,.25,12.6,0,10.3,4.4,6.9,11.6,10.7,11.1,1.3,.5,39,62,4.9,0,1.6,1.3,.54,-1.8
2016,362,9,16,-2,5.6,93.4,33.9,73.5,.34,11.55,0,10.6,4.7,7.4,10.8,10.3,10.5,1.6,.3,28,72,4.7,.6,1.6,1.6,.64,.5
2016,363,9,18.8,.5,8.1,92.8,24,71.8,.41,9.53,0,11.3,5.9,8.4,10.5,10.3,10.4,1.1,.5,18,57,3.2,1.5,1.3,1.5,.74,2.5
2016,364,9,13.9,4.5,7.9,89.1,31,71.5,.34,4.26,0,9.8,7.9,8.8,10.7,10.5,10.6,3.7,3.2,88,30,11.8,.2,.8,1.9,.74,2.6
2016,365,9,12.8,4.7,7.9,98.4,58.3,80.2,.23,7.42,1.78,11.7,7.5,9.2,10.7,10.5,10.6,1.7,1.2,130,45,6.5,0,.7,1.2,.85,4.6
2016,366,9,11.6,5.3,8.6,98.1,59.3,85.5,.17,6.42,8.64,11.1,9.1,9.9,11.1,10.7,10.9,2.4,1.8,281,42,9,0,.7,1,.95,6.1
