2016,1,12,19.4,-.3,8.7,70.9,26.4,49.9,.69,12.03,0,10.1,8.7,9.4,12.5,12.3,12.4,.5,0,191,78,2.8,1.7,1.9,1.2,.53,-2.1
2016,2,12,20.8,4,12.3,75.6,23,46.3,.88,12.13,0,10.6,9.2,9.9,12.3,12.3,12.3,.8,.6,81,42,3.7,2.5,2.3,1.5,.62,.1
2016,3,12,20.8,7.1,14.5,65.9,24.5,38.2,1.1,9.98,0,11.3,10,10.6,12.4,12.3,12.4,1.5,1.3,89,28,5.4,2.8,2.4,2.1,.6,-.2
2016,4,12,16.1,10.1,12.7,98,30.2,67.1,.52,3.59,7.62,11.6,11.1,11.3,12.7,12.4,12.6,1.8,1.5,97,32,9.6,1.1,.6,1.5,.96,5.8
2016,5,12,13.1,9.8,11.5,98.4,79.9,92.3,.11,3.9,7.62,12.3,11.6,11.9,12.9,12.6,12.8,1.7,1.5,100,27,6.8,.1,0,.7,1.25,10.3
2016,6,12,14.1,8.6,11.2,98.8,52.4,79.4,.29,8.17,9.14,12.8,12.1,12.4,13.1,12.9,13,1.9,1.2,183,49,10.2,.3,1,1.2,1.04,7.5
2016,7,12,10.7,7.1,9,98.3,71.4,88.3,.14,4.19,9.14,12.5,12,12.2,13.2,13.1,13.2,1.4,.9,149,50,5.4,0,.1,.7,1.02,7.2
2016,8,12,13,5.2,8.3,97.3,52.2,80.5,.24,7.61,0,12.2,11.4,11.8,13.2,13.2,13.2,.9,.4,217,58,4.2,0,.8,1,.87,4.9
2016,9,12,14.3,2.3,7.8,97.7,44.8,77.3,.3,12.61,0,12,10.8,11.4,13.2,13.1,13.1,.6,.1,118,73,3.9,.2,1.6,1.1,.79,3.6
2016,10,12,14,4.3,8.3,92.1,46.5,75.1,.32,7.85,0,11.7,10.6,11.1,13.1,12.9,13,.5,.1,327,70,2.6,.2,.8,1,.8,3.8
2016,11,12,16.5,1.6,8.2,95.1,21.1,60,.55,13.21,0,11.4,10.3,10.9,12.9,12.8,12.9,.5,.2,44,69,3.1,.8,2,1.2,.59,-.8
2016,12,12,18.8,.6,8.7,82.8,13.4,53.8,.67,13.35,0,10.8,9.7,10.3,12.8,12.6,12.7,.6,.3,7,59,3,1.5,2.1,1.3,.54,-2
2016,13,12,18.7,1.3,9.2,83.2,19.4,53.1,.68,13.32,0,10.6,9.4,10.1,12.6,12.4,12.5,.6,0,303,78,3,1.5,2.2,1.3,.56,-1.3
2016,14,12,17.4,1.4,8.9,84.9,26.3,58.3,.58,12.54,0,10.6,9.4,10,12.4,12.2,12.3,.6,.1,55,77,3.6,1.1,1.9,1.3,.62,.2
2016,15,12,14.5,3.7,8.7,84.9,37.5,62.7,.47,7.88,0,10.5,9.6,10,12.2,12.1,12.2,.8,.1,29,75,3.6,.3,1,1.2,.68,1.5
2016,16,12,16.2,1.3,8.8,92.6,31.8,63.1,.51,11.11,0,10.6,9.4,10,12.2,12.1,12.1,.6,.1,163,77,3.2,.7,1.6,1.2,.67,1.3
2016,17,12,20,2.4,10.4,90.7,29.4,62.4,.6,13.46,0,10.9,9.7,10.3,12.1,12.1,12.1,.6,.1,356,73,3.2,2,2.2,1.4,.74,2.6
2016,18,12,19.8,4.9,10.8,83.5,27.7,61.9,.59,8.99,0,11,9.9,10.4,12.1,12.1,12.1,.6,.2,8,66,3.1,2.2,1.3,1.3,.76,2.9
2016,19,12,20.2,3.7,12,83.4,25.3,53.4,.78,12.19,0,11.2,9.9,10.6,12.2,12.1,12.1,.7,.1,317,72,3.8,2.2,2.1,1.5,.69,1.7
2016,20,12,20.6,5.7,13.1,83.3,32.5,57.8,.73,13.27,0,11.7,10.4,11.1,12.2,12.1,12.2,.8,.3,235,64,4.1,2.6,2.4,1.6,.83,4.2
2016,21,12,21.4,6.2,13.2,78.5,11.2,37.2,1.09,13.15,0,11.6,10.5,11.1,12.3,12.2,12.3,.8,.5,29,50,5,3,2.6,1.8,.49,-3.6
2016,22,12,24.2,4.5,13.9,60.4,10.4,31.5,1.25,13,0,11.5,10.2,10.9,12.4,12.3,12.3,.5,.2,75,65,3,4,2.6,1.5,.44,-4.6
2016,23,12,23.1,5.5,13.2,69.2,13.5,40,1.05,10.84,0,11.7,10.4,11,12.4,12.3,12.3,.5,.1,59,75,3.7,3.6,2.1,1.5,.55,-1.5
2016,24,12,18.3,4.6,11.6,72.9,23.4,45.4,.83,14.06,0,11.6,10.5,11.1,12.4,12.3,12.4,1.1,.7,200,51,5.6,1.5,2.8,1.9,.58,-.7
2016,25,12,18.8,5.5,11.6,69,21.2,44.5,.85,13.9,0,11.6,10.4,11,12.4,12.4,12.4,.8,0,206,79,3.7,1.8,2.6,1.7,.57,-1.1
2016,26,12,20.1,3.7,12.2,50.7,11.1,24.9,1.16,14.76,0,11.2,10.2,10.8,12.4,12.3,12.4,1,.6,24,51,5.2,2.2,3.2,2,.32,-8.8
2016,27,12,21.2,3.2,12.1,53.6,11.4,27.9,1.13,14.62,0,11.2,9.8,10.5,12.3,12.2,12.3,.7,.2,1,71,3.5,2.6,3,1.8,.36,-7.2
2016,28,12,21.8,4.6,12,64.9,14.1,37.7,1.02,14.2,0,11.2,9.9,10.5,12.2,12.1,12.2,.6,0,227,80,3,2.9,2.7,1.6,.48,-3.5
2016,29,12,22.4,4.1,12.7,70.3,17.6,41.1,1.01,13.58,0,11.4,9.9,10.6,12.2,12.1,12.2,.6,.2,39,69,3.5,3.2,2.5,1.7,.55,-1.4
2016,30,12,22,5.9,13.6,66.2,17.6,41.7,1.04,13.73,0,11.6,10.3,10.9,12.2,12.1,12.2,.9,.1,120,76,5.2,3.1,2.8,2,.59,-.5
2016,31,12,22.6,9.4,16.1,95.6,23,41.8,1.16,11.34,5.84,12.1,10.7,11.4,12.3,12.2,12.3,1.9,1.2,185,50,10.4,4,2.8,2.9,.73,2.2
2016,32,12,12.1,5.4,8.4,79.5,43.6,51.9,.53,4.02,0,12.1,11.1,11.5,12.5,12.3,12.4,2.8,2.4,234,31,10.1,0,1,2.1,.57,-.9
2016,33,12,12.1,-.3,6.2,82.3,18.6,41.4,.61,15.77,0,11.1,9.9,10.5,12.5,12.3,12.4,1.6,1,280,49,6.6,0,2.8,2,.36,-7.4
2016,34,12,13.3,-1.4,6,78,19.1,45.2,.6,15.89,0,10.3,9,9.6,12.3,11.9,12.1,.7,0,63,79,3.7,.1,2.5,1.5,.38,-6.4
2016,35,12,18.2,-.3,8.2,68.1,10.9,36,.82,15.06,0,9.9,8.5,9.3,12,11.7,11.8,.7,.1,63,75,3.1,1.3,2.7,1.7,.34,-8
2016,36,12,20.5,2.8,11.6,57.7,12.6,30.9,1.09,16.04,0,10.2,8.7,9.4,11.7,11.5,11.6,1,.7,39,42,5.3,2.3,3.4,2.2,.37,-6.8
2016,37,12,23.9,3.4,13,50.3,9.6,26.7,1.25,16.37,0,10.5,8.9,9.7,11.6,11.5,11.6,.8,.4,59,57,4.6,3.7,3.5,2.2,.36,-7.3
2016,38,12,26.1,5.2,14.8,58,11.2,30.4,1.38,16.4,0,11.1,9.3,10.2,11.6,11.5,11.6,.7,.1,244,76,3.3,4.9,3.6,2.2,.45,-4.2
2016,39,12,29.1,7.3,17.9,50.3,10.4,25.9,1.76,16.65,0,11.8,10,10.9,11.8,11.6,11.7,.9,.4,68,63,6.2,6.6,4.1,2.7,.47,-3.6
2016,40,12,28.9,9.2,19.1,44.8,9.6,23.8,1.89,16.75,0,12.5,10.7,11.6,12.1,11.8,11.9,.9,.6,61,46,5.2,7,4.2,2.7,.47,-3.5
2016,41,12,28.5,9.1,18.6,46.2,10.9,26.3,1.78,16.63,0,12.9,11.1,12,12.3,12.1,12.2,.6,.1,176,74,3.3,6.7,3.9,2.3,.51,-2.6
2016,42,12,28.1,8.3,17.4,63.4,13.4,36.2,1.5,16.85,0,13.3,11.6,12.4,12.6,12.3,12.5,.6,.2,249,67,3.5,6.4,3.8,2.4,.63,.4
2016,43,12,29.1,8.5,17.9,65.3,12.1,36.2,1.58,16.92,0,13.5,11.8,12.6,12.8,12.6,12.7,.5,.1,308,74,3.2,6.8,3.7,2.3,.65,.7
2016,44,12,28.4,8.3,17.9,64.5,11,34.1,1.61,17.45,0,13.7,12,12.9,13,12.8,12.9,.7,.2,262,68,4.4,6.5,4,2.5,.6,-.3
2016,45,12,26.6,7,16.9,69.2,12.9,35.3,1.45,16.6,0,13.8,12.2,13,13.1,13,13.1,.8,.1,235,76,4.6,5.5,3.7,2.6,.61,-.2
2016,46,12,28.5,9,18.7,57.6,12.9,31.2,1.74,17.33,0,14.1,12.4,13.3,13.3,13.1,13.2,.9,.2,192,72,4.7,6.8,4.3,2.8,.59,-.6
2016,47,12,29.4,9.7,19.1,59.6,13.1,33.8,1.7,17.66,0,14.5,12.8,13.6,13.5,13.3,13.4,.7,.1,183,73,3.6,7.4,4.1,2.7,.67,1.1
2016,48,12,30.2,9.7,19.7,58.3,9.7,32.1,1.81,17.81,0,14.7,13,13.9,13.7,13.5,13.6,.8,.3,124,64,6.1,7.7,4.3,2.9,.65,.7
2016,49,12,27.4,11.5,19.3,50.6,12.3,28.5,1.71,11.83,0,14.4,13.4,13.9,13.9,13.7,13.8,1.3,.4,111,66,6.3,6.8,3.2,3.1,.6,-.3
2016,50,12,27.5,12.1,18.2,49.7,10.9,30.5,1.59,10.62,0,14.5,13.4,13.9,14,13.8,13.9,.6,.2,38,63,4,7.1,2.4,2.2,.59,-.6
2016,51,12,28.6,8.7,18.3,57.5,13.1,32,1.65,18.24,0,14.8,13.1,13.9,14.1,13.9,14,.8,.3,202,65,4,6.6,4.2,2.9,.61,-.1
2016,52,12,27.7,8.6,18.1,67.5,13.6,34.8,1.57,18.54,0,15,13.3,14.2,14.1,14,14.1,.9,.4,197,59,4.5,6.2,4.3,3,.64,.6
2016,53,12,27.5,8.5,18.2,58.6,10,28.1,1.72,18.56,0,14.7,13.3,14.1,14.2,14.1,14.2,1.9,1.2,277,50,10.6,6.2,5.1,4.2,.51,-2.8
2016,54,12,22.7,10.9,16.8,38.5,10,19.4,1.58,18.75,0,14.6,13.4,14.1,14.3,14.2,14.3,1.7,1.1,2,47,7.8,4.3,4.7,3.7,.36,-7.3
2016,55,12,24,7.3,15.8,44.8,12,24.2,1.47,19.34,0,14.5,13,13.8,14.3,14.2,14.3,1,.4,61,63,5.9,4.2,4.4,3,.41,-5.5
2016,56,12,28.2,8.1,17.6,52.2,10,26.4,1.69,19.27,0,14.9,13.1,14,14.3,14.2,14.3,.6,.1,80,74,3.5,6.4,4.3,2.8,.47,-3.6
2016,57,12,30.3,8.7,19.5,57,8.9,26.2,1.95,19.26,0,15.4,13.5,14.4,14.4,14.3,14.4,.6,.1,334,76,4,7.4,4.5,2.8,.51,-2.6
2016,58,12,29.1,9.9,19.2,52.1,9.9,26.9,1.85,18.9,0,15.6,13.9,14.8,14.6,14.4,14.5,.7,.1,221,73,4.2,7.2,4.5,2.9,.53,-2
2016,59,12,28.3,9.6,19.1,51.4,10.7,26.7,1.81,18.42,0,15.8,14.1,15,14.8,14.6,14.7,.8,.1,190,73,4.6,6.8,4.4,3,.54,-1.8
2016,60,12,29.1,11.3,20.1,48.9,11.6,26.8,1.91,18.86,0,16.2,14.5,15.3,14.9,14.8,14.9,.8,.2,200,70,4.3,7.6,4.5,3.1,.58,-.8
2016,61,12,29.9,10.5,20.4,55.6,11.7,29.4,1.89,17.65,0,16.5,14.7,15.6,15.1,14.9,15.1,.8,.2,179,68,4.2,7.7,4.2,3.2,.64,.5
2016,62,12,30.1,11.9,20.7,49.5,11.5,27.9,1.96,18.66,0,16.8,15,15.9,15.3,15.1,15.2,.9,.2,177,72,4.2,8.3,4.6,3.4,.62,.1
2016,63,12,30.3,11.7,20.5,55.5,8.5,27.6,1.95,17.11,0,16.9,15.2,16,15.5,15.3,15.4,.5,.1,143,72,3.1,8.3,4,2.8,.6,-.5
2016,64,12,30.3,11.3,20.7,48.9,7.6,24,2.08,19.17,0,17.1,15.3,16.2,15.6,15.5,15.6,.7,.1,131,78,4.3,8.1,4.6,3.1,.52,-2.4
2016,65,12,26.1,12.1,20.1,41.9,11.7,22.7,1.92,13.63,0,16.8,15.6,16.2,15.8,15.6,15.7,.6,.1,123,72,3.7,6.4,3.2,2.6,.51,-2.6
2016,66,12,25,15.3,20.1,47.9,16.9,29.3,1.71,13.12,0,16.9,15.9,16.4,15.9,15.8,15.9,1.8,1.2,234,46,7.3,7.3,3.7,3.8,.68,1.4
2016,67,12,20.1,8,14.6,60.8,21,36.4,1.11,17.5,0,16.5,15.2,15.9,16,15.9,15.9,1.5,1.2,216,38,7,2.6,3.9,3.2,.58,-.7
2016,68,12,21.8,7.1,14.8,70.6,19.8,40.2,1.11,20.22,0,16.3,14.8,15.5,15.9,15.8,15.9,1.4,1.1,222,38,5.7,3.2,4.3,3.4,.63,.3
2016,69,12,25.7,7.6,16.9,60.8,11.6,31.7,1.5,20.81,0,16.5,14.6,15.6,15.8,15.7,15.8,.9,.3,217,68,4.5,5.2,4.6,3.3,.54,-1.9
2016,70,12,29.1,9.9,19.8,55.4,8.6,23.4,1.97,21.34,0,17,15.1,16,15.9,15.7,15.8,.9,.3,162,66,4.5,7.2,5.2,3.6,.48,-3.3
2016,71,12,28.5,10.6,20.5,42.4,10.6,21.6,2.06,15.24,0,16.7,15.4,16.1,16,15.8,15.9,1.3,.4,182,66,5.8,7.1,4.1,3.8,.48,-3.3
2016,72,12,21,10.5,16,52.2,21,34.3,1.24,21.09,0,16.9,15.5,16.2,16.1,16,16,1.9,1.5,218,37,8.7,3.4,4.7,3.9,.61,-.1
2016,73,12,23.7,8.4,16.6,57.5,16.9,34,1.37,20.9,0,16.9,15.1,16,16.1,16,16.1,1,.4,188,64,4.9,4.3,4.6,3.4,.6,-.3
2016,74,12,24.8,11.5,18.3,54.5,23.6,36.2,1.43,20.37,0,17.3,15.4,16.4,16.2,16,16.1,1,.4,220,63,5.7,5.6,4.5,3.5,.74,2.6
2016,75,12,29.6,10.8,20.2,65.5,8,31.1,1.9,21.16,0,17.6,15.7,16.6,16.3,16.1,16.2,1.1,.4,218,63,5.6,7.8,5.2,4,.62,-.4
2016,76,12,29.9,9.7,20.4,48.9,8.4,22,2.1,22.01,0,17.7,15.8,16.8,16.4,16.3,16.4,.8,.3,192,65,5.5,7.5,5.4,3.7,.46,-3.8
2016,77,12,29.8,9.3,20.4,56.7,7.8,22.3,2.1,22.27,0,17.8,15.9,16.9,16.5,16.4,16.5,.9,.5,195,57,6.1,7.4,5.6,3.9,.46,-3.9
2016,78,12,30.5,11.2,21.2,45,9.6,20.7,2.21,22.26,0,18,16,17,16.7,16.5,16.6,1.2,.5,203,60,6.1,8.2,5.8,4.4,.47,-3.5
2016,79,12,31.2,12.6,21.9,47.4,7.9,23.6,2.23,22.45,0,18.4,16.4,17.4,16.8,16.6,16.7,.9,.3,191,64,4.6,9,5.7,4.1,.56,-1.4
2016,80,12,31.6,12.9,22.6,42.9,9.5,22.4,2.35,22.41,0,18.5,16.7,17.6,17,16.8,16.9,1,.4,159,64,5.7,9.3,5.9,4.3,.55,-1.4
2016,81,12,31.6,13.1,23.2,44.5,9.6,20.5,2.47,21.63,0,18.8,17,17.9,17.2,17,17.1,1.1,.4,206,63,6.4,9.4,5.8,4.4,.54,-1.8
2016,82,12,25.6,16,21.4,38.9,12.7,19.7,2.08,22.44,0,18.5,17.4,18,17.4,17.2,17.3,2.5,2,227,36,9.4,8,6.6,5.6,.49,-3.1
2016,83,12,23.6,11.8,18.1,33.9,8.1,15.2,1.82,24.01,0,18.1,16.6,17.4,17.4,17.3,17.4,2.4,1.6,316,48,8.2,5.1,6.6,5.4,.3,-9.5
2016,84,12,25.5,6.9,17.4,55.3,9,22.8,1.71,23.9,0,18,16,17,17.3,17.2,17.3,.9,.4,206,59,4.8,4.8,5.6,3.9,.4,-5.8
2016,85,12,28.7,8.8,19.1,76.3,9,23.1,1.92,24.55,0,17.6,15.5,16.6,17.2,17,17.1,1.3,.8,199,50,6.9,6.7,6.2,4.7,.45,-4.3
2016,86,12,29.3,11.4,20.9,69.5,7.4,19.6,2.17,24.55,0,17.9,15.9,16.9,17.1,16.8,17,1.4,.7,243,58,6.7,7.7,6.5,4.9,.43,-5.4
2016,87,12,28.5,10,19.8,48,9,19.5,2.04,24.97,0,18,16,17,17.1,17,17.1,1.1,.5,197,62,5.2,6.9,6.3,4.5,.42,-5.2
2016,88,12,26.8,11.4,20.7,76,18.6,29.2,1.82,19.46,0,17.7,16.3,17,17.2,16.9,17.1,2.5,1.7,207,44,8.6,6.5,5.7,5.2,.69,1.5
2016,89,12,19.9,11.5,15.7,44.5,14.7,28.1,1.3,18.82,0,17.5,16.6,17.1,17.2,17.1,17.2,2.7,2.4,224,26,7.8,3.2,4.9,4.7,.5,-3.1
2016,90,12,19.2,8.7,14.1,61.9,15.1,32.8,1.13,25.42,0,17.5,15.9,16.7,17.2,17,17.1,1.3,.7,221,53,5.7,2.3,5.3,4,.51,-2.7
2016,91,12,22,7.7,15.8,67.1,15.4,31.7,1.33,24.19,0,17.4,15.7,16.6,17.1,17,17,1.4,.8,216,55,6.7,3.4,5.5,4.2,.52,-2.2
2016,92,12,25.2,7.2,17.5,94,14.6,32,1.5,25.11,0,17.3,15.3,16.3,17,16.6,16.8,1.3,.6,109,58,5.4,4.8,5.8,4.4,.58,-.8
2016,93,12,27.8,10.6,19.8,69.6,10.8,26,1.87,25.7,0,17.9,15.8,16.8,16.9,16.8,16.9,.9,.3,140,63,5.4,6.7,6.1,4.3,.54,-1.8
2016,94,12,30.9,12.3,21.9,51.4,8.9,21.4,2.28,25.91,.25,18.3,16.1,17.2,17,16.7,16.9,.8,.1,192,78,5.2,8.7,6.4,4.4,.5,-2.7
2016,95,12,32,11.6,22.9,50.7,6.5,20.3,2.47,26.01,0,19,16.9,17.9,17.3,17,17.2,.9,.1,208,75,5.2,8.8,6.7,4.7,.49,-3.1
2016,96,12,32.6,13.1,23.2,53.9,8.6,21.6,2.48,22.65,0,18.8,16.8,17.8,17.4,17.1,17.3,.9,.4,213,60,4.6,9.7,5.8,4.5,.55,-1.6
2016,97,12,35.8,12.8,26.1,88,4.7,16.3,3.1,24.07,0,19.5,17.5,18.5,17.7,17.4,17.5,.8,.2,62,73,4.5,10.3,6.4,4.6,.47,-4
2016,98,12,31,18.2,24.6,76.6,7.7,21.4,2.56,11.64,.51,19.3,18.4,18.9,18,17.6,17.8,1.4,.8,213,54,8.1,11.7,3.6,4.3,.62,-.5
2016,99,12,26,15,20.3,97.4,28,62.9,1.02,19.25,6.1,19.8,18.6,19.2,18.2,18,18.1,1.9,.9,164,59,7,7.7,4.3,4.1,1.42,12
2016,100,12,25.9,15.6,21,83.6,25.1,49,1.37,23.53,0,20.2,18.8,19.5,18.4,18.2,18.3,1.2,.7,144,50,6.7,8,5.4,4.4,1.15,8.7
2016,101,12,20.9,12.4,16.2,96.3,28.9,63.3,.73,8.7,8.89,19.9,18.5,19,18.5,18.4,18.5,1.3,.8,154,49,8.8,3.9,1.4,2.4,1.12,8.3
2016,102,12,24.3,11.1,17.9,94.5,27.4,58,1,24.76,0,19.4,17.7,18.5,18.5,18.3,18.4,.9,.5,140,54,4.2,5.1,5,4.1,1.11,8.4
2016,103,12,26.9,12.7,20.4,82.8,23,48.8,1.4,26.34,0,19.9,18.2,19,18.5,18.4,18.4,1,.6,199,53,5.6,7,5.9,4.6,1.08,7.9
2016,104,12,29.5,14.7,22.1,71.3,14.3,40.4,1.77,26.26,0,20.3,18.6,19.5,18.6,18.5,18.6,.9,.4,207,61,4.6,9.3,6.1,4.8,.98,6.4
2016,105,12,30.5,13.8,23.5,68.2,14.6,30.6,2.2,25.96,0,20.3,18.9,19.6,18.8,18.6,18.8,1.5,.9,224,52,6.6,9.3,6.8,5.5,.81,3.7
2016,106,12,27.4,16.4,21,43.2,6.8,22.9,1.98,26.38,0,20,19,19.5,18.9,18.8,18.9,3.4,2.4,259,44,11.9,9.1,8,7.3,.54,-2.2
2016,107,12,26.1,9.7,19.5,54.7,12.4,25,1.83,27.1,0,19.5,18.1,18.8,19,18.8,18.9,1.5,.3,198,71,6,5.7,6.6,5.1,.52,-2.3
2016,108,12,27,13.3,21.6,48.3,11.9,21,2.13,27.41,0,19.8,18.3,19,18.9,18.8,18.9,1.7,1.2,32,44,8,7.4,7.1,5.6,.51,-2.5
2016,109,12,29.3,12.5,21.8,58,9.5,22.6,2.19,27.85,0,19.5,17.7,18.6,18.9,18.7,18.8,1.2,.2,199,73,6.9,8.2,7,5.2,.53,-2.2
2016,110,12,31.6,10,22.9,97,8.7,24.8,2.38,26.43,0,19.4,17.5,18.5,18.8,18.4,18.6,1.2,.6,203,55,7.2,8.2,6.8,5.3,.59,-1
2016,111,12,33.4,12.9,24.6,72.9,7.2,20.6,2.72,28,0,19.8,17.8,18.7,18.7,18.5,18.6,1,.4,203,65,5.1,9.8,7.3,5.4,.56,-1.4
2016,112,12,34.6,14.3,25.6,62.1,6.3,20.3,2.93,27.18,0,20,18.1,19,18.8,18.5,18.7,.9,.3,162,65,6.3,10.7,7.1,5.2,.57,-1.1
2016,113,12,34.4,16.8,26.7,49.1,8.4,17.9,3.09,27.72,.25,20.4,18.6,19.5,19,18.7,18.9,1.6,.7,212,60,7.3,11.9,7.9,6.4,.57,-.9
2016,114,12,29.7,16.9,24.4,46,10.1,23.7,2.41,27.28,0,20.5,19.4,20,19.2,19,19.1,2.2,1.8,230,34,9.5,10.6,7.7,6.5,.7,1.2
2016,115,12,30,12.1,22.5,69.2,8.2,20.9,2.37,28.38,0,20.1,18.3,19.2,19.2,19,19.2,1.7,1,196,52,6.8,8.3,7.6,6.1,.5,-3.1
2016,116,12,25.5,11.1,20.9,100,8.1,26.9,1.89,27.24,0,19.8,18.6,19,19.2,19,19.2,3.5,3.2,220,25,11.4,5.8,8.2,6.8,.61,-1.5
2016,117,12,24,12,18.3,50,16.7,30,1.55,27.57,0,19.1,17.7,18.4,19.2,18.9,19,2.1,1.7,213,36,6.7,5.4,6.6,5.6,.6,-.3
2016,118,12,27.2,11.8,20.8,74.6,12.9,26,1.97,26.3,.25,19,17.4,18.2,19,18.5,18.8,1.7,1,207,50,7.5,6.9,6.7,5.5,.58,-.9
2016,119,12,23,14.7,19.3,60.8,12.1,25.4,1.71,27.24,0,18.9,17.9,18.4,18.8,18.8,18.8,2.3,1.8,218,36,8.1,6.1,6.9,5.8,.55,-1.7
2016,120,12,26.5,15.3,20.8,65.2,20,33.6,1.71,25.77,0,19.5,17.8,18.5,18.8,18.6,18.8,2,1.7,212,30,7.3,8.1,6.5,5.7,.8,3.7
2016,121,12,26.1,14.6,19,79.4,17.7,44,1.33,13.51,1.52,19.1,18.1,18.4,18.8,18.6,18.8,1.9,.5,117,70,8.9,7.5,3.5,4.3,.91,5.4
2016,122,12,25.9,12.1,18.8,85.7,23.4,50.2,1.23,24.59,0,19.4,17.5,18.4,18.8,18.7,18.7,1.1,.6,115,56,6,6.3,5.2,4.6,1.01,7
2016,123,12,29.6,13,22.6,79.6,14.6,34.6,2.02,27.48,0,20.1,17.9,18.9,18.8,18.5,18.7,1.3,.2,34,76,7.1,8.5,6.8,5.5,.85,4.4
2016,124,12,33.4,15.2,25.7,73.3,11.4,26.4,2.67,28.38,0,20.8,18.5,19.6,19,18.7,18.9,1.2,.2,90,73,6.1,10.8,7.4,5.9,.77,3.1
2016,125,12,37.2,18.3,28.6,53.8,7.2,19.9,3.49,28.7,0,21.1,19.5,20.3,19.3,19,19.2,2.1,1.2,145,52,8.4,13,9,7.8,.67,1
2016,126,12,34.5,12.5,26.4,100,8.1,23.6,2.91,28.28,0,21.1,19.6,20.4,19.6,19.3,19.5,2.6,1.6,185,51,9.3,9.9,8.9,7.8,.68,.8
2016,127,12,24.3,13.5,19.5,80.4,24.3,45.4,1.31,21.23,.25,20.7,19.7,20.2,19.7,19.6,19.7,1.9,1,210,54,7.9,6.1,5,4.7,.99,6.8
2016,128,12,25.5,12.7,19.2,89.2,23.8,47.9,1.3,27.24,0,20.8,19.1,19.9,19.7,19.6,19.7,1.5,.3,160,72,7.8,6.3,6,5.2,.99,6.5
2016,129,12,26.2,14.6,20.4,73.5,20.9,42.9,1.47,26.18,0,21.2,19.8,20.5,19.8,19.7,19.8,1.5,.8,240,56,6.4,7.6,6,5.2,.98,6.5
2016,130,12,28.6,13.3,21.7,71.9,15.3,37.7,1.79,28.6,0,21.4,19.6,20.5,19.9,19.8,19.9,1.2,.6,216,57,7.8,8.2,6.8,5.4,.9,5.2
2016,131,12,31.5,15.9,24.2,60.2,10.8,30.6,2.29,28.89,0,21.8,20,20.8,20.1,19.9,20,1.1,.5,216,57,5.8,10.7,7.1,5.7,.85,4.4
2016,132,12,33.5,13,25.5,99.8,11,30.2,2.59,28.11,0,22.1,20.2,21.1,20.3,20,20.2,.9,.3,194,66,5.4,9.9,7,5.5,.85,4.2
2016,133,12,37.5,18.6,28.5,48.2,7.1,20.1,3.43,29.13,0,22.4,20.5,21.5,20.5,20.2,20.4,.9,.3,171,64,6,13.1,7.8,6,.7,1.7
2016,134,12,38.2,12.5,28.5,100,7.2,25,3.42,29.88,0,22.6,20.8,21.7,20.7,20.5,20.6,1.2,.7,222,53,5.8,10.6,8.2,6.5,.78,2.9
2016,135,12,37.3,20.4,30.1,57,11.7,21.1,3.54,25.98,0,23,21.5,22.2,21,20.7,20.8,1.5,.8,229,53,7.2,13.9,7.5,6.6,.87,4.7
2016,136,12,32.7,18.6,27.2,50,13.5,23.4,2.88,29.41,0,23,21.8,22.4,21.2,20.9,21.1,1.8,1.3,225,41,8.1,12.4,8.3,6.9,.8,3.7
2016,137,12,31.6,18.2,26,53.8,13.8,26,2.59,29,0,22.9,21.7,22.3,21.3,21.2,21.3,1.9,1,196,57,6.7,11.9,7.9,6.8,.84,4.3
2016,138,12,30.5,18.2,24.6,54.2,14.1,28.9,2.31,25.9,0,22.6,21.6,22.2,21.4,21.3,21.4,2.2,1,257,60,10.4,11.5,7.3,6.6,.85,4.5
2016,139,12,30,17.4,23.8,72.4,20.4,39.4,1.87,20.72,0,22.5,21.5,21.9,21.4,21.3,21.4,1.5,.5,4,66,7.9,11,5.3,5.1,1.12,8.6
2016,140,12,33.2,16.2,25.5,99.2,13.9,36.8,2.31,28.91,0,22.9,21.4,22.1,21.4,21.3,21.4,1.1,.5,177,60,5,11.3,7.2,5.9,1.08,7.9
2016,141,12,35.6,18.5,28.3,59.9,10.6,23.9,3.1,27.97,0,22.5,21.4,22,21.5,21.4,21.4,2.8,1.9,193,47,10.5,12.8,8.9,8.4,.86,4.5
2016,142,12,31.6,19.6,25.9,45.2,10.3,23.2,2.66,29.62,0,22.5,21.4,21.9,21.5,21.4,21.5,2.8,2,195,42,9.6,12.6,8.9,8,.75,2.5
2016,143,12,29.5,16.4,23.4,52.3,12.4,26.1,2.25,29.59,0,22.2,20.9,21.6,21.5,21.4,21.5,1.4,.9,223,49,7.1,10.2,7.5,6.1,.71,1.9
2016,144,12,30.5,16.7,24.7,42.1,10.9,17.9,2.66,29.86,0,22.1,20.7,21.5,21.5,21.4,21.4,1.2,.7,209,53,5.2,10.8,7.6,6,.53,-2
2016,145,12,30.3,13.7,23.7,80.2,10.3,24.4,2.37,30.07,0,22.2,20.9,21.5,21.4,21.4,21.4,1.6,.9,223,90,8.2,9.2,7.9,6.3,.65,.6
2016,146,12,31.2,14.7,23.8,64,9.4,21.5,2.48,30.24,0,21.9,20.4,21.2,21.4,21.3,21.4,1.7,1.1,212,48,9.3,10.1,8.1,6.7,.59,-.7
2016,147,12,29.1,15.9,23,49.9,14.1,25.9,2.19,29.75,0,22,20.7,21.4,21.3,21.2,21.3,1.6,1.2,210,40,6.9,9.7,7.5,6.3,.7,1.6
2016,148,12,32.8,12,24.7,97.8,10.8,30.3,2.49,30.16,0,22.1,20.4,21.2,21.3,21.2,21.2,1.2,.8,197,47,5.9,9.2,7.7,6.1,.8,3.3
2016,149,12,34.7,17.4,27.4,63.4,8.1,21.9,3.11,30.32,0,22.4,20.7,21.5,21.3,21.1,21.2,1.4,.9,179,49,7.3,12.2,8.3,6.7,.7,1.7
2016,150,12,35.1,14,27.5,90.1,6.4,20.8,3.16,30.68,0,22.5,20.9,21.7,21.3,21.2,21.3,1.5,.9,175,52,7.3,10.7,8.5,6.9,.67,.7
2016,151,12,33.2,13.7,25.7,92.3,7.2,18.6,2.92,31.13,0,22.3,20.8,21.6,21.4,21.2,21.4,1,.4,181,61,5.6,10.1,8.1,6.1,.53,-2.6
2016,152,12,36,13,27.8,83.8,7.8,16.9,3.42,30.53,0,22,20.4,21.2,21.4,21.2,21.4,1.3,.8,217,50,6.3,10.4,8.5,6.7,.56,-1.5
2016,153,12,38,17.7,30.1,76.5,9.4,21.2,3.68,29.24,0,22.6,21,21.7,21.4,21.2,21.4,1.5,1,216,46,6.7,12.9,8.5,7.2,.8,3.5
2016,154,12,40.8,22.2,32,61.9,6.1,17.1,4.25,29.85,0,23.2,21.8,22.4,21.7,21.4,21.5,1.4,.8,223,51,6.7,15,8.8,7.3,.73,2.3
2016,155,12,43.6,21.7,34,43.8,4.7,15.5,5,29.94,0,23.8,22.1,22.9,21.9,21.6,21.8,1.4,.9,235,50,7.5,15,9.2,7.6,.7,1.5
2016,156,12,44.4,23.1,34.6,48.3,5.1,14.7,5.16,29.16,0,24.2,22.5,23.3,22.2,21.9,22.1,1.3,.9,219,44,7.7,15.5,9,7.3,.71,1.9
2016,157,12,44.5,23.9,34.4,48,4.7,15.9,5.08,29.73,0,24.6,22.9,23.7,22.5,22.2,22.4,1.1,.6,224,56,6.3,15.8,8.9,7.1,.74,2.3
2016,158,12,42,20.3,33.5,69.7,6.1,16.7,4.72,29.79,0,24.7,23.1,23.9,22.7,22.5,22.6,1.4,.7,198,57,5.5,14.4,9,7.5,.74,2.3
2016,159,12,40,23.8,32.5,50.4,5.9,15.5,4.36,29.98,0,24.8,23.2,24,22.9,22.7,22.8,1.4,.5,167,65,5.4,15.5,8.8,7.3,.7,1.6
2016,160,12,40.6,23.4,33.3,59.2,9.9,25.7,4.1,28.97,0,25.5,23.8,24.6,23.1,22.9,23,1.5,.9,236,51,6.1,15.4,8.5,7.5,1.19,9.3
2016,161,12,38.8,27.3,33,37.4,14.8,25.5,3.87,27.88,0,25.8,24.4,25.1,23.4,23.1,23.3,2.3,1.8,259,36,6.3,16.7,8.7,8.4,1.26,10.2
2016,162,12,36.1,21.1,31,97.8,23.4,34.4,3.04,22.69,.76,25.6,24.7,25.2,23.7,23.4,23.6,2.1,1.3,264,51,8,14.1,6.9,6.7,1.51,13
2016,163,12,36.3,20.8,29.6,99.3,20.4,48.4,2.54,21.63,0,25.8,24.5,25.2,23.8,23.6,23.8,1.3,.5,221,63,7.1,14,5.7,5.6,1.78,15.2
2016,164,12,37.3,15.9,29.8,98.9,9.4,29.7,3.4,28.83,0,25.6,24.3,25,23.9,23.8,23.9,1.6,.9,225,54,6.7,12,8.3,7.2,1.02,6.4
2016,165,12,35.6,16.6,29.6,94.9,8.3,17,3.6,28.77,0,25.4,24.2,24.8,24,23.9,23.9,1.4,.9,243,48,6.9,12,8.2,6.6,.66,.7
2016,166,12,36.2,15.2,28.3,98,7.3,25.2,3.26,29.8,0,24.9,23.5,24.2,23.9,23.8,23.9,1.2,.5,195,64,7.6,11.4,8.2,6.6,.79,2.7
2016,167,12,36.9,18.2,30,61.8,8.3,17.2,3.75,29.82,0,24.7,23.3,24.1,23.9,23.7,23.8,1.5,1,238,49,6.4,12.9,8.7,7.2,.66,.9
2016,168,12,37.5,22,30.4,45.8,8.8,17.4,3.77,29.31,0,24.8,23.6,24.2,23.8,23.8,23.8,1.4,.4,205,68,6.1,14.7,8.5,7.1,.71,2
2016,169,12,39.3,21.2,30.7,49.9,5.5,18,3.95,29.84,.25,24.9,23.5,24.2,23.8,23.7,23.8,1,.4,223,62,5.6,14.5,8.4,6.6,.7,1.7
2016,170,12,42.5,21.6,33.7,29.6,6.3,13.2,4.91,28.83,0,24.6,23.2,24,23.8,23.6,23.7,1.3,.8,237,51,6,14.9,8.8,7.3,.63,.4
2016,171,12,47.4,18.4,37.8,88.4,5.9,14.9,6.23,29.12,0,25.4,23.8,24.6,23.8,23.7,23.8,1.3,.7,272,54,8,14,9.2,7.9,.82,4
2016,172,12,45.4,27.9,38.4,39.6,8.6,14.2,6.02,27.55,0,25.7,24.8,25.2,24.1,23.8,24,2.4,1.3,194,55,8.1,16.9,9.9,9.6,.92,5.6
2016,173,12,42.1,28.4,36.6,39.3,11.1,18.4,5.2,26.94,0,26,25.1,25.5,24.3,24.1,24.2,1.7,1,250,51,6.3,17,8.7,7.9,1.07,7.9
2016,174,12,42.5,20.1,35.8,89.3,11.4,20.5,5.01,28.14,0,26.3,25.3,25.8,24.5,24.3,24.4,1.7,1.3,234,39,7.2,14.2,9,7.9,1.09,8
2016,175,12,42.8,27.3,35.6,51.2,11.6,21.8,4.78,28.5,0,26.5,25.5,25.9,24.6,24.5,24.6,1.7,1.1,171,48,8.7,16.7,9,8.1,1.19,9.5
2016,176,12,41.7,26.4,35.4,50.1,10.5,20.8,4.78,28.53,0,26.2,25.2,25.7,24.8,24.6,24.7,1.4,.9,254,48,6.6,16.5,8.7,7.4,1.11,8.3
2016,177,12,41.1,26.8,34.6,46.3,12,21.5,4.54,28.14,0,26.4,25.4,25.9,24.9,24.8,24.8,1.2,.4,237,65,5.2,16.6,8.3,6.9,1.11,8.4
2016,178,12,40.3,27.8,34.7,44.2,13.5,23.5,4.34,23.81,0,26.3,25.7,26,25,24.9,25,1.5,1.2,196,39,5.9,16.8,7.4,6.9,1.26,10.3
2016,179,12,42.1,26.5,35.3,58.8,14.4,27.1,4.36,23.11,0,26.8,25.8,26.2,25.1,25,25,1.4,.1,335,78,11.2,16.5,7.2,6.8,1.49,12.8
2016,180,12,43.6,29.2,36.8,57.7,12.3,27,4.84,27.93,2.54,27.3,26.3,26.7,25.3,25.1,25.2,1.3,.5,162,65,6.2,17.2,8.4,7.5,1.55,13.3
2016,181,12,41.2,25.6,35,73.4,18.8,31.4,4.05,26.31,3.81,27.3,26.4,26.9,25.5,25.3,25.4,3.2,1.9,132,52,11.6,16.2,8.8,9.4,1.68,14.7
2016,182,12,34.8,24.7,29.9,85.7,30.8,51.2,2.15,12.6,.51,27.1,26.5,26.7,25.6,25.5,25.6,1.7,1,143,52,8.1,15.5,3.3,4.4,2.1,18.2
2016,183,12,35,25.7,30.3,69,35.3,50,2.22,24.3,0,27,26.3,26.6,25.6,25.6,25.6,2.5,2.1,128,34,6.9,15.9,7,7,2.13,18.4
2016,184,12,38.7,24.6,32.3,76.5,20,39.6,3.13,27.31,0,27,26.1,26.5,25.7,25.6,25.6,1.6,.5,143,67,6.3,15.7,7.7,7.2,1.8,15.7
2016,185,12,40.5,26.4,34,62.7,13.2,29.5,3.96,27.82,0,27.1,26.3,26.7,25.7,25.6,25.7,1.4,1,224,43,5.8,16.5,8.2,7.3,1.48,12.7
2016,186,12,41.7,25.8,34.9,55.5,11.7,25.8,4.42,28.1,0,26.8,25.9,26.3,25.8,25.6,25.7,1.5,1,211,45,6.7,16.3,8.5,7.6,1.34,11
2016,187,12,41.3,24.4,35.1,61.4,10.2,19.9,4.76,28.26,0,26.8,26,26.4,25.8,25.7,25.7,1.4,.9,229,51,7.5,15.8,8.7,7.3,1.06,7.6
2016,188,12,39.9,25.8,34.2,43.2,15.4,20.4,4.39,28,0,26.5,25.6,26.1,25.8,25.7,25.8,1.6,.9,245,52,6.3,16.3,8.5,7.5,1.09,8.2
2016,189,12,39.8,26,34.2,47.6,15,24.3,4.22,28.17,0,26.5,25.6,26,25.8,25.7,25.7,1.7,1,247,54,5.2,16.3,8.5,7.7,1.27,10.3
2016,190,12,41.2,22.3,34,82.9,10.4,21.7,4.43,28.76,0,26.5,25.8,26.1,25.8,25.7,25.7,1.2,.7,240,54,6.1,15.1,8.4,7,1.05,7.4
2016,191,12,42.2,23.7,35.3,69,10.1,20.6,4.83,28.35,0,26.3,25.5,25.9,25.8,25.7,25.7,1.5,1.1,223,41,6.8,15.6,8.8,7.5,1.08,8
2016,192,12,42.2,25.1,35.6,58.6,6,17.9,5.03,28.33,0,26.2,25.4,25.7,25.7,25.6,25.7,1.9,1.6,221,32,7.9,16,9.3,8.2,.94,5.6
2016,193,12,40.9,23.4,34,68.2,7.6,16.1,4.68,28.53,0,26.2,24.7,25.4,25.7,25.3,25.5,1.5,1,239,47,7.5,15.4,8.8,7.4,.8,3.5
2016,194,12,41.1,21.8,33.8,45.3,9,16.4,4.66,28.5,0,26.4,24.8,25.6,25.5,25.4,25.5,1.3,.6,237,61,6.7,14.8,8.5,7.1,.81,4
2016,195,12,41.4,20.1,33.5,72.8,9.6,24.2,4.26,27.97,0,26.7,25,25.9,25.5,25.3,25.5,1.1,.5,236,59,5.8,14.2,8.1,6.6,1.13,8.5
2016,196,12,42.6,21.3,34.9,93.9,9.2,24.1,4.61,27.76,0,27.1,25.7,26.3,25.7,25.5,25.6,1.4,1,229,39,6.5,14.8,8.4,7.2,1.2,9.2
2016,197,12,42.7,21.8,35.5,90.9,11.4,23.1,4.75,27.25,0,27.2,25.8,26.5,25.8,25.6,25.8,1.7,1.4,220,34,6.4,14.9,8.7,7.8,1.23,9.8
2016,198,12,41,30.8,35.9,35.7,13.4,22.5,4.67,26.68,0,27.7,26.1,26.9,26,25.8,25.9,1.8,1.2,244,47,6.7,17.2,8.4,7.8,1.31,10.9
2016,199,12,39.3,26.9,34.5,54.5,17.2,26.5,4.11,17.2,0,27.5,26.5,26.9,26.1,26,26.1,1.7,1,187,50,8.2,16.5,5.8,6.1,1.42,12.1
2016,200,12,40,26.1,33.3,68.9,20.3,37.9,3.39,24.76,1.02,28.1,26.3,27.1,26.2,26.1,26.1,1.7,.5,136,68,7.6,16.3,7.3,7,1.85,16.2
2016,201,12,41.8,29.4,35,48.7,16.6,32.2,4.01,26.77,0,28.6,27,27.8,26.4,26.2,26.3,1.8,.7,111,63,5.8,17.1,8.1,7.8,1.73,15.1
2016,202,12,41.2,28.7,34.6,57.7,16.4,32.5,3.89,24.83,0,29,27.5,28.2,26.7,26.4,26.6,1.9,.5,57,69,10.1,17,7.8,7.6,1.71,14.9
2016,203,12,43.5,20.7,35.6,98,14.5,32.2,4.43,26.49,0,29.3,27.5,28.4,26.9,26.7,26.8,.9,.4,189,63,5.4,14.6,7.6,6.4,1.65,14.3
2016,204,12,44.1,26.5,36.8,68.5,13,25.5,4.84,24.24,0,29.4,27.8,28.6,27.1,26.9,27,2.4,.5,70,73,10.9,16.6,8.4,8.6,1.5,12.9
2016,205,12,43.1,21.5,36.2,97.1,14.2,29.1,4.65,26.52,0,29.4,27.9,28.6,27.2,27.1,27.2,1.9,1.5,232,40,6.9,14.8,8.5,7.9,1.58,13.6
2016,206,12,41.2,30.1,35.9,41.4,18.7,27.4,4.39,25.85,0,29.3,28.1,28.7,27.3,27.2,27.3,2.4,2.1,239,32,7.6,17.2,8.6,8.6,1.58,13.8
2016,207,12,41.2,28.8,34.5,53.9,19.3,31.9,3.86,25.59,0,29.6,28.2,28.9,27.4,27.3,27.4,2,.8,280,64,9.9,17.1,8,7.8,1.69,14.8
2016,208,12,42.8,27.6,36.7,54,16.4,26,4.78,26.01,0,29.7,28.2,28.9,27.5,27.4,27.5,1.3,.7,245,56,5.9,16.9,8,7,1.55,13.4
2016,209,12,44.2,29.7,37,59.4,14,29.5,4.67,26.34,0,29.9,28.5,29.2,27.6,27.5,27.6,1.6,.8,214,58,6.7,17.2,8.2,7.6,1.74,15.1
2016,210,12,43.3,30.7,36.9,47.2,15.3,27.1,4.76,25.61,.51,29.9,28.5,29.3,27.8,27.6,27.7,1.8,.8,141,60,7.9,17.2,8.1,7.9,1.62,14.2
2016,211,12,43.6,25.9,35.3,69.4,14.3,34.2,4.08,25.91,.25,29.8,28.5,29.1,27.9,27.8,27.8,2.6,1.4,197,54,15.6,16.3,8.4,8.9,1.82,15.9
2016,212,12,38.4,22.5,32.7,94.3,26.2,40.9,3.12,24.74,2.54,29.4,28.1,28.8,27.9,27.8,27.9,2.1,1.3,207,52,7.8,14.9,7.4,7.1,1.93,16.9
2016,213,12,38.5,28,32.2,58.8,26,43,2.86,22.91,0,29.3,28.4,28.9,27.9,27.8,27.9,2.7,1.2,237,60,10.2,16.9,7.2,7.7,2.01,17.5
2016,214,12,37.1,25.6,31.2,71,27.3,46.2,2.62,21.49,0,29,27.8,28.3,27.9,27.7,27.8,1.8,1.1,159,50,5.8,16,6,6.2,2.01,17.5
2016,215,12,36,24.8,30,83.9,37.3,58.6,1.88,20.31,1.52,29.1,28.3,28.6,27.8,27.7,27.8,2,1.2,122,51,8.7,15.7,5.7,5.8,2.42,20.5
2016,216,12,36.7,25.4,30.2,85.1,33.3,58.6,1.89,21.39,0,29,28.2,28.6,27.8,27.8,27.8,1.7,.7,73,62,9.3,15.9,5.7,5.8,2.45,20.7
2016,217,12,37.1,27.3,31.4,69.8,31.9,50.9,2.35,21.76,4.06,29.1,28.2,28.6,27.9,27.8,27.8,1.6,.7,95,62,7.1,16.6,6.1,6,2.3,19.7
2016,218,12,35.9,21.9,29.7,96.8,33.8,60.1,1.87,13.3,20.07,28.9,27.5,28,27.9,27.7,27.8,1.1,.6,56,55,8.5,14.4,3.5,3.8,2.4,20.4
2016,219,12,40.6,26.1,33.6,72,19,41.9,3.31,25.89,0,29,27.8,28.3,27.8,27.7,27.7,.9,.5,106,56,5.6,16.4,7,6.1,2.03,17.6
2016,220,12,41.8,29,35.6,48.4,16.3,30.2,4.23,25.66,0,29,28.2,28.6,27.8,27.7,27.8,1.5,.8,142,55,7.8,17.1,7.8,7.1,1.69,14.8
2016,221,12,42.1,27.5,35.7,48.1,10.4,19.9,4.89,25.9,0,28.8,28,28.4,27.9,27.8,27.8,1.1,.8,203,47,5.7,16.8,7.9,6.5,1.09,8
2016,222,12,35.2,24.2,31.6,77.1,27.2,45.9,2.56,21.25,.25,28.5,27.5,27.9,27.9,27.7,27.8,2.2,1.2,155,55,10.9,15.3,6.1,6.1,2.12,18.3
2016,223,12,37.5,26.6,31.8,70,29.7,47.6,2.61,21.13,0,28.6,27.8,28.1,27.7,27.7,27.7,1.4,.6,211,63,9.2,16.4,5.8,5.8,2.17,18.8
2016,224,12,36.3,25.7,30.6,82,33.5,54.6,2.13,20.3,.76,28.6,27.9,28.3,27.8,27.7,27.7,1.2,.4,157,65,5,16,5.1,5.2,2.33,19.9
2016,225,12,39.9,25.9,33.3,80.7,19.6,41.2,3.21,24.39,0,28.5,27.6,28,27.8,27.7,27.7,1.4,1,238,47,8.4,16.2,7,6.5,2.01,17.4
2016,226,12,41.5,23.9,33.5,81.4,13.7,36.5,3.62,25.2,0,28.3,27.4,27.8,27.7,27.5,27.6,1.2,.8,147,49,8.6,15.6,7.2,6.4,1.73,15
2016,227,12,40.2,28.6,33.9,46.6,17.2,28.3,3.91,25.06,.25,28.1,27.4,27.7,27.7,27.6,27.6,2,1.5,107,40,6.3,17,7.8,7.5,1.46,12.6
2016,228,12,42.2,27.1,35.5,58.8,13.7,27,4.4,24.94,0,27.9,26.8,27.3,27.6,27.4,27.5,1.5,.7,121,60,5.8,16.6,7.7,6.9,1.49,12.9
2016,229,12,43,21.4,35.3,95.2,12.2,27.5,4.45,23.82,1.27,27.6,26.6,27,27.5,27.1,27.3,2.2,1.4,81,48,9.3,14.8,8.1,7.8,1.44,12.2
2016,230,12,41.5,26.9,35.3,56.9,12,24.8,4.49,21.28,.51,27.2,26.6,26.9,27.3,27.2,27.2,2.1,.5,50,70,9.9,16.6,7.3,7.3,1.33,11
2016,231,12,39.3,28,33.5,47.5,15.3,26.8,3.9,21.64,0,27.1,26.6,26.9,27.2,27.1,27.2,2.2,1.1,347,56,8.7,16.8,7.2,7.3,1.34,11.2
2016,232,12,39.2,25,32.5,64.2,15.6,31.7,3.56,24.52,.25,27.1,26.5,26.9,27.1,27,27.1,2.5,1.5,243,51,10.4,15.9,7.9,7.9,1.46,12.5
2016,233,12,36.7,21.2,29.8,84.4,20.7,43.5,2.54,20.17,2.79,27.1,26.4,26.6,27.1,27,27,1.8,.3,221,73,9.7,14.2,5.8,5.8,1.74,15.2
2016,234,12,37.2,24.3,30.5,70.9,19.4,40.1,2.82,24.25,.25,26.7,26.1,26.3,27,26.8,26.9,1.3,.4,161,68,5.9,15.5,6.7,6,1.65,14.4
2016,235,12,36.6,25.1,30.2,59.3,21.3,39.9,2.69,20.24,0,26.4,26,26.2,26.9,26.7,26.8,1.4,.3,46,71,12.8,15.8,5.7,5.5,1.66,14.6
2016,236,12,34,21.8,28,81,25.5,49.9,2.07,16.82,3.3,26.3,25.9,26.1,26.8,26.6,26.7,1.7,1.1,347,46,8.1,14.1,4.4,4.9,1.78,15.5
2016,237,12,38.7,22.3,29.9,73.5,15.2,41.4,2.74,23.3,7.87,26.2,25.6,25.9,26.7,26.5,26.6,1.3,.2,344,74,11.6,14.9,6.5,5.8,1.62,14
2016,238,12,38,22.6,30.7,72.4,17,38.5,3.03,23.2,0,26,25.5,25.7,26.6,26.4,26.5,.9,.4,223,59,5.8,15,6.3,5.3,1.54,13.3
2016,239,12,35.6,22,30.5,78.7,24.1,37.1,2.89,20.64,2.03,26,25.6,25.8,26.5,26.4,26.4,1.7,1.2,18,45,6,14.4,5.9,5.7,1.55,13.4
2016,240,12,35.5,21.9,29.2,84.9,14.5,39.4,2.65,22.16,.76,26,25.6,25.8,26.4,26.3,26.4,1.4,.7,343,57,7.8,14.4,6,5.5,1.49,12.4
2016,241,12,36.7,20.9,29.3,70.7,15.3,35.9,2.89,23.82,0,25.7,24.9,25.2,26.3,26.2,26.3,.8,.1,136,77,5.4,14.1,6.3,5.1,1.34,11.1
2016,242,12,40.1,19.1,32.2,95.3,12,28.7,3.83,24.04,.76,25.2,24.5,24.8,26.2,26,26.1,1,.7,52,44,6.9,13.7,7,5.6,1.2,9.3
2016,243,12,40.5,18.3,32.2,96.4,15.1,32,3.61,21.52,0,25,24.1,24.5,26,25.5,25.8,1.3,.9,82,44,7.2,13.4,6.5,5.7,1.41,12
2016,244,12,40,27.2,33.4,48.8,18.2,30.6,3.72,22.95,.25,25.2,24.6,24.9,25.7,25.7,25.7,1.8,1.2,100,46,9.7,16.7,7.1,6.7,1.54,13.4
2016,245,12,38.8,28.9,33.5,50.2,20.9,35,3.46,20,0,25.8,25.1,25.4,25.8,25.7,25.7,1.7,.8,144,59,5.8,17.1,6.1,6.1,1.77,15.6
2016,246,12,39.3,25.6,32.9,68.3,20.6,38,3.32,22.78,0,26.2,25.5,25.8,25.9,25.8,25.9,1.1,.4,157,63,5.4,16.1,6.5,5.6,1.8,15.8
2016,247,12,39.1,25.6,32.6,57.9,11.4,27.4,3.79,23.24,0,26.2,25.7,25.9,26,25.9,26,1.6,.8,172,57,6.6,16.1,7.2,6.3,1.26,9.9
2016,248,12,37,22.6,29.9,50.9,8.7,20,3.56,24.46,0,25.8,24.9,25.1,26.1,25.9,26,1.3,.6,171,58,6.9,14.9,7.3,5.7,.78,3.1
2016,249,12,38,20.9,29.5,52.1,9.5,23,3.44,24.06,0,24.9,24.1,24.5,25.9,25.7,25.8,.9,.3,136,63,5.7,14.2,6.6,5,.87,4.8
2016,250,12,36.6,21.8,30.3,51.7,13.9,28.3,3.25,21.06,0,24.8,24,24.4,25.7,25.5,25.6,1.2,.5,176,61,6.7,14.5,6,5.2,1.21,9.3
2016,251,12,31.4,23.8,27.7,93.4,44.8,63.6,1.42,7.93,1.27,25.2,24.7,25,25.5,25.5,25.5,1.5,.9,240,51,6.7,14.6,2.1,2.9,2.32,19.8
2016,252,12,34.4,23.1,28.6,83.9,37,59.6,1.76,19.45,0,26.8,25,25.7,25.7,25.5,25.6,1.6,.9,203,55,6.3,14.8,5,4.9,2.24,19.2
2016,253,12,38.9,23.5,31.1,77.6,16.3,42.7,2.93,22.9,0,27.4,25.5,26.4,25.9,25.6,25.8,1.1,.6,219,52,5.4,15.3,6.4,5.4,1.76,15.2
2016,254,12,39.7,24.7,31.9,62.6,14.3,32.9,3.45,22.21,0,27.6,25.9,26.7,26.1,25.9,26,.9,.4,188,61,4.9,15.8,6.3,5.1,1.43,12
2016,255,12,39,24.6,31.9,48.4,13,26.9,3.67,22.38,0,27.5,25.9,26.7,26.3,26.1,26.2,1.3,.7,199,55,6.3,15.8,6.8,5.5,1.2,9.5
2016,256,12,36.4,26.4,31.2,52.1,17.5,33.6,3.13,20.45,0,27.6,26.1,26.8,26.4,26.2,26.3,1.8,1.1,168,50,10.3,16.3,6.3,5.9,1.49,12.8
2016,257,12,35.6,25,29.8,53.2,20.5,37.3,2.73,14.52,0,27.1,25.9,26.4,26.5,26.3,26.4,2.7,1.7,161,49,9.7,15.7,5.1,6.1,1.53,13.2
2016,258,12,35.3,22.1,28.4,60.2,9.9,34.5,2.72,22.55,0,27,25.3,26.1,26.4,26.2,26.3,1.2,.7,188,54,6.8,14.4,6.3,5.2,1.26,9.9
2016,259,12,35.1,18.3,26.7,47.4,7,24.5,2.92,23.24,0,26.5,24.8,25.7,26.3,26.1,26.2,.9,.5,210,56,5.9,12.7,6.3,4.6,.76,2.6
2016,260,12,35.7,16.9,26.4,40.6,8.4,20.4,2.99,22.81,0,26.1,24.3,25.2,26.2,26,26.1,.9,.3,131,65,4.3,12.2,6.2,4.5,.64,.7
2016,261,12,37.2,17.1,27.8,45.7,9.1,20.5,3.24,22.6,0,26.1,24.2,25.1,26,25.8,25.9,.7,.3,140,57,4.5,12.4,6.1,4.2,.71,2
2016,262,12,39.7,18.7,29.3,42.5,7,19.5,3.63,22.46,0,26.3,24.3,25.3,25.9,25.8,25.8,.7,.3,160,59,4.3,13.5,6.3,4.3,.71,2
2016,263,12,37.4,19.6,29.2,50.3,11.3,25.2,3.22,17.59,0,25.9,24.4,25.2,25.9,25.8,25.8,1.6,1.1,209,47,6.4,13.6,5.6,5.3,.99,6.1
2016,264,12,30.1,25.6,28.1,60.7,33.1,45.2,2.09,7.89,0,25.6,25.2,25.4,25.8,25.8,25.8,2,1.6,328,38,7.5,15.1,2.7,3.7,1.72,15.1
2016,265,12,36.3,23.2,29.8,68.2,27.9,46.4,2.42,19.53,0,26.9,24.9,25.8,25.8,25.7,25.8,1.4,.9,226,49,7.2,15.1,5.4,4.9,1.87,16.4
2016,266,12,29.1,22.1,25.2,94.8,55.7,71.8,.93,11.54,2.29,26.6,25.7,26.2,26,25.8,25.9,1.2,.5,160,59,5.2,12.8,2.3,2.8,2.3,19.7
2016,267,12,30.3,16.6,24,80.7,7.5,28.5,2.25,20.29,0,26.1,25,25.5,26,25.9,26,1.5,1.1,238,41,7.1,10.6,5.5,4.6,.8,1.4
2016,268,12,32.2,13.9,23.6,59,12,25.3,2.41,21.74,.25,25.2,23.5,24.4,25.9,25.6,25.8,1.1,.4,224,62,5.5,10,5.7,4.3,.67,1.3
2016,269,12,35.8,17.1,27.7,50.1,9.8,19.7,3.19,21.56,0,25,23.5,24.2,25.6,25.4,25.5,1.2,.8,22,48,6,12.2,6.2,4.8,.68,1.4
2016,270,12,32.2,23.6,27.4,52.2,15.8,29.4,2.62,12.04,0,24.9,23.9,24.4,25.4,25.3,25.3,2,1.6,109,37,8.8,14.6,4.2,4.9,1.06,7.5
2016,271,12,30.5,22.2,25.7,48.6,24.1,36,2.16,14.72,0,24.5,23.8,24.1,25.3,25.2,25.2,2.1,1.7,89,32,8.3,13.5,4.4,4.8,1.18,9.4
2016,272,12,35.1,22.2,28.2,55.3,24.5,39,2.46,16.15,0,25,23.7,24.3,25.2,25.1,25.1,1.8,1.1,106,51,8.4,14.5,4.8,4.9,1.46,12.5
2016,273,12,33.8,23.9,27.7,75.2,25.6,46.6,2.1,13.63,.25,25.5,24.5,24.9,25.2,25.1,25.2,1,.6,46,50,5.3,15,3.7,3.5,1.68,14.6
2016,274,12,35.6,20,27.8,66.7,21.4,40,2.44,19.05,0,25.8,24.1,24.9,25.3,25.2,25.2,.9,.3,358,67,7.5,13.6,5.2,4.1,1.41,12
2016,275,12,35,21,28.2,55.8,16.7,33.8,2.7,20.06,0,25.9,24.4,25.1,25.3,25.2,25.3,1,.4,154,62,6,13.9,5.5,4.2,1.23,9.9
2016,276,12,27.4,20.4,23.8,91.2,32.4,59.5,1.21,11.35,5.59,25.3,24.3,24.8,25.4,25.3,25.3,1.4,1.1,83,38,7.3,11.1,2.5,2.9,1.75,14.9
2016,277,12,28.9,16.4,22.7,95.4,6.7,42.7,1.75,20.5,0,25,23.8,24.4,25.3,25.1,25.2,1.4,.9,204,45,5.9,9.9,5.3,4.1,1.07,5
2016,278,12,28.7,13.3,21.3,56.8,12.2,29.2,1.97,20.21,0,24.1,22.6,23.4,25.2,24.8,25,.9,.3,194,65,5.8,8.2,5,3.5,.67,1.1
2016,279,12,30.8,14.7,22.8,51.7,15.5,31.5,2.09,19.47,0,23.7,22.2,23,24.9,24.6,24.7,1,.3,142,69,4.8,9.9,5,3.7,.82,4
2016,280,12,31.6,16.2,23.7,57,12.7,31.9,2.18,19.57,0,23.8,22.3,23.1,24.6,24.4,24.5,.7,.1,134,74,4.2,10.9,4.8,3.3,.86,4.7
2016,281,12,35.6,15.6,26,47.6,11.6,25,2.82,19.31,0,23.7,22.1,23,24.4,24.3,24.4,.5,.2,99,64,4.5,11.5,4.9,3.2,.76,2.9
2016,282,12,35.6,20.4,28.2,79.7,18.9,31.6,2.76,17.38,.51,24.2,22.8,23.4,24.3,24.2,24.3,1.4,.9,36,50,6.1,13.7,5.2,4.5,1.17,9.1
2016,283,12,35.1,20.5,27.5,48.6,16.5,34.1,2.58,18.59,0,24.4,23,23.7,24.4,24.3,24.3,.8,.5,80,43,6.1,13.7,4.9,3.6,1.21,9.7
2016,284,12,34.6,20.2,27.1,53.6,14.3,31.5,2.64,18.66,0,24.4,23.1,23.8,24.4,24.3,24.4,.9,.4,168,62,7.3,13.5,5.1,3.7,1.06,7.7
2016,285,12,34.6,17.5,26.2,56.2,11.2,28.5,2.67,19,0,24.1,22.9,23.5,24.4,24.3,24.4,.9,.3,200,64,6.6,12.2,5.2,3.7,.89,5.1
2016,286,12,33.5,17.6,24.9,41,9.9,24.5,2.57,17.15,0,23.6,22.5,23.1,24.4,24.2,24.3,.8,.2,120,68,4.1,12,4.5,3.3,.71,2.1
2016,287,12,33.8,15.4,24.5,47.7,10.6,24.7,2.54,18.64,0,23.2,22,22.7,24.2,24,24.1,.7,.2,107,69,4.5,11.1,4.9,3.2,.7,1.8
2016,288,12,35,14.8,25,53.9,10.4,25.5,2.64,18.58,0,23.1,21.8,22.5,24,23.9,24,.6,.2,130,67,4,11,4.7,3,.73,2.4
2016,289,12,34.4,15.8,25.1,43.5,10,24,2.64,18.57,0,23,21.7,22.4,23.9,23.7,23.8,.8,.2,142,70,4.2,11.4,5,3.3,.71,2
2016,290,12,32.7,17.2,24.7,45,13.2,26.1,2.47,16.13,0,22.9,21.7,22.3,23.8,23.6,23.7,.8,.1,153,75,4.5,11.7,4.2,3.1,.77,3.2
2016,291,12,31.8,17.4,24.2,55.8,19.1,33,2.17,17.75,0,22.9,21.6,22.3,23.7,23.5,23.6,.9,.3,203,64,5.2,11.6,4.6,3.2,.96,6.4
2016,292,12,31.6,16.8,23.9,57.5,16.1,36.7,2.07,17.73,0,22.8,21.6,22.2,23.6,23.5,23.5,.8,.2,214,72,5.2,11.2,4.5,3.1,1.02,7.1
2016,293,12,33.6,14.6,24.4,65.2,13.6,31.7,2.35,17.68,0,22.6,21.4,22.1,23.5,23.4,23.5,.7,0,205,80,3.8,10.7,4.6,3,.87,4.7
2016,294,12,35.2,16.8,26.2,28.7,7.4,14.7,3.11,17.95,0,22.2,21.1,21.7,23.4,23.2,23.3,1.2,.9,57,36,5.7,12.1,5.4,3.7,.49,-3.5
2016,295,12,35.4,17.8,26.5,44.7,13.2,25.8,2.78,17.17,0,22.3,21.2,21.8,23.3,23.1,23.2,1.1,.9,76,35,5.7,12.5,5,3.6,.84,4.4
2016,296,12,36,18.5,26.5,50.6,13.8,29.4,2.7,16.74,0,22.7,21.4,22,23.2,23.1,23.1,.8,.4,170,59,5.1,12.9,4.6,3.2,.95,6.2
2016,297,12,35,17.6,26.1,47.2,13.5,29.4,2.62,16.6,0,22.7,21.5,22.1,23.2,23.1,23.2,.7,.1,123,73,3.9,12.4,4.4,2.9,.93,5.9
2016,298,12,31.6,19.7,25.8,57.5,23.5,36.3,2.19,9.93,0,22.8,21.8,22.3,23.2,23.1,23.2,.8,.5,46,46,5.9,12.6,2.6,2.5,1.19,9.3
2016,299,12,32.9,18.8,26.1,70.1,25.2,43.6,2.07,16.12,0,23.2,22.1,22.6,23.2,23.2,23.2,.7,.1,215,75,4.6,12.5,4.1,2.9,1.41,12
2016,300,12,35.1,16.8,25.9,71.1,16.6,39.4,2.3,16.25,0,23,21.9,22.5,23.3,23.2,23.3,.5,.2,125,68,4.5,12,4.1,2.7,1.2,9.6
2016,301,12,37,18,27.2,59.1,14,33.5,2.69,13.47,0,23,21.9,22.5,23.3,23.2,23.3,.6,.3,127,61,4.4,12.9,3.6,2.7,1.11,8.4
2016,302,12,33.1,21.4,26.4,57.1,18.2,34.4,2.37,11.59,0,23.2,22.4,22.8,23.3,23.2,23.3,.6,.2,210,70,4.4,13.8,3,2.5,1.14,8.8
2016,303,12,35,18,26,48,16,30.9,2.51,15.68,0,22.9,22,22.5,23.4,23.3,23.3,.7,.2,121,65,5.2,12.6,4.2,2.8,.99,6.8
2016,304,12,33.1,18.9,25.3,58.2,19.2,34.9,2.27,13.28,0,22.9,21.8,22.4,23.3,23.2,23.3,.6,.3,149,63,4.8,12.6,3.3,2.5,1.07,8
2016,305,12,29.1,18.5,23.6,62,28.2,42.1,1.75,12.4,0,22.6,21.7,22.2,23.2,23.1,23.2,.9,.5,210,53,4.5,11.1,3.1,2.6,1.21,9.6
2016,306,12,26.4,15.1,20.6,55.8,18.1,36.6,1.62,15.64,0,22.3,21.4,21.8,23.2,23,23.1,.8,.4,212,57,5.2,8,3.7,2.4,.86,4.7
2016,307,12,28.7,11.5,20.6,67.6,21.2,37.7,1.68,15.74,0,21.5,20.5,21,23,22.8,22.9,.9,.2,196,69,6.7,7.5,3.8,2.6,.86,4.8
2016,308,12,28.2,16.5,21.6,93.6,26.6,49,1.44,8.47,7.37,21.3,20.6,20.9,22.8,22.6,22.7,1.9,1.1,33,53,8.4,9.6,2.5,3.2,1.2,9.3
2016,309,12,27.5,13.8,19.9,93.8,29.6,62.7,1.02,13.51,0,21.3,20.3,20.8,22.6,22.4,22.5,.5,.2,116,64,4.1,7.9,2.7,2,1.37,11.5
2016,310,12,27.5,14.5,20.5,84.9,31.5,59.3,1.12,14.77,0,21.3,20.3,20.8,22.4,22.3,22.4,.4,.1,174,70,3.7,8.3,2.9,2,1.35,11.4
2016,311,12,28.9,13.5,21,85.9,27.4,55.6,1.27,14.87,0,21.2,20.2,20.7,22.3,22.2,22.2,.4,.1,187,72,3.7,8.4,3.1,2,1.3,10.8
2016,312,12,30.1,13.9,21.5,82.2,24.4,52.2,1.43,14.6,0,21.1,20,20.6,22.2,22,22.1,.4,.1,235,71,3.5,9.2,3,2,1.24,10.1
2016,313,12,31.5,16.2,23.9,61.7,15.5,32.7,2.21,14.85,0,20.8,20,20.5,22.1,22,22,1,.9,72,26,7,10.8,4.1,2.8,.89,5.1
2016,314,12,28.5,17.1,23.2,41.6,11.1,24,2.23,14.95,0,20.6,19.9,20.2,22,21.8,21.9,1.5,1.3,83,26,7.7,10,4.5,3.3,.66,.8
2016,315,12,26.8,15.3,21,57.5,18.4,27.9,1.86,14.68,0,20,19.2,19.6,21.8,21.6,21.7,1.4,1.1,73,34,7.3,8.3,4.1,2.9,.68,1.3
2016,316,12,27.4,16.6,21.4,48.4,21.5,34.4,1.74,14.26,0,19.8,19,19.4,21.6,21.4,21.5,1,.8,67,39,7.6,9.2,3.6,2.5,.86,4.7
2016,317,12,28.5,13.1,20.4,59.4,18.3,35.8,1.67,13.85,0,19.7,18.9,19.3,21.4,21.2,21.3,.9,.7,83,38,6.3,8,3.5,2.4,.82,4
2016,318,12,29.2,12.5,20.1,60.7,17.5,38.1,1.64,14.15,0,19.7,18.7,19.2,21.2,21.1,21.1,.7,.3,157,65,4.2,8.1,3.3,2.1,.84,4.4
2016,319,12,29.9,11.1,20,66.2,13.8,36.3,1.72,14.04,0,19.6,18.6,19.2,21.1,20.9,21,.5,.1,220,72,3.4,7.9,3.2,1.8,.77,3.1
2016,320,12,30.2,10.5,20,62.7,12.4,32.2,1.81,13.85,0,19.5,18.5,19,21,20.8,20.9,.7,.1,29,72,4.2,7.8,3.3,2,.68,1.5
2016,321,12,25.1,13.8,19.2,46.2,18,31.3,1.59,7.57,0,19.2,18.5,18.9,20.8,20.7,20.8,.6,.1,32,71,3.3,6.7,1.7,1.7,.68,1.4
2016,322,12,22.4,10.1,16.1,58.1,8.8,23.7,1.47,14.02,0,19,18,18.4,20.7,20.5,20.6,1.3,.9,280,46,5.8,4,3.5,2.4,.4,-6.4
2016,323,12,24.5,5.5,14.9,42.2,7.4,18.9,1.51,14.01,0,18,16.9,17.4,20.5,20.1,20.3,.6,.4,69,48,4.9,4.2,3.1,1.6,.29,-9.9
2016,324,12,28.1,8.4,18.7,46.5,12.4,24.2,1.81,13.01,0,17.7,16.6,17.2,20.1,19.8,20,1.1,.9,80,36,6.8,6.4,3.6,2.5,.49,-3.1
2016,325,12,21.3,14.8,17,93.7,24.7,55.7,.89,2.61,3.81,17.9,17.3,17.6,19.8,19.7,19.8,.6,.2,358,65,3.7,5.3,.4,1.1,1.06,6.6
2016,326,12,20,10,16,97.2,40.9,75.2,.48,6.12,2.03,18.3,17.9,18,19.7,19.7,19.7,1.1,.8,221,46,6.1,2.9,.9,1.2,1.36,11.1
2016,327,12,21,7.9,13.9,91.4,35.4,66.9,.64,12.83,0,17.9,16.9,17.5,19.7,19.6,19.7,.6,.1,253,71,3.9,3,2.1,1.5,1.01,7.1
2016,328,12,23.7,7.7,14.9,89.9,21.8,58.5,.89,12.97,0,17.5,16.5,17.1,19.6,19.4,19.5,.4,.1,321,72,3.1,4.3,2.3,1.4,.9,5.4
2016,329,12,24.9,7.9,15.8,74.4,9.3,35,1.38,12.95,0,17.1,16.1,16.5,19.4,19.1,19.3,1.2,1,347,34,5.4,4.7,3.2,2.3,.52,-3.4
2016,330,12,25.9,7.5,17.3,47.1,11.6,24.8,1.64,12.73,0,16.4,15.5,16,19.1,18.8,19,1.2,1,72,36,5.6,5.1,3.5,2.4,.45,-4.2
2016,331,12,21,10.8,15.8,65.6,25.5,43.2,1.07,4.53,0,16.2,15.7,16,18.8,18.6,18.7,.7,.3,101,63,6.1,3.5,1,1.5,.76,2.9
2016,332,12,17.1,7.9,12.4,94.2,38.7,60.2,.62,10.31,6.1,16.2,15.6,15.9,18.6,18.4,18.5,2.1,1.6,202,37,10.2,1.3,2.1,2,.83,4.2
2016,333,12,13.6,6.1,9.6,98.5,43.7,76.8,.31,7.17,0,15.7,14.9,15.4,18.4,18.2,18.3,.7,.4,151,57,4.6,.1,.7,1,.9,5.3
2016,334,12,16.4,3.5,9.3,96.9,19.2,56.2,.62,12.7,.25,15.4,14.2,14.6,18.2,17.9,18.1,.9,.4,332,57,6.7,.8,2.2,1.4,.59,-1.1
2016,335,12,16.7,1,8.8,82.6,17.6,48.8,.69,12.41,0,14.4,13.3,13.8,17.9,17.5,17.7,.6,.1,242,72,4,.9,2.1,1.2,.5,-3.1
2016,336,12,17,2.1,8.7,79.4,22.7,51.8,.64,10.69,0,13.9,12.9,13.4,17.5,17.1,17.3,.5,.1,251,73,3.4,1,1.7,1.1,.54,-1.8
2016,337,12,16.2,5.5,10,71.4,25.6,50,.67,8.19,0,13.9,13.2,13.5,17.1,16.9,17,.6,.2,224,70,3.3,.9,1.3,1.2,.59,-.6
2016,338,12,21.6,3.4,13.2,67.6,15.7,32.5,1.13,12.11,0,13.8,12.8,13.3,16.9,16.6,16.8,1,.6,342,49,5,2.8,2.7,1.8,.46,-3.9
2016,339,12,22,3.7,11.8,55.5,11.2,33.7,1.06,12.25,0,13.7,12.7,13.2,16.7,16.5,16.6,.7,.2,160,70,3.6,2.9,2.5,1.5,.42,-5.3
2016,340,12,19.8,4.4,11.2,61.8,13.9,38.1,.93,10.93,0,13.6,12.6,13.1,16.5,16.3,16.4,.7,.2,80,72,3.8,2.1,2.1,1.4,.47,-3.6
2016,341,12,18.1,7.2,11.8,79.4,25.1,52.5,.68,7.71,0,13.7,12.8,13.2,16.3,16.2,16.2,.7,.1,283,76,4.4,1.7,1.2,1.3,.74,1.9
2016,342,12,18.4,6.4,11.8,90.1,48.3,70.5,.47,7.96,0,14.1,13.1,13.6,16.2,16.1,16.2,.5,.2,323,63,3.1,1.7,1,1,.95,6.3
2016,343,12,20.5,4.5,11.8,92.5,34.3,65.6,.6,11.47,0,14,13,13.5,16.2,16.1,16.1,.5,0,106,77,3.5,2.4,1.8,1.1,.86,4.8
2016,344,12,21.8,6.2,13.1,82.5,29.3,57.6,.77,11.02,0,14.2,13.1,13.6,16.1,16,16.1,.4,0,226,79,2.7,3.1,1.9,1.2,.81,3.9
2016,345,12,21.9,5.3,13.5,83.3,28.2,54.9,.82,10.9,0,14.2,13.2,13.7,16.1,16,16.1,.5,0,155,78,2.8,3.1,1.9,1.2,.8,3.7
2016,346,12,23,8.4,14.9,75.8,28,52.5,.92,10.77,0,14.6,13.5,14,16.1,16,16,.5,.1,111,70,3.4,3.9,2,1.3,.84,4.4
2016,347,12,23.4,9,15.4,74.4,30.8,54.4,.91,10.91,0,14.8,13.7,14.2,16.1,16,16.1,.5,.1,98,74,3.1,4.3,2,1.3,.91,5.5
2016,348,12,23.3,10,15.8,78.7,31.3,56.9,.88,10.31,0,15.1,14.1,14.6,16.2,16.1,16.2,.6,.2,96,69,3.6,4.4,1.8,1.3,.98,6.7
2016,349,12,25.3,8.1,15.6,82.3,28.3,57.2,.9,10.79,0,15.2,14.1,14.7,16.3,16.2,16.2,.4,.1,90,71,3,5,1.9,1.2,.96,6.3
2016,350,12,23.9,8.4,15.9,80.3,28.4,54.8,.95,8.11,.25,15.1,14.1,14.6,16.3,16.2,16.3,.4,.1,27,65,2.3,4.4,1.3,1.2,.94,5.9
2016,351,12,22.7,13.9,17.7,93,40.3,64.4,.78,8.4,.76,15.8,15,15.4,16.4,16.3,16.3,2,1,131,57,9.3,5.5,1.8,2.1,1.27,10.5
2016,352,12,18.4,4.8,11,76.6,17.9,38,.84,11.59,.76,15.8,14.2,15,16.5,16.4,16.5,2.2,1.8,254,35,8.8,1.7,2.6,2.5,.5,-3.5
2016,353,12,18,.3,8.5,77.5,15.5,44.6,.73,11.95,0,14.2,12.8,13.4,16.5,16.1,16.3,.5,.2,344,67,3.4,1.2,1.9,1.1,.44,-4.5
2016,354,12,21.8,5.7,12.8,60.2,17.5,29.8,1.12,11.57,0,13.2,12.2,12.8,16.1,15.7,15.9,1.2,.8,28,44,5.8,3.1,2.7,2,.43,-5.1
2016,355,12,23.9,8.4,14.8,64.7,20,40.7,1.11,9.76,0,13.7,12.5,13.1,15.8,15.6,15.6,.5,.1,92,70,2.7,4.4,1.9,1.3,.65,.8
2016,356,12,22.4,12.9,16.7,96.9,28.1,55.3,.88,4.43,5.08,14.6,13.5,13.9,15.6,15.6,15.6,.7,.4,35,53,3.5,4.9,.8,1.4,1.04,7
2016,357,12,19.1,13,14.9,100,76,89.8,.17,3.26,25.65,15.2,14.6,14.9,15.9,15.6,15.7,1.9,.9,193,58,7.6,3.3,0,1.1,1.52,13.1
2016,358,12,16,10.1,13,96.7,68,86.5,.22,3.74,1.02,15.4,14.9,15.1,16,15.9,16,.5,.3,82,53,3.7,1.1,0,.8,1.28,10.7
2016,359,12,15.4,6.5,10.1,94,64.6,83.9,.21,2.48,7.62,15.1,13.9,14.5,16.1,16,16,2.2,1.4,157,48,9.6,.6,.2,1,1.04,7.5
2016,360,12,11.9,3.5,7.4,93.8,35.2,69.5,.35,10.97,0,13.9,12.9,13.3,16,15.6,15.8,.8,.5,197,48,4.9,0,1.4,1,.69,1.6
2016,361,12,16.6,1.6,8.2,92.1,27.3,62.8,.52,11.53,0,12.9,11.8,12.3,15.6,15.2,15.4,.6,.4,355,40,4,.8,1.7,1.1,.63,.4
2016,362,12,23.9,3.4,11.8,89.6,22.5,60.1,.75,11.7,0,12.7,11.5,12.1,15.2,14.8,15,.4,0,76,79,2.5,3.7,1.9,1.2,.76,2.9
2016,363,12,18.4,6.1,11.1,87.8,38.8,70.3,.47,7.32,0,12.8,11.9,12.3,14.8,14.7,14.8,.4,.1,77,72,2.2,1.7,.8,1,.89,5.3
2016,364,12,25.1,8.2,15.7,85.4,16.1,50.9,1.11,11.24,0,13.3,12.2,12.7,14.7,14.6,14.6,.8,.6,72,44,4.3,4.9,2.4,1.7,.79,3.3
2016,365,12,21.4,8.9,14.8,98.1,35.8,62.4,.72,9.98,3.81,13.6,12.6,13.1,14.7,14.6,14.7,1.1,.6,82,57,5.2,3.3,1.9,1.6,1.02,6.9
2016,366,12,17,11.4,13.5,98.9,60.4,85.5,.25,6.6,4.57,14.1,13.4,13.7,14.9,14.7,14.8,1.1,.7,207,49,4.8,1.7,.6,1.1,1.31,10.9
