2016,1,14,15.6,1.8,8.3,78.7,19.6,41.8,.7,13.8,0,14,7.7,10.4,14.6,14.2,14.4,2.1,1.3,348,49,8.4,.5,2.9,2.3,.43,-4.8
2016,2,14,18.2,.4,8.7,87.4,23.8,52.4,.66,13.38,0,14.5,7.4,10.6,14.3,14.1,14.2,1.6,.9,358,53,6.9,1.4,2.6,2,.55,-1.5
2016,3,14,19.9,2.1,10.8,86.7,29.7,58.7,.65,11.64,0,15,8.7,11.6,14.1,14.1,14.1,1.7,.9,62,55,7.5,2,2.3,2,.73,2.3
2016,4,14,12.8,8.5,10.7,97.3,57.8,88.4,.14,1.94,4.83,12.8,11.6,12.2,14.3,14.1,14.2,2.3,2,14,28,5.3,0,0,.6,1.15,8.8
2016,5,14,16.7,9.4,12.8,98.8,77.6,93.2,.11,4.12,8.89,14.3,11.6,12.8,14.4,14.3,14.4,2.4,.9,125,64,7.8,1.3,.2,.9,1.38,11.7
2016,6,14,18.2,8.1,13.3,96,41.7,72.6,.45,12.73,1.02,15.4,10.4,13,14.6,14.4,14.5,2.7,2,190,42,9.7,1.8,2.3,1.9,1.1,8.3
2016,7,14,13.8,6.8,10.8,96.6,65.8,84.4,.21,5.69,3.3,13.1,10.4,12.2,14.7,14.5,14.6,2.4,1.8,223,41,8.5,.2,.5,1,1.09,8.2
2016,8,14,15.8,2.1,8.8,97.9,40.4,78.1,.31,13.48,0,14.4,7.4,10.7,14.7,14.3,14.5,1.4,.6,235,61,6.1,.6,2,1.4,.86,4.8
2016,9,14,18,1.5,9.1,99,28.6,74.8,.41,13.25,0,15.7,6.8,10.9,14.4,14.1,14.2,.7,.1,58,72,3.3,1.3,1.9,1.3,.82,4
2016,10,14,18.1,6.8,11.9,93.9,34.8,71.7,.46,10.56,0,16.8,10.4,12.8,14.2,14.1,14.1,1.5,1.2,14,37,4.9,1.6,1.7,1.6,.97,6.4
2016,11,14,16.7,4.5,10.8,84.1,31.5,59.1,.58,13.68,0,16.4,9.6,12.5,14.3,14.1,14.3,2.6,2.3,342,26,8.4,1,2.8,2.2,.74,2.6
2016,12,14,17.4,1.6,9.5,90.1,24,53.8,.65,14.33,0,16,7.2,11.1,14.4,14.1,14.3,1.8,1.2,351,45,7.6,1.1,2.9,2.1,.6,-.4
2016,13,14,19.8,1.5,9.9,90.8,22.1,57.8,.64,13.93,0,16.6,7.2,11.3,14.1,13.9,14,1.6,1.1,26,44,6.4,1.9,2.7,2.1,.65,.8
2016,14,14,20,.5,9.4,95.3,29.7,69,.5,13.35,0,16.3,7.5,11.6,14,13.9,13.9,1.5,1,22,48,5.8,1.9,2.3,1.9,.77,3.1
2016,15,14,21.2,2.7,11.6,95.2,36,70.3,.52,12.17,0,16.6,9.1,12.6,14,13.9,13.9,2,1.2,259,52,7.8,2.6,2.3,2.2,.92,5.7
2016,16,14,20.3,3.6,11.1,94.2,27,64.8,.58,10.86,0,16.5,9.1,12.6,14.1,13.9,14.1,1.5,1.1,10,44,5.3,2.3,1.9,1.9,.81,3.9
2016,17,14,21.5,4.1,12,94.4,27.3,63.7,.66,13.88,0,17.8,9.4,13.2,14.2,14.1,14.2,1.6,1.1,12,43,5.8,2.8,2.8,2.2,.84,4.4
2016,18,14,21.6,5.6,12.9,89.2,31.7,64.8,.63,8.67,0,16.8,10.9,13.4,14.4,14.2,14.3,1.3,.9,10,48,5.2,3,1.4,1.8,.94,5.9
2016,19,14,22.7,5,12.9,95,31.7,70.5,.6,12.16,0,18.2,9.9,13.8,14.5,14.4,14.5,1.3,.8,25,49,5,3.4,2.2,2,.99,6.8
2016,20,14,23.3,5.5,13.6,95.9,31.5,68.1,.67,13.82,0,19.4,10.8,14.7,14.7,14.5,14.6,1.7,1.3,1,37,6.7,3.7,2.8,2.4,1,6.9
2016,21,14,22.4,4.9,13.6,92,21.3,59.5,.78,12.92,0,18.4,10.8,14.4,14.9,14.7,14.9,1.8,1.1,7,50,5.8,3.2,2.8,2.4,.86,4.6
2016,22,14,21.8,4.5,12.4,87.1,18.6,53.1,.81,12.9,0,17.6,10,13.6,15.1,14.9,15,1.5,1.1,13,45,6.4,2.9,2.7,2.4,.71,2
2016,23,14,21.1,4.5,12.4,89.5,20.9,57.7,.73,10.01,0,16.6,10.4,13.4,15,14.9,15,1.4,.5,14,64,5.2,2.6,1.9,2,.79,3.4
2016,24,14,21.7,4.9,12.7,92.7,20.3,57.7,.79,14.71,0,18.8,10.3,14.1,15,14.9,14.9,1.5,.7,342,59,6.4,2.9,3,2.4,.77,3.1
2016,25,14,20.7,3.2,11.7,93.3,20.2,55.2,.81,14.31,0,17.6,10,13.6,15,14.9,15,2.4,1.8,338,39,9.1,2.4,3.5,2.9,.66,1
2016,26,14,19.8,6.5,13.3,64.5,15.2,32.2,1.11,15.47,0,17.4,10.5,13.5,15,14.9,14.9,3,2.6,352,30,10.8,2.3,4.4,3.7,.47,-3.6
2016,27,14,21.9,2.8,12.4,72,12.5,38.1,1.04,14.42,0,17.7,9.3,13.2,15,14.8,14.9,1.6,.9,339,55,5.8,2.9,3.4,2.7,.5,-2.9
2016,28,14,23.6,3.9,12.7,88,13.9,46.7,.97,13.24,0,18,10.4,13.8,14.9,14.8,14.9,1.4,.8,23,53,5.6,3.6,2.8,2.6,.61,-.1
2016,29,14,24.4,3.2,13.2,86.8,14.8,49.7,.98,15.01,0,18.7,10.2,14.1,15,14.8,14.9,1.7,1.2,15,45,6.2,3.9,3.4,2.9,.68,1.3
2016,30,14,25,5.5,14.8,86.6,25.8,57,.9,14.74,0,18.9,11.6,15.1,15.1,14.9,15,2.7,2.1,191,39,8.4,4.5,3.7,3.5,.91,5.5
2016,31,14,24,6.3,14.9,93.1,34.6,64.5,.73,14.16,0,19.1,12.1,15.6,15.4,15.1,15.3,3.9,3.1,219,37,13.5,4.2,3.7,3.6,1.06,7.5
2016,32,14,16.4,5.3,11.5,64.1,24,41.4,.83,15.52,0,16.9,12.7,14.6,15.6,15.4,15.5,5,4.2,263,32,12.7,.9,4.5,3.8,.55,-1.8
2016,33,14,15.9,1.8,9.5,75.8,13,31.7,.86,16.89,0,16.7,9.8,13,15.6,15.3,15.5,2.2,1.8,337,36,7.6,.6,3.7,2.9,.35,-7.3
2016,34,14,15.2,.8,7.6,76.6,15.4,40.5,.71,17.09,0,15.7,8.8,11.9,15.3,14.9,15.2,2.5,2,350,36,7.4,.4,3.7,2.9,.39,-6.2
2016,35,14,18.5,-1.2,9,85.3,14.1,41.6,.84,16.78,0,15.6,8,11.6,14.9,14.6,14.8,2.6,1.9,343,40,7.7,1.3,4,3.2,.41,-5.5
2016,36,14,22.2,3.2,13.4,75.6,14.6,34.3,1.14,16.97,0,16.9,9.4,12.9,14.6,14.4,14.5,2.8,2.3,356,35,9.3,3,4.7,4,.49,-3.2
2016,37,14,22.6,4.3,13.3,72.1,13.5,37.3,1.13,17.24,0,17.2,9.7,13.2,14.6,14.5,14.5,2.6,2.2,346,34,8.2,3.3,4.7,3.9,.51,-2.6
2016,38,14,26,3,14.4,76.4,12.6,38.8,1.29,17.19,0,17.9,9.8,13.6,14.7,14.5,14.6,2.5,1.8,345,44,9.9,4.5,5,4.3,.54,-1.8
2016,39,14,27.5,8.1,19.2,62.7,12.5,24.5,1.82,17.22,0,19.4,12.3,15.3,14.9,14.6,14.7,3.6,3.1,349,31,9.8,6,6.2,5.7,.5,-2.7
2016,40,14,28.8,9.6,19.6,60.6,12.7,27.9,1.85,17.38,0,20.1,12.6,16.1,15.3,14.9,15.1,2.8,2.5,353,28,8.9,6.9,5.7,5.1,.58,-.8
2016,41,14,30.3,8.1,18.5,68.6,11.5,34.1,1.71,16.94,0,20.8,13.1,16.7,15.6,15.2,15.5,2.2,1.3,11,53,7.6,7.3,4.9,4.6,.63,.3
2016,42,14,30.1,6.7,17.8,79.8,11.2,39.2,1.58,17.86,0,21.3,13.1,16.9,16,15.6,15.9,1.4,.8,12,54,6,7,4.5,3.6,.68,1.4
2016,43,14,30.8,6.1,17.5,84.3,10.7,41.6,1.55,18.23,0,21.4,13.1,17,16.2,16,16.2,1.7,1.1,16,46,7.2,7.2,4.7,4.1,.69,1.5
2016,44,14,28.9,4.9,16.9,87.6,11.6,44.7,1.38,18.47,0,21.6,13.1,17.1,16.5,16.2,16.4,1.5,1,6,47,5.2,6.1,4.6,3.7,.76,2.9
2016,45,14,29.5,6.3,18.8,82.7,9.4,36.3,1.74,18.31,0,21.4,13.8,17.5,16.6,16.4,16.6,2.1,1.5,335,44,9.3,6.6,5.4,4.5,.65,.6
2016,46,14,29.5,8.8,20.6,68.8,14.2,33.7,1.82,18.47,0,22.2,15.1,18.5,16.9,16.6,16.8,2.5,1.7,342,45,8.7,7.1,5.7,4.9,.76,2.9
2016,47,14,31.3,8.4,19.5,81.5,14.4,44.1,1.6,18.67,0,23.2,15.2,18.9,17.3,16.9,17.1,1.6,.8,9,56,6.1,7.8,4.8,4,.89,5.2
2016,48,14,30.5,8.4,19.2,84.7,16.7,45.5,1.54,18.67,0,22.8,15.4,19,17.5,17.2,17.5,2.1,1.2,170,53,8.4,7.5,5.2,4.5,.91,5.6
2016,49,14,27.3,10.2,18.5,76.1,19,46.7,1.31,13.04,0,21.9,16.7,19,17.8,17.5,17.7,1.3,.3,230,70,6.7,6.4,3,3,.92,5.6
2016,50,14,28.4,11.8,19.1,90.8,16.4,51.5,1.3,14.46,0,22.7,17,19.4,18,17.8,18,1.5,.5,45,65,5.4,7.4,3.4,3.4,1.02,7.1
2016,51,14,30.1,7.8,18.7,93,13.8,48.8,1.47,19.14,0,23.7,15.9,19.6,18.2,18,18.1,1.2,.7,350,55,5.3,7.2,4.6,3.6,.89,5.1
2016,52,14,30.3,8,18.7,83.7,11.3,42.6,1.62,19.69,0,23.1,15.7,19.3,18.4,18.2,18.3,1.8,1.2,347,47,7.4,7.4,5.4,4.5,.75,2.7
2016,53,14,30.3,7.2,19.2,79.9,9.2,34,1.84,19.79,0,22.6,15.6,19,18.5,18.3,18.4,2.6,1.9,339,44,10.2,7.2,6.3,5.5,.61,-.4
2016,54,14,24.9,7.3,17.1,83.9,8.5,29.6,1.56,19.5,0,21.1,15.6,18.4,18.6,18.4,18.5,3.4,2.9,3,29,11.6,4.7,6.4,5.3,.5,-3.4
2016,55,14,25.6,7.5,16.4,66.3,10.9,27.8,1.53,20.63,0,21.7,14.6,17.9,18.5,18.3,18.4,2.3,1.7,360,42,7.1,5,5.7,4.7,.46,-3.9
2016,56,14,28.5,5.3,16.7,81.9,10.1,38.8,1.55,20.73,0,22.3,14.2,18,18.4,18.1,18.3,1.4,.8,1,52,6.3,6,5.2,4,.58,-1
2016,57,14,31.5,5.8,18.1,86.2,9.3,39.8,1.67,21.23,0,22.9,14.9,18.6,18.3,18.2,18.2,1.4,.8,19,52,6.3,7.3,5.3,4.4,.66,.9
2016,58,14,30.5,6.7,18.3,86.4,10,47,1.49,21.33,0,23.8,15.7,19.6,18.4,18.2,18.4,1.1,.4,158,63,3.9,7.2,4.9,3.8,.84,4.3
2016,59,14,32.6,7.5,19.5,88.9,11.7,47.7,1.64,20.45,0,24.2,16.4,20.1,18.7,18.4,18.6,1.1,.1,153,77,4,8,4.9,3.9,.89,5
2016,60,14,32,9,20.2,86.2,12.5,46.9,1.64,20.8,0,24.8,17.2,20.8,19,18.7,18.9,1.1,.5,186,61,4.4,8.2,5,3.9,.96,6.2
2016,61,14,33.5,10.1,21.2,84.5,11.7,45.1,1.86,20.11,0,25.3,17.5,21.2,19.3,19,19.2,1,.1,154,78,3.7,8.9,4.8,3.8,.94,5.9
2016,62,14,32.5,10,20.3,83.9,9.9,47,1.68,21.21,0,25.1,18,21.4,19.6,19.3,19.5,1.4,.9,191,51,5.6,8.6,5.4,4.5,.94,5.9
2016,63,14,31.9,9.4,20.3,84.3,7.8,42.7,1.74,19.5,0,24.9,18,21.3,19.9,19.6,19.8,1.1,.3,219,71,4.6,8.2,4.7,3.8,.86,4.7
2016,64,14,32.3,9.8,20.5,84.3,7,39.7,1.83,21.86,0,25.1,17.7,21.3,20,19.8,20,1.3,.4,232,68,5.5,8.5,5.5,4.4,.8,3.2
2016,65,14,28.3,9.2,19.6,74.3,20.1,43.2,1.46,15.94,0,23.6,18.1,21,20.2,20,20.1,1.3,.7,190,54,5.4,6.6,3.8,3.5,.94,5.8
2016,66,14,27.1,13.8,19.5,80.7,18.3,44.3,1.36,19.64,0,24.2,19.2,21.4,20.2,20.1,20.2,3.3,2.5,269,41,12.9,7.7,5.8,5.4,.96,6
2016,67,14,19.4,7.2,13.8,71.2,30.5,49.1,.83,11.83,0,20.7,17.6,18.8,20.3,20.1,20.2,3.9,3.5,261,25,12.9,2.2,3.4,3.7,.76,3.1
2016,68,14,24.1,3.3,14.2,91.2,16.2,49.5,1.07,22.54,0,21.8,14.6,18,20.1,19.5,19.8,2.2,1.4,317,50,8.5,3.7,5.4,4.3,.7,1.8
2016,69,14,27.3,5.9,17.8,80.9,13.8,42.4,1.47,22.91,0,23.2,15.6,19.3,19.5,19.3,19.5,1.9,.9,337,59,9.7,5.5,5.8,4.7,.75,2.7
2016,70,14,31.5,9.3,20.1,85.8,10.9,41,1.78,22.55,0,24.9,17,20.7,19.5,19.4,19.5,1.2,.4,88,66,5.4,8,5.5,4.3,.81,3.6
2016,71,14,29.3,10.2,19.6,81,15.2,43.7,1.55,18.29,0,23.6,18.1,20.8,19.8,19.5,19.7,2.8,2,248,45,14.9,7.5,5.3,5.4,.89,5.2
2016,72,14,23.7,9.4,16.5,71,19.9,44,1.15,23.64,0,23.9,17.8,20.7,20,19.8,20,2.2,1.7,244,41,8.9,4.5,5.5,4.6,.79,3.4
2016,73,14,26.3,6.6,16.9,91.3,16.8,51.7,1.15,23.52,0,24.1,16.8,20.4,20.1,20,20,1.6,1,204,49,6,5.2,5.3,4.2,.89,5.3
2016,74,14,27.5,11,19.5,80.2,28.3,49.2,1.29,23.14,0,24.6,18.2,21.2,20.1,20,20.1,2.2,1.5,256,46,7.5,6.7,5.7,4.8,1.07,7.9
2016,75,14,31.2,9.5,20.4,91.5,13.2,51,1.52,23.59,0,26.2,18.3,22,20.4,20.1,20.3,1.2,.2,359,74,5.1,8,5.5,4.5,1.06,7.7
2016,76,14,31.9,10.1,21,89,8.2,41.2,1.93,24.42,0,26.4,18.6,22.3,20.6,20.4,20.6,1.5,.8,342,56,6.6,8.4,6.4,5.2,.8,3.1
2016,77,14,31.2,8.7,20.4,87.2,8.9,42.3,1.75,24.58,0,26.5,18.5,22.4,20.9,20.6,20.8,1.2,.4,191,66,6.3,7.8,6.1,4.7,.87,4.7
2016,78,14,31.5,10.7,21,79.8,16.2,45.8,1.62,24.11,0,27.1,19.3,23,21.1,20.9,21,1.3,.9,212,47,4.8,8.4,5.8,4.8,1.06,7.8
2016,79,14,31.2,11.4,21.4,91.7,16.7,50.9,1.54,24.14,0,27.3,19.6,23.4,21.4,21.1,21.3,1.2,.8,217,50,5.1,8.6,5.7,4.6,1.2,9.5
2016,80,14,32,11.6,22,88,14.5,48.8,1.71,23.6,0,27.8,20,23.7,21.6,21.4,21.6,1.2,.5,230,60,5.3,8.9,5.7,4.6,1.16,9.1
2016,81,14,31,11.6,22.1,82.6,9.5,42.5,1.83,24.48,0,27.4,20.2,23.8,21.9,21.6,21.8,1.7,1.2,241,46,6.8,8.6,6.4,5.2,1,6.7
2016,82,14,25,13.8,20.1,63,19.2,35.9,1.57,24.98,0,25.4,21.1,23.3,22.1,21.9,22.1,4.3,4,278,20,11.5,6.6,7.6,6.5,.81,3.9
2016,83,14,24.4,9.3,18.6,60.2,9.6,23.1,1.74,26.22,0,24.9,19.3,22,22.2,21.9,22.1,3.8,3.4,350,27,12.9,4.8,8.1,6.6,.46,-4.3
2016,84,14,28.4,6.5,18.1,72,9.9,34.8,1.67,25.95,0,25.6,17.6,21.5,22,21.6,21.8,1.7,.6,330,66,8,6.1,6.6,5.2,.61,-.2
2016,85,14,31.5,6.3,19.5,83.7,10.2,41.7,1.68,25.44,0,26.6,18.2,22.3,21.7,21.5,21.6,1.3,.3,235,72,5,7.4,6.1,5,.82,4.1
2016,86,14,30.3,7.9,20.5,84.6,6.9,32.7,1.98,25.97,0,26.5,19.1,22.8,21.8,21.6,21.7,1.9,1.3,1,46,9.8,7.3,7.1,5.7,.64,-.2
2016,87,14,30.2,10.4,20.1,66.2,12.3,32.2,1.77,26.28,0,27.1,18.9,22.9,21.9,21.7,21.8,1.2,.5,201,61,4.6,7.9,6.3,5,.73,2
2016,88,14,26,11.8,19.3,82.8,20.2,51.1,1.2,21.93,0,25.9,20.6,23.2,22,21.8,22,2.7,2,259,42,9,6.2,5.6,4.9,1.11,8
2016,89,14,19.7,9.8,15.6,61.8,23.9,38.9,1.11,24.88,0,24.2,19.5,21.8,22.2,22,22.1,4.2,3.4,262,34,9.9,2.7,6.4,5.3,.68,1.4
2016,90,14,21.2,5.4,14,79.7,22.1,47.8,.94,25.46,0,24.1,17.8,20.9,22,21.7,21.9,2.1,1.5,250,42,7.4,2.8,5.5,4.3,.72,2.2
2016,91,14,25.1,5.6,15.9,80.5,11.9,44.6,1.25,26.75,0,24.8,17.1,20.8,21.7,21.4,21.6,1.8,.6,291,67,7.8,4.5,6.3,4.9,.7,1.8
2016,92,14,28.4,10.1,19.2,76.9,12.8,41.9,1.55,26.4,0,26,18.4,22,21.5,21.4,21.5,1.8,.5,267,69,7.6,7,6.5,5.4,.84,4.2
2016,93,14,31.2,9.6,20.8,87,11.7,43.6,1.74,26.7,0,27.6,19,23.1,21.6,21.4,21.6,1,.1,140,76,4.7,8,6.3,4.9,.93,5.8
2016,94,14,32.3,10,21.8,82.6,9.7,39.9,1.94,26.98,0,28.3,20,24,22,21.6,21.9,1.4,.1,168,77,5.4,8.6,6.8,5.5,.9,5.3
2016,95,14,32.6,10.6,22.5,82.4,11.3,40.1,2,26.28,0,28.7,20.5,24.5,22.4,22,22.2,1.1,.6,225,52,4.7,8.7,6.5,5.1,.96,6.3
2016,96,14,33.8,11.8,22.3,88.9,12.1,46.2,1.78,24.15,0,28.8,21.4,24.9,22.7,22.4,22.6,1.3,.6,216,60,6,9.5,6,5.2,1.12,8.5
2016,97,14,34.8,12.3,24.1,83.6,10.7,39.9,2.11,22.63,0,28.4,21.8,25.1,23,22.7,22.9,2,.5,86,69,5.8,9.9,6.3,6,1.09,8
2016,98,14,29.1,19.3,23.9,65.1,22.3,41.4,1.79,10.5,0,26.3,23.7,24.9,23.3,23,23.2,2.3,1.4,270,52,6.6,11.4,3.4,4.5,1.21,9.7
2016,99,14,24.5,15.4,19.1,96.5,53.8,79.4,.49,17.27,6.1,25.4,22.1,23.5,23.4,23.2,23.3,1.7,.9,198,55,6.6,7.2,3.2,3.3,1.74,15.2
2016,100,14,26.1,13.6,19.7,98.7,30.2,68.5,.87,23.41,0,27.7,20.1,23.4,23.2,22.9,23.1,2.3,1.2,159,55,9.1,7.1,5.4,4.6,1.49,12.7
2016,101,14,21.4,13,17,96.2,51.4,75.9,.49,15.42,11.43,23.2,19.7,21.6,23,22.8,22.9,1.8,.8,161,62,9.3,4.4,2.7,2.9,1.46,12.6
2016,102,14,25.1,12.2,18.5,97,38.6,72,.7,21.44,0,25.9,17.3,21.3,22.8,22.3,22.5,1,.3,304,67,3.9,5.9,4.1,3.7,1.48,12.8
2016,103,14,27.2,11.9,19.9,95.1,31.1,65.9,.96,26.07,0,30,18,23.5,22.3,22.1,22.3,1.4,1.2,206,36,5.5,6.9,5.7,4.6,1.46,12.6
2016,104,14,30.2,13.1,22,94,22.5,56.4,1.42,26.29,0,31.8,19.5,25.3,22.6,22.2,22.4,1.1,.6,225,58,5.5,8.9,6,4.9,1.37,11.6
2016,105,14,29.7,12.4,22.1,91,16.4,46.4,1.64,26.29,0,30.8,20.7,25.6,23,22.6,22.9,2.4,1.6,246,45,7.7,8.3,6.9,5.9,1.12,8.4
2016,106,14,26.8,12.7,20.8,75.4,10.2,32,1.82,26.83,0,29,20.6,24.7,23.3,23,23.2,3.4,2.7,329,37,10.8,6.9,8.1,6.7,.71,1.4
2016,107,14,27.3,13,20.5,52.8,11.4,24.2,1.94,28.7,0,27.7,19.4,23.4,23.4,23.2,23.3,4,3.7,338,24,12.9,7.3,9.2,7.8,.55,-1.4
2016,108,14,29.5,9.8,21,77.8,10.8,29.8,1.97,28.56,0,29,18.5,23.5,23.3,23,23.1,2.9,2.6,357,26,9.5,7.4,8.3,7,.67,1.1
2016,109,14,32.5,10.8,21.9,80,8.9,35,2.05,28.21,0,30.7,19.2,24.6,23.1,23,23.1,1.8,1.1,11,52,6.9,8.8,7.4,6.3,.8,3.6
2016,110,14,34,10.6,23.6,90.4,8.2,39.8,2.25,27.61,0,31.5,20.1,25.6,23.3,23,23.2,1,.2,209,72,4.8,9.2,6.9,5.4,.95,6.2
2016,111,14,34.2,12.3,23.8,89.6,9.9,41.9,2.08,28.27,0,31.8,21.4,26.4,23.7,23.3,23.6,1.3,.9,219,43,5,9.7,7.2,5.9,1.1,8.3
2016,112,14,33.5,11.9,23.4,85,10.1,41.8,2,28.11,0,31.7,21.8,26.6,24.1,23.7,24,1.5,1,201,46,6.6,9.4,7.2,6,1.08,8
2016,113,14,31.6,12.5,23.1,74.1,17.2,41.3,1.91,28.61,0,30.6,22,26.3,24.4,24.1,24.3,2.5,1.9,195,40,10.6,9.2,8.1,6.8,1.1,8.2
2016,114,14,29.3,12.8,22.1,73.7,10.2,35.9,1.92,29.52,0,31.2,22.1,26.4,24.5,24.3,24.5,1.8,1.1,324,51,7.3,8.3,7.6,6.2,.86,4.5
2016,115,14,30.3,10.8,21.6,82.5,14.5,41.5,1.78,29.27,0,30.8,21.1,25.9,24.6,24.4,24.5,2.3,1.9,195,34,8.4,8.1,7.8,6.5,.99,6.7
2016,116,14,25.4,13.1,19.5,57.4,12.7,35.8,1.53,29.93,0,28.4,22.5,25.2,24.7,24.5,24.6,5.2,4.9,270,20,11.4,6.5,8.9,7.7,.77,3
2016,117,14,26.3,7.1,17.5,82.1,16.6,46.8,1.26,29.45,0,28.7,19.9,24.2,24.6,24.3,24.5,1.9,1.2,219,48,7.1,5.2,6.7,5.5,.87,4.8
2016,118,14,27.9,9.9,19.9,89.4,17.8,52.7,1.32,28.9,0,29.3,20.6,24.8,24.4,24.1,24.3,2.1,1.7,218,37,7.7,6.6,6.9,5.7,1.12,8.6
2016,119,14,23.8,13.4,18.5,59.9,28.2,41.1,1.3,28.32,0,27.1,21.2,24.2,24.3,24.2,24.3,4.5,4.2,274,21,11.5,5.8,7.6,6.6,.87,4.9
2016,120,14,28.2,11.1,19.9,79.1,17.8,50.7,1.33,29.08,0,28.8,20.5,24.4,24.2,24,24.1,2.5,2.1,219,33,7.4,7,7.1,6.1,1.11,8.4
2016,121,14,25.9,14.3,19.7,82.6,25.4,52.4,1.18,27.59,0,28.3,21.7,24.7,24.2,24,24.1,3,1.7,286,54,12.9,7.3,6.9,6,1.15,8.9
2016,122,14,29.1,11.2,20.6,90.1,21.6,53.5,1.36,29.65,0,30.5,20.9,25.4,24.2,24,24.1,1,.2,165,71,4.7,7.5,6.5,5.3,1.19,9.5
2016,123,14,32.6,12.2,22.8,89.3,17.2,50.8,1.68,29.19,0,31.8,22.1,26.8,24.4,24.1,24.3,1.1,.3,239,69,5.2,9.2,6.8,5.7,1.27,10.5
2016,124,14,34.4,13.9,24.3,87.1,13.5,46.3,2.03,29.23,0,33.1,23,27.7,24.8,24.4,24.7,1.2,.2,150,75,4.6,10.5,7.2,6,1.23,10
2016,125,14,34.1,13.8,25,83.7,16.3,41.2,2.16,30.02,0,32.8,23.5,28,25.2,24.8,25.1,1.9,1.5,171,37,7.9,10.4,8.1,6.8,1.21,9.6
2016,126,14,28.2,16.5,23,69.9,22.1,40.7,1.74,29.3,0,30.6,24,27.1,25.5,25.2,25.5,4.2,2.5,179,51,9.4,9.6,8.7,7.5,1.13,8.6
2016,127,14,24.2,12.1,18.4,81.1,34.1,58.2,.96,24.41,0,28.3,22.6,25.6,25.6,25.4,25.5,2.1,1.3,231,49,9.8,5.4,5.4,4.7,1.21,9.7
2016,128,14,26.3,10.5,19.4,85.7,26.5,51.9,1.22,30.18,0,30.9,21.4,26,25.4,25.1,25.3,1.4,.8,237,55,5.4,6.1,6.6,5.3,1.11,8.4
2016,129,14,27.5,11.1,20,85.2,21.3,53.8,1.25,30.56,0,30.9,22.3,26.4,25.3,25.1,25.2,1.8,1.3,222,42,6.5,6.8,7,5.8,1.18,9.3
2016,130,14,29.5,11.9,21.1,91.8,23.5,57.5,1.29,30.07,0,31.9,22.4,27,25.4,25.2,25.3,1.4,1.2,198,36,5.7,8,6.8,5.7,1.34,11.3
2016,131,14,31.7,12.5,22.5,86.7,26.7,52.1,1.57,30.04,0,32.3,23,27.5,25.5,25.3,25.5,1.7,1.1,210,49,6.1,9.2,7.3,6.2,1.33,11.1
2016,132,14,34.3,13.4,24.5,86.3,18.6,48.2,1.95,29.58,0,33.8,23.6,28.5,25.8,25.5,25.7,.9,.4,221,58,4,10.2,7,5.7,1.35,11.4
2016,133,14,37,15.7,26.6,90.1,13.2,45.6,2.35,29.9,0,34.8,24.8,29.6,26.2,25.8,26,1,.7,217,44,4.2,11.8,7.5,6.3,1.42,12.1
2016,134,14,37.8,13.6,26.6,87.2,14.8,46.2,2.3,29.81,0,35,25.1,30,26.6,26.2,26.5,1.3,.9,213,47,5.3,11,7.7,6.6,1.48,12.7
2016,135,14,34.5,17.7,26.2,71,18.3,43.7,2.14,28.09,0,33.4,26.5,29.9,27,26.6,26.9,2.7,2.1,170,39,9.2,12.3,8.2,7.5,1.4,11.9
2016,136,14,31.5,18.8,24.5,81,20.1,50.4,1.7,30.46,0,33.5,25.9,29.5,27.2,27,27.1,2.9,2.1,218,43,7.6,12.1,8,7.4,1.46,12.4
2016,137,14,31,14,23.1,84.6,21.9,51.9,1.56,30.25,0,33.6,25,29.1,27.3,27.1,27.2,1.6,1.2,197,38,5.2,9.6,7.1,6.1,1.38,11.7
2016,138,14,31.5,15.1,22.6,90.9,25.2,64.6,1.18,28.06,3.81,33.3,25.5,29,27.3,27.2,27.3,2.2,.7,224,67,9.9,10.3,6.7,6.1,1.67,14.6
2016,139,14,31.4,15,23.5,97.9,27.3,65.6,1.24,28.46,0,33.8,24.1,28.6,27.4,27.1,27.3,1.3,.8,173,48,6.3,10.3,6.4,5.6,1.78,15.7
2016,140,14,35.4,16.4,26.3,89.2,14.7,50.4,2.02,28.81,0,34.8,25.2,29.8,27.3,27.1,27.2,1.8,1.3,207,44,6.6,11.8,7.5,6.8,1.59,13.8
2016,141,14,32.9,15.5,25,81.2,18.1,43.9,2.03,29.4,0,33.3,25.6,29.4,27.5,27.2,27.4,2.7,1.9,187,45,8.8,10.9,8.3,7.3,1.3,10.5
2016,142,14,28.3,12.2,21.1,79.2,16.2,38.4,1.7,29.94,0,32,24.5,28.2,27.6,27.4,27.5,2.2,1.4,274,47,7.6,7.5,7.5,6.4,.89,5.2
2016,143,14,29.3,9.7,20.7,84.9,13.9,42.4,1.63,30.53,0,32.4,23.6,27.8,27.5,27.2,27.4,1.4,.5,230,66,5.2,7.2,7.2,5.8,.94,6
2016,144,14,30,11.7,21.8,77.9,12.3,41.9,1.75,30.49,0,32.1,23.6,27.8,27.3,27.1,27.2,1.6,1.1,210,44,5.8,8.2,7.3,6.1,1.01,7
2016,145,14,28.5,11.8,21,70,17.1,38.7,1.68,31.21,0,30.7,23.8,27.2,27.2,27,27.2,2.7,2.4,260,29,8.1,7.5,8.1,6.9,.91,5.6
2016,146,14,28,10.2,20.3,87.1,16.4,45.8,1.52,30.98,0,30.6,23.2,26.9,27.1,26.9,27,2.7,2.1,263,37,9.5,6.7,7.9,6.6,.98,6.6
2016,147,14,31,11,21.3,82.8,16.1,48.6,1.57,30.39,0,31.7,23.2,27.3,27,26.7,26.9,1.7,1.3,219,40,6.9,8.3,7.2,6.2,1.13,8.7
2016,148,14,33.7,14,23.9,86.6,14,48.3,1.87,29.92,0,32.8,24.1,28.3,26.9,26.8,26.8,1.2,.8,196,47,6,10.4,7.3,6.2,1.3,10.8
2016,149,14,33.7,12.6,24.2,84.4,14.5,40.3,2.18,30.44,0,32.8,24.5,28.6,27.1,26.9,27,1.9,1.4,172,41,8.4,9.7,8.2,6.9,1.08,7.9
2016,150,14,32.8,13,23.8,80.1,12.7,38.6,2.1,31.37,0,32.4,24.5,28.3,27.3,27.1,27.2,1.9,1.4,177,41,8,9.7,8.3,7,1.03,7.3
2016,151,14,35.2,13.6,24.7,78.3,14.9,43.1,2.12,30.36,0,33.6,24.6,28.9,27.4,27.2,27.3,1.3,.7,208,57,5.5,10.5,7.5,6.5,1.22,9.9
2016,152,14,37.4,14.8,26.5,82.7,13.7,39.8,2.51,29.82,0,33.9,25.6,29.6,27.5,27.3,27.5,1.7,1.3,199,38,7.2,11.5,8.1,7.2,1.21,9.7
2016,153,14,37.7,15.6,27.6,78.2,13.3,34.9,2.84,30.35,0,33.8,26.1,29.9,27.8,27.5,27.7,2.3,1.5,195,47,7.8,11.8,9.1,8.1,1.14,8.9
2016,154,14,42.3,15.8,29.5,79.7,9.7,36.7,3.29,30.3,0,35.2,26.2,30.6,28,27.8,27.9,1.4,.9,204,48,5.4,12.5,8.5,7.6,1.29,10.6
2016,155,14,45.4,17.6,32.2,81.9,6.4,33.2,4.26,30.06,0,36.6,27.4,31.9,28.4,28,28.3,1.1,.6,256,55,6.3,13.6,8.6,7.4,1.18,8.8
2016,156,14,45.9,19.6,34.4,60.1,5.9,22.9,5.06,30.37,0,36.8,28.3,32.6,28.9,28.4,28.7,1.7,.9,256,57,6.9,14.4,9.7,8.6,.97,6.1
2016,157,14,43.7,19.6,33.4,58.6,6.1,22.5,4.6,31.51,0,36.7,28.7,32.8,29.4,28.9,29.2,2,1.1,223,55,6.7,14.2,10.1,9.1,.96,5.9
2016,158,14,41.7,18,31.4,66.8,6.1,26.1,3.98,32.2,0,36.7,29,32.9,29.7,29.3,29.6,1.9,1.1,224,54,6,13.4,9.8,8.7,.98,6.1
2016,159,14,39.7,21.2,30.5,60.6,14.5,33.2,3.26,30.77,0,36.1,29.3,32.6,29.9,29.7,29.8,2.7,2.2,179,34,8.3,14.5,9.7,9.2,1.34,11.2
2016,160,14,39.7,17.7,29.2,87.2,17.9,42.6,2.76,29.05,0,35.7,28.6,32.2,30.1,29.9,30,2.4,1.8,194,41,6.9,13,8.6,8.3,1.58,13.7
2016,161,14,38.3,23.3,30.2,69.9,18.8,39.8,2.85,31.13,0,35.8,29.2,32.4,30.1,30,30,3.4,3.2,164,21,9.5,15.3,10,9.6,1.61,13.9
2016,162,14,35.1,21.4,28,74.4,28.9,48.3,2.08,16.11,0,33,29.3,31.1,30.2,30,30.1,3,2.7,154,25,9.4,14.1,5.3,6.3,1.77,15.5
2016,163,14,35.3,18,27.4,86.8,22.2,46.7,2.23,30.12,0,34,27.5,30.5,30.1,29.7,29.9,3.6,3.2,158,26,10.2,12.6,9.5,8.5,1.58,13.7
2016,164,14,36.9,17.4,27.8,80.7,13.4,39.5,2.58,30.47,0,34.8,27.2,30.8,29.8,29.6,29.7,2.4,1.9,167,37,7.2,12.5,8.9,8.1,1.33,10.8
2016,165,14,37.2,17,27.5,76.8,10.9,33.8,2.85,30.81,0,35.3,27.3,31.2,29.8,29.6,29.7,1.4,.9,208,46,5.5,12.4,8.3,7.1,1.07,7.6
2016,166,14,38.3,16.5,27.6,77.5,10,34.3,2.99,31.61,0,35.2,27.4,31.3,29.8,29.6,29.8,1.9,1.5,192,38,6.7,12.4,9.1,8,1.04,7.3
2016,167,14,38.3,17.7,28.9,70,10.4,29.4,3.28,31.44,0,35.3,27.6,31.5,29.9,29.7,29.8,2.3,1.6,231,43,7.3,12.9,9.5,8.6,.97,6.1
2016,168,14,38.3,15.7,28.2,65.6,10.4,28.2,3.23,31.37,0,35.7,27.4,31.6,30,29.8,29.9,1.2,.5,202,62,5.7,12,8.5,7,.91,5.4
2016,169,14,40.8,16.9,29.3,83.2,8.9,35.8,3.28,31,0,36.3,28.1,32.1,30.1,29.9,30,1.3,.9,200,47,5.3,12.8,8.5,7.4,1.18,9
2016,170,14,44.5,16.3,32.1,79.4,6.8,28.8,4.34,30.72,0,37.4,28.2,32.8,30.3,30,30.2,1.3,.4,271,68,4.5,13,8.9,7.6,1.01,6.6
2016,171,14,48.7,20.6,36.7,72.5,6.2,24.3,5.8,30.25,0,38.7,30,34.3,30.6,30.2,30.5,1.4,.9,330,48,6.4,14.9,9.7,8.4,1.11,8
2016,172,14,42.2,23.6,33.8,57.8,17.9,29.5,4.01,29.7,0,37.3,31.3,34.3,31.1,30.6,30.9,3.9,3.7,171,18,9.4,15.6,11,11,1.49,12.9
2016,173,14,41.7,27.3,33.7,42.9,12,25.9,4.07,23,0,36.3,31.8,33.9,31.3,31.1,31.3,3.2,2.6,184,37,9.5,16.8,8.6,9.6,1.3,10.8
2016,174,14,44.5,21.8,34,60,11,28.1,4.4,29.36,0,38.1,30.3,34.2,31.4,31.3,31.4,1.9,1.4,220,44,6.7,15,9.3,8.7,1.32,10.9
2016,175,14,43.7,21.9,33.2,67.3,10.4,33,3.99,30.44,0,38.1,30.9,34.5,31.6,31.4,31.5,2.2,1.6,164,41,8.2,15,9.8,9.1,1.44,12.3
2016,176,14,42.4,21.2,32.6,75.4,14.4,34.6,3.71,30.12,0,37.7,30.7,34.2,31.8,31.6,31.7,2.9,2.3,170,38,8.8,14.8,10,9.8,1.52,12.9
2016,177,14,41.6,21.4,33.1,60.8,13.7,27.8,4.02,30.36,0,37.8,30.7,34.3,31.9,31.7,31.8,2.4,1.5,189,50,8.4,14.8,9.9,9.1,1.3,10.8
2016,178,14,42.3,23.3,33,57.3,16.1,31.5,3.79,26.97,0,37.7,31.1,34.3,32,31.8,31.9,2.3,1.8,200,37,8.7,15.5,8.8,8.6,1.5,13
2016,179,14,44.5,24.9,35.6,56.8,11.9,28.2,4.61,27.87,0,39.2,32,35.5,32.2,31.9,32.1,1.6,1.1,228,45,6.1,16.1,8.7,8,1.48,12.7
2016,180,14,45.3,25.3,35.8,66.5,12.1,30.8,4.59,29.34,0,39.8,32.8,36.2,32.5,32.2,32.4,2.4,1.9,199,37,6.7,16.2,9.7,9.5,1.61,13.9
2016,181,14,38.8,26.7,33.3,61.5,25.1,41,3.1,17.04,0,36.8,33.4,35,32.8,32.5,32.7,3.7,3.3,178,26,11.8,16.5,6.4,7.8,2.09,17.9
2016,182,14,40.8,27.1,33.9,66.4,25.9,44.7,3.15,26.26,0,39.3,32.7,35.7,32.8,32.7,32.7,2.5,1.8,168,44,8.7,16.6,8,8.3,2.27,19.4
2016,183,14,40.9,27.1,33.8,64.5,25.6,40.4,3.35,28.5,0,39.7,33,36.2,33,32.7,32.9,2.5,1.8,181,44,9.2,16.7,8.9,8.7,2.05,17.9
2016,184,14,41.2,24.5,33.7,67.3,17.8,33.8,3.77,29.11,0,39,32.5,35.7,33.2,33,33.1,2.7,2.3,165,31,8.8,15.9,9.7,9.2,1.65,14.4
2016,185,14,41.5,25.3,33.6,55.5,18.5,34.2,3.72,29.51,0,39,32.3,35.5,33.3,33.1,33.2,2.6,2.2,180,32,8.8,16.1,9.7,9.2,1.68,14.7
2016,186,14,43.1,22,33.3,74.1,12.3,33.5,4.01,29.28,0,39.3,31.9,35.5,33.3,33.2,33.2,1.7,1.3,214,39,6.3,15.1,8.9,8.2,1.47,12.4
2016,187,14,44,21,33.6,75.3,8.5,31,4.22,29.72,0,39.1,31.8,35.5,33.4,33.2,33.3,2.2,1.8,202,35,7.3,14.7,9.5,9.2,1.34,10.7
2016,188,14,38.3,26.3,32.3,74,20.5,41.2,3.05,29.23,0,38.1,32.9,35.4,33.5,33.2,33.4,4.5,4.2,165,23,10.3,16.3,10.3,10.3,1.9,16.3
2016,189,14,44.2,22.4,32.5,81.2,11.8,36.8,3.51,30.03,0,38.3,31.7,34.8,33.5,33.2,33.3,3.5,3.1,163,25,9.5,15.3,10.3,10.9,1.58,13.1
2016,190,14,42.5,22.5,32.5,57,10.6,27,4.01,30.68,0,38.5,31,34.7,33.4,33.1,33.3,2.4,1.2,184,57,7.2,15.2,10,9.4,1.19,9.4
2016,191,14,43.8,21.8,34,66.4,8,26,4.47,30.17,0,39.7,31.2,35.4,33.3,33.1,33.2,1.4,.8,221,53,6.3,15,9,7.8,1.19,9.2
2016,192,14,43.8,23.2,34.7,57.8,8.9,23,4.78,31.33,0,38.9,31.9,35.5,33.4,33.2,33.3,3,2.4,255,36,8.7,15.5,11.1,10.7,1.07,7.6
2016,193,14,41.4,19.3,32.2,55.1,5.8,19.3,4.32,32.31,0,38.8,31.2,35.1,33.5,33.3,33.4,1.9,1.4,227,42,7.2,13.8,10,8.7,.78,2.6
2016,194,14,42.2,20.4,32.8,74,8.6,31.9,3.87,31.1,0,39.2,31.2,35.2,33.5,33.3,33.4,2.7,2.1,179,39,9.4,14.4,10,9.7,1.39,11.5
2016,195,14,42.1,22.4,32.7,61.2,12.9,32,3.74,30.81,0,38.8,31.5,35.2,33.5,33.3,33.4,2.5,1.4,170,53,10.5,15.2,9.9,9.3,1.47,12.6
2016,196,14,44.1,20.7,33.3,78,11.9,37.3,3.82,29.51,0,39.4,31.5,35.4,33.5,33.4,33.5,2,1.2,205,51,6.9,14.7,9.1,8.7,1.68,14.6
2016,197,14,44.4,26.2,35.1,57.8,13.4,30.7,4.3,29.45,0,39.8,32.8,36.1,33.6,33.4,33.5,3.1,2.6,190,34,8.4,16.5,10.3,10.4,1.6,13.8
2016,198,14,43.1,27.1,34.8,64.4,13,33.9,4,27.24,0,39.7,33.5,36.2,33.8,33.6,33.7,4,3.4,180,31,12.9,16.7,9.9,10.9,1.76,15
2016,199,14,39.7,24.5,32.7,68.3,18.4,35.3,3.43,21.86,0,37.5,32.7,35,33.9,33.8,33.8,3.7,3.1,164,31,11.1,15.7,8.5,9,1.68,14.6
2016,200,14,42.6,23.5,33.9,73.6,12.7,34.6,3.94,28.9,0,39.2,32,35.5,33.8,33.6,33.7,2.3,1.5,196,49,8.4,15.6,9.4,8.8,1.61,13.8
2016,201,14,43.2,24.9,34.8,59.1,13.6,26.7,4.45,29.15,0,39.6,32.5,36,33.8,33.7,33.8,2.4,1.4,186,52,8.4,16,9.8,9.1,1.39,11.8
2016,202,14,44,25.4,35.4,59.4,14.7,31,4.42,28.33,0,40.6,32.8,36.7,34,33.8,33.9,1.5,.7,236,58,6.3,16.3,8.6,7.7,1.62,14.2
2016,203,14,46.1,25.9,36.9,69.5,12.2,30.3,4.94,27.73,0,41.4,33.8,37.5,34.2,33.9,34.1,1.2,.8,233,48,5.5,16.4,8.5,7.4,1.65,14.3
2016,204,14,45.9,26.2,36.6,65.5,13.5,30.7,4.73,27.01,0,40.8,34.3,37.5,34.5,34.2,34.4,2.5,2,209,36,7.4,16.5,9.4,9.4,1.7,14.9
2016,205,14,43.6,26.3,35.1,65.8,19.6,38.8,3.76,26.38,0,40.1,34.4,37,34.7,34.5,34.6,4.3,3.9,168,23,15.4,16.5,10.1,10.9,2.09,18
2016,206,14,42.2,26.7,34,66.2,20,43.7,3.23,25.62,0,39.2,34,36.5,34.8,34.6,34.7,4.9,4.5,167,24,14,16.6,9.7,10.8,2.23,19.1
2016,207,14,42.9,27.1,34.9,68.9,17.8,41.6,3.63,28,0,40.7,33.7,37,34.7,34.5,34.6,2.9,2.5,188,31,8.4,16.7,9,9.4,2.14,18.4
2016,208,14,42.9,27.6,35.3,70,20.8,41.8,3.66,27.85,0,40.6,34.6,37.5,34.8,34.6,34.7,2.9,2.3,194,36,10.6,16.8,9.2,9.3,2.23,19.1
2016,209,14,45.1,27.2,37.1,58.5,17.8,31.4,4.67,27.43,0,40.9,34.3,37.6,34.9,34.8,34.9,2.8,2.3,199,34,8.5,16.7,9.8,9.7,1.87,16.4
2016,210,14,43.7,28.5,36.1,52.7,18.9,33.9,4.16,24.07,0,40.2,34.8,37.4,35.1,34.9,35,3.4,3,190,30,9.7,17.1,9.3,9.8,1.96,17.2
2016,211,14,42.6,28.9,35.2,78,25.8,45.5,3.37,25.66,0,40.3,34.7,37.3,35.2,35,35.1,4.5,3.9,172,30,17.4,17.1,9.5,10.4,2.47,20.8
2016,212,14,37.1,25.6,31.5,92.6,34,56.8,2.15,21.15,9.14,37.2,33.2,35.2,35.2,34.9,35.1,4,2.7,195,46,13.2,16,7.3,7.4,2.54,21.2
2016,213,14,39.1,27.3,32.6,82.3,32.6,54.6,2.46,26.5,0,39.3,32,35.3,35,34.5,34.7,4.7,4.4,170,21,9.1,16.7,8.8,9.4,2.56,21.4
2016,214,14,39.7,27.8,33.6,76,28.7,48.2,2.92,26.12,0,39.8,32.8,36,34.6,34.4,34.5,3.8,3.4,177,28,10.4,16.9,8.6,9.1,2.38,20.2
2016,215,14,40.5,29.1,33.9,56.9,25.3,39.6,3.36,23.44,0,39.8,33.6,36.4,34.6,34.4,34.5,3,2.4,174,36,8.2,17.2,8,8.6,2.04,17.8
2016,216,14,40.9,26.3,34.1,66.2,22.5,39.2,3.52,26.77,0,39.4,33.1,36.1,34.7,34.5,34.6,3.1,2.7,169,29,8.5,16.4,9.3,9,1.99,17.3
2016,217,14,41.6,27.7,34.7,58.2,18.1,33.4,3.95,26.18,0,39.9,33.2,36.4,34.7,34.6,34.6,2.1,1.3,185,51,9.4,16.8,8.4,8.1,1.73,15.1
2016,218,14,42.9,26.6,34.7,64.3,15.7,33.3,4.06,26.37,0,40.1,33.4,36.7,34.8,34.6,34.7,2,1.4,176,45,8.2,16.6,8.8,8.1,1.68,14.5
2016,219,14,43.6,25.9,35.1,61.5,15.4,30.8,4.3,27.41,0,40.2,33.2,36.6,34.9,34.8,34.8,1.9,1.3,206,47,7.7,16.3,8.9,8.1,1.61,14
2016,220,14,44.5,24.5,34.3,67.3,10.6,29.5,4.35,28.19,0,39.9,33,36.4,35,34.8,34.9,2,1.4,191,46,8.9,16,9.3,8.5,1.39,11.5
2016,221,14,43.8,23.5,34,59.3,8.8,28.5,4.25,28.64,0,38.5,32.3,35.5,35,34.8,34.9,3.6,2.9,167,38,10.6,15.6,11,10.9,1.38,11.1
2016,222,14,39.5,28.9,33.2,80.5,28.2,53.8,2.56,25.72,0,38,33.6,35.6,34.9,34.7,34.8,6.4,6.2,156,14,13.3,17.1,9.8,10.6,2.63,21.7
2016,223,14,38.9,28.6,32.9,75.5,33.6,56.4,2.36,25.7,0,38.2,33.4,35.6,34.8,34.6,34.7,5.8,5.6,151,16,10.3,17,9,9.8,2.72,22.4
2016,224,14,39.4,28.3,33.2,74,32.4,52.5,2.62,25.62,0,39,33.3,35.9,34.7,34.5,34.6,4,3.5,166,30,8.7,17,8.3,8.9,2.58,21.5
2016,225,14,40.7,26.8,34,75.1,27.8,47.7,3.06,24.95,0,39.4,33.3,36.2,34.7,34.6,34.6,2.5,2.1,198,33,7.6,16.6,7.8,7.8,2.4,20.4
2016,226,14,44,27,35.3,74.5,14.3,40.8,3.83,24.7,0,40.2,33.6,36.8,34.8,34.6,34.7,2,1.5,229,38,6.9,16.7,7.8,7.8,2.12,18.1
2016,227,14,44,29.4,36.1,66.2,19.9,39.2,3.94,25.02,0,40.4,34.2,37,35,34.7,34.9,3.4,2.9,176,30,9.5,17.2,8.8,9.7,2.22,19.1
2016,228,14,45.1,28,36.6,66.1,13.7,36.7,4.37,24.81,0,40.8,34.4,37.4,35.1,34.9,35.1,2.1,1.4,204,48,7,17,8.2,8.2,2.03,17.5
2016,229,14,45.7,26.5,36,70.2,10.3,35.8,4.29,24.44,0,40.7,34.4,37.3,35.3,35.1,35.2,2.1,1.6,193,40,6.1,16.6,8,8.2,1.91,16.5
2016,230,14,41,25.7,33.6,77.1,25.1,45.8,3.08,23.47,0,39.5,34.1,36.8,35.4,35.2,35.3,3.1,2.3,174,40,9.4,16.2,8.1,8.1,2.29,19.7
2016,231,14,40.4,28,34.3,68.5,19.4,37,3.57,22.92,0,39.5,34.1,36.5,35.4,35.2,35.3,3.4,1.8,150,55,12.1,16.9,8.6,8.8,1.96,17.1
2016,232,14,40.1,25.9,33.2,63.2,25,41.1,3.13,24.15,0,39.9,33.3,36.4,35.3,35.1,35.2,2.6,1.1,198,62,10.6,16.2,7.7,7.8,2.06,17.9
2016,233,14,39.4,26.2,32.7,74.1,24.9,48.8,2.72,24.31,0,39.4,33.7,36.4,35.3,35.1,35.2,3.4,2.4,187,43,13.2,16.4,7.8,8.2,2.32,19.8
2016,234,14,38.4,25.6,31.5,72.9,20.9,43.8,2.78,21.1,0,38.4,33.3,35.7,35.2,35,35.2,2.8,.8,116,68,12.4,16.1,6.8,7.3,1.94,16.8
2016,235,14,39.5,25.7,32.8,84.2,14.7,49.6,2.82,23.77,0,38.9,33,35.8,35.1,34.9,35,2.2,1.8,204,35,6.8,16.2,7.3,7,2.28,19.3
2016,236,14,39.8,23.9,32.3,87.4,17.1,46.8,2.98,23.79,0,39.3,32.9,36,35,34.8,34.9,1.3,.4,192,66,5.8,15.5,6.6,6.1,2.04,17.4
2016,237,14,41.1,24.3,32.8,82.6,16,43.7,3.17,23.74,0,38.6,33,35.7,35,34.8,34.9,2.8,2.4,189,32,8.4,15.8,8,8.1,2,17.2
2016,238,14,40.5,24,32.2,71.9,19.3,41.9,3.07,23.8,0,37.7,32.2,34.9,35,34.7,34.8,4.1,3.6,163,29,10.9,15.6,8.9,9.3,1.91,16.6
2016,239,14,38.1,26.7,31.9,83.6,20.7,49.3,2.58,21.91,0,37.7,32.8,35,34.8,34.5,34.7,4,3.8,155,20,9.9,16.4,7.6,8.3,2.23,18.6
2016,240,14,38.8,20.8,30.4,77.2,13.5,35.4,3.1,24.19,0,38.1,31.1,34.4,34.6,34.3,34.5,2.1,.4,117,73,7.6,14.2,7.4,7.1,1.42,11.7
2016,241,14,40,19.8,30.8,74.3,12.6,30.7,3.51,24.13,0,37.7,30.6,34.1,34.5,34.2,34.3,1.4,.8,239,53,5.8,13.9,7.2,6.3,1.19,9.3
2016,242,14,43.3,23.2,33.8,71.8,11.7,28.8,4.26,23.55,0,38.6,31.3,34.8,34.3,34.1,34.2,1.5,.2,140,75,6.7,15.5,7.4,6.6,1.33,11.1
2016,243,14,45.3,24.7,34.9,62.4,8.1,27.1,4.64,23.56,0,39.2,32.1,35.5,34.3,34.1,34.2,1.3,.5,138,61,6.7,16.1,7.3,6.4,1.32,10.8
2016,244,14,41.9,26.3,34.2,66.1,20.7,39.1,3.52,22.74,0,38.9,33,35.8,34.4,34.2,34.3,3.3,2.8,169,31,8.3,16.4,8.1,8.6,2.02,17.4
2016,245,14,38.5,27.3,32.6,69.1,29.5,49.2,2.62,19.5,0,38,33.3,35.5,34.5,34.4,34.5,3,2.3,178,39,10.2,16.7,6.6,6.9,2.38,20.3
2016,246,14,39.1,24,32,77.9,21.4,47.8,2.69,22.31,0,38.2,32.4,35.2,34.5,34.4,34.5,2.3,1.8,190,37,8.7,15.6,7,6.7,2.2,18.9
2016,247,14,39.1,23,31.1,78.1,18.4,41.8,2.88,22.14,0,37.8,31.7,34.6,34.5,34.2,34.4,2.9,2.1,174,41,9.7,15.2,7.5,7.5,1.8,15.7
2016,248,14,37,17.1,28.5,69,8.9,25.8,3.2,23.85,0,36.1,30,33.2,34.4,34,34.2,2.2,1.5,246,46,8.2,12.5,7.7,7,.89,5.2
2016,249,14,36.7,16.7,27.3,72.9,7,26.7,3.05,24.36,0,36,29.1,32.4,34,33.6,33.9,1.5,.7,244,59,5.4,12.2,7.1,5.9,.81,3.3
2016,250,14,36.7,17.5,28.5,76.6,27.1,45.2,2.35,21.85,0,35.1,28.8,32,33.7,33.2,33.5,3.6,2.9,151,37,11.2,12.6,7.3,7.3,1.76,14.8
2016,251,14,36.2,25.7,30.1,82.9,31.1,58.9,1.89,15.29,0,35.3,31.2,33,33.3,33.1,33.2,2.7,2.2,141,33,7.5,16,4.5,5.5,2.44,20.5
2016,252,14,37.7,23.5,30.8,86.8,25.9,52.6,2.37,21.4,0,36.6,30.9,33.5,33.2,33,33.1,2.5,1.7,184,43,7.8,15.3,6.3,6.4,2.19,18.7
2016,253,14,40.5,21.5,30.9,82.3,12.7,41.4,3.1,21.61,0,37.2,30.4,33.7,33.2,33.1,33.1,1,.3,222,69,5.7,14.7,5.9,5.2,1.61,13.6
2016,254,14,42.3,20.2,32,78.3,11.5,35,3.69,21.41,0,37.1,30.1,33.6,33.3,33.1,33.2,1.5,.9,198,48,6.1,14.3,6.7,6.1,1.41,11.7
2016,255,14,40.5,22.3,32,73.6,17.3,39.5,3.2,21.08,0,37.1,30.7,33.8,33.3,33.1,33.2,2.4,1.9,191,40,9.5,15,6.9,7.1,1.77,15.4
2016,256,14,40.1,25,31.9,85.9,14.5,42.4,3.03,21.08,0,36.5,31.5,33.9,33.3,33.2,33.3,3.6,2.9,201,35,10.6,16,7.6,8.4,1.85,15.1
2016,257,14,33.9,22.2,27.5,58.3,21,34.5,2.49,14.93,0,33.8,30.5,32.1,33.3,33.1,33.3,2.3,1.8,270,39,8.2,14.3,5,5.6,1.25,10.2
2016,258,14,35.3,18.6,27,64.3,10.6,31.7,2.74,22.27,0,34.7,28.2,31.3,33.1,32.6,32.9,1.8,1.2,291,49,5.9,12.8,6.5,5.9,.99,6.3
2016,259,14,36.7,15.9,26.7,77.9,7.7,29.9,2.89,21.97,0,34.6,27.5,30.9,32.7,32.3,32.5,1.2,.5,227,61,5.3,11.9,6.2,5.1,.86,4.3
2016,260,14,38.9,16.2,27.9,79.2,9.2,29.8,3.12,21.12,0,34.9,27.3,30.9,32.3,32,32.2,1.3,.5,350,64,6.9,12.3,6,5.4,.93,5.7
2016,261,14,39.9,17.6,28.3,75,9.5,35,3.02,20.99,0,35,27.9,31.3,32.1,31.9,32,1.5,.5,55,66,6.5,13,6.2,5.8,1.14,8.6
2016,262,14,42.7,17.7,30.7,81.2,7.8,32.2,3.72,21.02,0,35.5,28.1,31.6,32,31.8,31.9,1.7,.9,23,56,6.6,13.3,6.6,6.4,1.11,8
2016,263,14,35.8,20,27.8,77.1,17.2,47.1,2.14,8.4,0,32.2,29,30.6,32,31.8,31.9,2.9,1.8,212,50,9.2,13.6,3.7,5.1,1.71,14.9
2016,264,14,28.5,21.6,24.8,90.8,46,73.5,.86,8.65,2.29,30,28.4,29.1,31.8,31.4,31.7,2.7,2.1,347,38,7.1,12.3,2.1,3,2.29,19.6
2016,265,14,32.6,22,26.3,92,46.3,73.4,1.01,11.41,0,32,27.6,29.4,31.4,30.9,31.2,1.9,.7,81,65,7.9,14,2.7,3.4,2.46,20.8
2016,266,14,35.4,22.6,28.4,95.2,9.1,50.8,2.15,20.42,0,34,28.3,30.7,30.9,30.8,30.9,3,2.3,242,38,8.2,14.7,6.6,6.5,1.82,14
2016,267,14,31.5,14.9,23.8,70.7,9.1,26.2,2.4,23.57,0,31.8,26,28.9,31,30.7,30.9,2.5,2,349,36,10.6,10.2,7.5,6.3,.68,.9
2016,268,14,35.1,13.1,24.7,78.3,9.6,31.4,2.6,22.93,0,32,24.7,28.2,30.7,30.3,30.5,1.8,1.2,341,46,7.3,10.3,6.8,5.7,.8,3.4
2016,269,14,36.8,16.7,27.4,59.6,10.5,25.3,3.04,22.95,0,32,25.5,28.6,30.3,30,30.2,3.1,2.5,360,35,10.5,12.2,8.3,7.7,.83,4.2
2016,270,14,37.3,21.5,29.2,47,16.8,26.6,3.1,17.98,0,31.8,26.5,29.1,30.1,30,30.1,4.1,3.4,73,32,11.4,14.4,7.8,8.6,1.06,7.7
2016,271,14,33.9,20.8,27.7,72,22.8,35.9,2.48,17.54,0,32.3,27.6,29.7,30.1,30,30,2.7,2.3,78,32,9.1,13.6,6,6,1.29,10.7
2016,272,14,36.7,19.6,28,71.8,19.7,40.7,2.49,21.31,0,33.6,26.9,29.9,30.1,30,30,1.8,.7,10,64,5.9,13.6,6,5.6,1.44,12.4
2016,273,14,36,21.3,28.1,78.5,22.2,47.4,2.26,16.14,0,33.4,27.9,30.2,30.2,30,30.1,1.1,.3,298,67,4,14.2,4.2,4,1.68,14.7
2016,274,14,37.8,21.2,29.9,78.8,18.7,44,2.71,20.49,0,34.7,28.1,31.2,30.3,30.1,30.2,1.3,.6,214,59,5.8,14.3,5.8,4.9,1.69,14.7
2016,275,14,36.6,20.6,28.9,82.2,20.2,49.1,2.34,20.74,0,34.4,28.3,31.3,30.5,30.2,30.4,1.8,1,211,53,8.1,13.9,6,5.3,1.8,15.8
2016,276,14,35.4,18.9,27.7,85.5,8.3,39.4,2.55,21.19,0,33.5,28.1,30.7,30.6,30.5,30.6,2.1,1.5,251,44,7.2,13,6.6,5.7,1.31,9.1
2016,277,14,30.2,12,21.8,75.3,10.2,34.4,1.93,21.99,0,31.4,25.5,28.5,30.6,30.3,30.5,1.7,.9,337,57,8.1,8.4,6,4.8,.81,3.5
2016,278,14,31.7,12.8,22.7,79.1,13.3,39,1.97,21.31,0,31.4,24.6,27.9,30.3,29.8,30.1,1.3,.3,170,70,5.1,9.3,5.4,4.3,.96,6.1
2016,279,14,30.6,15.9,22.8,85.6,15.5,51.3,1.52,18.97,0,31.1,25.3,28,29.9,29.6,29.7,1.3,.5,259,63,5.6,10.4,4.6,3.9,1.36,11.4
2016,280,14,33.9,13.1,23.3,89,10.2,39.5,2.13,21.26,0,31,24.3,27.4,29.6,29.3,29.5,1.6,.7,355,61,7.2,10,5.8,4.9,.94,5.4
2016,281,14,34.6,13.6,24.1,79.6,9.2,33,2.4,20.4,0,30.4,23.9,27,29.3,29,29.2,1.9,1,358,54,7.9,10.4,6.1,5.3,.82,3.7
2016,282,14,35.6,16.2,25.5,76.5,11.4,41,2.25,19.82,0,31.9,24.6,27.9,29,28.8,28.9,1,.1,88,76,4.6,11.8,5.1,4,1.23,9.7
2016,283,14,34.3,16,25.8,82.5,13.4,43.8,2.13,19.76,0,31.8,25.3,28.4,29,28.8,28.9,1.2,.6,207,59,5.4,11.4,5.2,4.1,1.37,11.6
2016,284,14,34.9,16.8,25.9,88,15.5,50.9,1.96,19.77,0,31.8,25.5,28.6,29,28.9,28.9,1.2,.9,188,45,6.2,11.9,5.2,4.2,1.56,13.5
2016,285,14,35.3,17.6,25.7,84.9,17.4,50.8,1.9,19.34,0,32.3,25.7,28.8,29,28.9,29,1.1,.4,204,66,4,12.4,4.8,4.1,1.56,13.6
2016,286,14,34.8,15.8,25.2,88.4,11.3,50,1.95,19.21,0,32.1,25.5,28.6,29.1,28.9,29,1.2,.4,222,68,4.8,11.5,4.8,4.1,1.44,12.1
2016,287,14,35.6,14.3,25,83.4,14,44.7,2.1,19.01,0,31.8,25.1,28.3,29,28.9,29,1,.3,208,68,3.6,10.9,4.7,3.9,1.27,10.3
2016,288,14,34.9,14.4,24.6,86.6,13.3,47.8,2.03,19.01,0,31.3,24.8,28,29,28.8,28.9,1.2,.6,206,58,6,10.8,5,4.1,1.29,10.6
2016,289,14,35.1,15,24.7,92,11.6,53.6,1.85,19.11,0,31,24.8,27.8,28.9,28.6,28.8,1.5,1,202,47,5.2,11.2,5,4.4,1.46,12.3
2016,290,14,33.3,15.6,24.8,93.6,22.9,55,1.73,18.38,0,31.1,25,28,28.7,28.5,28.6,1.5,.9,236,50,5.1,11.1,4.8,4.1,1.57,13.5
2016,291,14,31.1,15.1,23.6,85.5,28.8,52,1.58,18.18,0,30,25.1,27.5,28.7,28.5,28.6,2.2,1.4,270,49,7.8,10.2,5,4.4,1.43,12.3
2016,292,14,32.9,14.4,23.2,87.9,17.7,52,1.67,18.11,0,30.4,24.2,27.1,28.5,28.3,28.4,1.2,.4,1,65,6,10.4,4.5,3.7,1.34,11.2
2016,293,14,33.4,14.6,24,83.9,11.4,36.4,2.29,18.27,0,29,23.8,26.3,28.4,28.1,28.2,2.8,2.2,357,35,9.4,10.6,6.4,5.8,.89,4.5
2016,294,14,33.7,16.7,24.9,57.6,8.2,22.7,2.67,18.65,0,28.6,23.3,25.8,28.1,27.8,28,2.9,2.2,342,39,9.1,11.7,6.9,6.3,.63,.1
2016,295,14,37.5,15.9,25.5,67.8,13.5,32.5,2.55,17.63,0,29.7,23,26,27.8,27.5,27.7,1.7,.9,25,54,6.3,12,5.4,4.9,.98,6.2
2016,296,14,35.2,15.2,24.5,76.5,16.8,47.2,1.93,17.34,0,29.9,23.9,26.8,27.6,27.5,27.6,1.2,.4,200,66,4.9,11.3,4.5,3.8,1.35,11.4
2016,297,14,35.3,16,25.2,84.3,27,54.3,1.67,15.91,0,29.9,24,26.9,27.6,27.5,27.6,1.6,.7,197,59,7.8,11.7,4.2,4,1.71,14.7
2016,298,14,32.7,18,24.5,88.4,37.1,68,1.15,9.59,0,28.8,25,26.9,27.6,27.5,27.6,1.1,.2,341,73,8.3,12.1,2.1,2.6,2.03,17.7
2016,299,14,32,18,24.8,91.7,31.8,61,1.41,16.41,0,30.4,24.8,27.3,27.6,27.5,27.6,1.7,1,323,50,6.1,11.9,4,3.7,1.82,16
2016,300,14,34.1,16.2,24.6,91.5,26,60.9,1.5,16.32,0,30.7,24.6,27.5,27.6,27.5,27.6,1.1,.2,275,72,5.2,11.5,3.8,3.3,1.76,15.4
2016,301,14,34.6,17.2,24.9,90.5,26.1,60.4,1.49,13.08,0,30,24.9,27.3,27.7,27.5,27.6,.8,.3,192,61,3,12.1,2.9,2.8,1.8,15.8
2016,302,14,34.1,18.3,25.5,86.4,22,54.6,1.71,13.92,0,30.3,25,27.5,27.7,27.6,27.6,1.1,.4,220,65,5.2,12.5,3.6,3.2,1.67,14.6
2016,303,14,35.5,19,26,89.8,17.2,54.5,1.82,16.24,0,31.5,25.3,28.1,27.7,27.6,27.7,.7,.1,158,74,4.4,13.1,3.9,3.1,1.69,14.7
2016,304,14,34.1,17.6,25.3,87,26.5,53.4,1.72,12.97,0,29.6,25.1,27.4,27.8,27.7,27.8,1.5,.5,271,65,5.8,12.2,3.4,3.5,1.63,14.3
2016,305,14,26.8,16.3,21.5,83.4,24.7,53.4,1.28,15.16,0,28.3,24.5,26.3,27.8,27.6,27.7,2,1.5,263,40,6.3,8.8,3.9,3.4,1.32,10.8
2016,306,14,27.2,10.6,19.2,87,21.6,51.2,1.26,17.56,0,27.9,22,24.9,27.6,27.2,27.5,1.4,.8,226,53,5,6.5,4.1,3.2,1.05,7.6
2016,307,14,27.5,11,19.7,86.8,19,45.7,1.47,17.31,0,26.6,21.4,23.9,27.2,26.7,27,2.4,1.7,346,44,8.7,6.7,5,4.1,.94,6
2016,308,14,31,14.5,22.9,66.3,17.6,37.5,1.91,16.05,0,27.1,21.4,24.1,26.8,26.3,26.6,2.7,1.9,12,43,11.2,9.9,5.2,4.8,1,6.7
2016,309,14,30.5,14.5,21.7,78.3,27.2,55.3,1.33,16.13,0,28.2,22.2,24.9,26.4,26.2,26.3,1.5,.4,359,69,4.4,9.7,3.7,3.3,1.36,11.5
2016,310,14,32.1,12.8,21.5,93.1,21.7,58.2,1.37,16.03,0,28.1,21.9,24.8,26.3,26.1,26.2,1,.5,1,57,4.4,9.4,3.7,2.9,1.36,11.4
2016,311,14,32.9,12.8,21.9,89.4,21.1,55.2,1.51,15.76,0,28.2,21.8,24.8,26.2,26,26.1,.9,.1,314,77,4.6,9.6,3.6,2.8,1.32,11
2016,312,14,33.6,13.6,22,87.3,15.4,52.3,1.56,15.7,0,27.8,21.9,24.6,26.1,25.9,26,1.6,1.1,358,46,6.3,10.2,4,3.8,1.25,10.2
2016,313,14,33.9,14.3,23.7,82.8,16.8,43.1,1.99,15.58,0,27.6,21.7,24.5,26,25.8,25.9,2.1,1.4,37,45,6.5,10.5,4.8,4.4,1.14,8.8
2016,314,14,31.1,16.5,23.6,61.4,13.9,32.4,2.13,15.95,0,27,22.2,24.4,25.9,25.8,25.8,2.9,2.3,59,37,9.6,10.9,5.6,5.1,.89,5.1
2016,315,14,29.8,14.4,21.5,63.3,13.9,32.8,1.88,15,0,26,21.1,23.4,25.8,25.5,25.7,2.6,1.9,48,44,8.9,9.3,5,4.7,.8,3.6
2016,316,14,29.9,13.8,20.9,79.3,20.6,45.3,1.53,15.71,0,26.2,20.8,23.3,25.5,25.3,25.4,2.2,1.6,50,41,6.3,9,4.4,3.9,1.06,7.8
2016,317,14,31.1,13.8,20.5,87.6,21.4,51.7,1.33,14.23,0,26.4,20.7,23.2,25.3,25.1,25.2,1.9,1.5,5,34,6.5,9.5,3.6,3.6,1.19,9.4
2016,318,14,30.5,11.3,20.1,88.3,18.8,52.2,1.43,15.52,0,26.4,20.3,23.1,25.1,24.9,25,1.4,.8,2,55,5.4,8.2,3.9,3.1,1.09,8.2
2016,319,14,32.5,10.2,19.5,89.2,14.4,54.6,1.36,15.52,0,26,19.6,22.6,25,24.7,24.9,1.2,.6,17,59,5.2,8.6,3.7,3.1,1.11,8.4
2016,320,14,33,10.3,19.6,89.4,13.5,51.8,1.42,14.91,0,25.5,19.6,22.4,24.7,24.5,24.6,1.7,1.3,18,40,6.5,8.7,3.8,3.7,1.07,7.8
2016,321,14,27.7,12.4,18.9,90.4,25,59,1.03,9.14,0,24,20.2,22.1,24.5,24.3,24.5,1.1,.3,234,71,5.4,7.2,1.9,2.2,1.24,10
2016,322,14,21.8,6.9,16.5,64.7,11.6,27.7,1.42,15.54,0,23.1,19.4,21.1,24.3,24.1,24.2,3.4,3,352,28,10.2,3.2,5.1,4.2,.5,-3.1
2016,323,14,23.2,4.6,13.3,78.8,11.5,42.1,1.08,15.38,0,22,16.4,19.1,24.1,23.5,23.8,2,1,353,58,7.9,3.5,3.9,3.1,.57,-1.2
2016,324,14,25.1,5.1,14.8,85.8,12.5,43.7,1.13,12.16,0,21,15.8,18.5,23.5,22.9,23.2,1.8,1.1,11,51,6,4.5,3.1,3,.67,1
2016,325,14,20.8,8.1,14.5,89.2,22.1,66.6,.61,6.07,.25,19.6,17.4,18.7,22.9,22.6,22.8,1.5,.5,142,66,6.7,3,1.1,1.7,1.07,7.6
2016,326,14,22,12,17,98.6,33.4,69.8,.66,14.02,.51,21.9,18.1,19.6,22.6,22.3,22.4,2.6,1.9,273,42,9,4.3,3.2,2.5,1.3,10.6
2016,327,14,24.6,7.1,15.1,92.7,26.5,62.3,.82,14.7,0,22.5,16.2,19.2,22.4,22.1,22.3,1.1,.4,355,65,5.2,4.6,2.9,2.1,.99,6.7
2016,328,14,25.1,6.1,15.1,95.3,18.6,57.5,.96,14.7,0,22.2,15.8,18.8,22.1,21.9,22.1,1.3,1,342,40,5.2,4.6,3.2,2.4,.87,4.9
2016,329,14,23.5,6.5,17,84.7,13.7,32.1,1.46,15.29,0,21.2,16.5,18.5,21.9,21.7,21.9,3.9,3.6,345,22,9.1,3.9,5.3,4.7,.55,-1.9
2016,330,14,24.5,5,14.9,81,11.4,37.4,1.23,14.92,0,21,15.3,18,21.7,21.5,21.6,1.9,1.1,2,52,7.2,4.1,3.9,3.1,.57,-1.2
2016,331,14,18.2,5.8,11.9,87.7,33.6,61.8,.58,4.93,0,17.8,15.3,16.7,21.5,21.1,21.4,1.3,.6,258,57,9.9,1.6,.7,1.5,.85,4.5
2016,332,14,19.8,7.7,13.7,97.4,38.2,64.7,.62,11.7,.51,18.9,15.3,17,21.1,20.8,21,3.7,2.7,238,42,12.1,2.4,3,2.7,.98,6.6
2016,333,14,19.6,3,11.2,98.8,36.1,76.3,.43,12.1,0,19.1,13.8,16.5,20.8,20.4,20.6,1,.4,176,65,5.3,1.9,1.8,1.5,.97,6.5
2016,334,14,18.6,5.1,11.5,93.6,17.3,52.9,.74,14.47,0,18.5,13.9,16,20.4,20.1,20.3,2.6,2.1,355,37,10.2,1.7,3.5,2.7,.66,.8
2016,335,14,20,.9,9.2,91.7,16.9,56.2,.67,14.54,0,17.9,12.1,14.9,20.1,19.7,20,1.5,.8,21,53,6.7,2,2.8,2.2,.58,-.7
2016,336,14,19.2,2.9,10.5,91,17.1,52.5,.75,13.89,0,18.3,12.6,15.1,19.7,19.3,19.5,1.5,1.2,5,38,5.4,1.8,2.7,2,.6,-.4
2016,337,14,18.5,6.5,12.4,87,22.5,44.8,.88,11.66,0,17.3,13.9,15.5,19.3,19.1,19.3,3.4,3.1,354,26,11.8,1.8,3.6,3.2,.6,-.6
2016,338,14,19,8.6,14.3,41.7,13.6,22.3,1.29,13.79,0,17.7,14.3,15.7,19.2,19,19.1,5.5,5.2,347,19,12.4,2.2,5.6,5.2,.36,-7.2
2016,339,14,23.4,3.3,12.6,77.6,12.8,37.2,1.07,14.1,0,18.5,12.6,15.4,19.1,18.8,19,1.5,.4,342,68,6,3.5,3.2,2.6,.5,-3.1
2016,340,14,23.2,1.6,11.3,89.2,17.4,56.3,.78,13.09,0,18,12.4,15.2,18.9,18.7,18.8,1.1,.5,8,58,4.8,3.2,2.5,1.9,.68,1.3
2016,341,14,21.5,5,13,88.8,45.3,70.2,.51,11.57,0,18.8,13.6,16,18.7,18.6,18.6,1.5,.8,186,55,4.1,2.9,2,1.8,1.07,7.5
2016,342,14,19.3,5.8,12,99.8,18,63.5,.62,12.05,0,18.1,14.4,16.2,18.7,18.6,18.6,1.9,1.3,350,47,8.4,2,2.6,2.1,.82,3.3
2016,343,14,20.7,2.8,11.1,81.8,14.6,46.9,.87,13.29,0,17.9,12.2,14.9,18.7,18.4,18.6,1.3,.7,5,58,5.4,2.3,2.8,2.1,.54,-1.9
2016,344,14,21.2,4.6,12.3,80.3,19,48.5,.85,10.44,0,17.3,12.9,15,18.5,18.3,18.4,1.8,1.4,18,39,5.6,2.7,2.4,2.4,.65,.6
2016,345,14,25.6,5.1,14.1,83,25.5,54.4,.88,12.49,0,18.8,12.9,15.6,18.3,18.1,18.2,1.3,.7,7,55,6.1,4.6,2.6,2.2,.83,4.1
2016,346,14,24.9,8,15.4,88.1,33,63.8,.79,11.89,0,20.2,14.6,17,18.3,18.1,18.2,.8,0,309,80,5.1,4.8,2.1,1.7,1.07,7.8
2016,347,14,24.9,8,15.8,91.1,38.2,69.3,.69,11.67,0,20.4,14.9,17.5,18.5,18.3,18.4,.6,.2,176,63,2.8,4.8,2,1.5,1.2,9.6
2016,348,14,25.5,7.8,15.8,96.2,39.8,73.4,.63,10.83,0,20.5,15.3,17.8,18.7,18.5,18.6,.6,.1,191,76,2.8,5,1.7,1.4,1.27,10.4
2016,349,14,27.4,8.6,16.5,91.9,28.7,67.1,.82,11.64,0,21,15.5,18,18.9,18.7,18.8,1,.6,34,50,4.3,6.1,2.2,1.9,1.18,9.3
2016,350,14,24.3,7.7,15.4,94.1,36.6,73.4,.58,6.91,.25,19.2,15.4,17.4,19,18.9,18.9,.9,.1,74,78,3.4,4.4,.9,1.4,1.25,10.1
2016,351,14,26.1,12,18.5,92.5,41.5,64.7,.84,10.13,0,20.7,17,18.6,19,18.9,19,3.1,1.4,224,59,10.7,6.4,2.8,3,1.35,11.2
2016,352,14,16.8,3.7,11.6,76.1,13.8,38.4,.9,13.05,0,18.9,15.2,17.3,19.2,19,19.1,3.1,2.5,311,36,13.7,1,3.4,2.9,.5,-3.3
2016,353,14,15.6,-1.2,8.3,74.3,15.2,32.5,.82,13.25,0,15.9,11.5,13.8,19.1,18.6,19,2.8,2.5,346,23,9.3,.5,3.4,2.7,.33,-8.4
2016,354,14,17.3,3.9,12.2,51.5,13.4,19,1.19,13.28,0,15.8,11.8,13.6,18.6,18,18.3,4.9,4.7,351,18,11.8,1.2,5.1,4.5,.26,-11
2016,355,14,20,6.1,13.6,61.8,14.4,30.1,1.15,11.82,0,17,12.8,14.8,18,17.7,17.9,2.2,1.6,2,45,7.4,2.4,3.4,2.9,.45,-4.5
2016,356,14,17,10.8,14.4,94.1,21.6,47.6,.89,5.08,5.59,17,15.3,16,17.8,17.7,17.8,2.5,2.2,19,27,6.8,1.6,1.6,2.4,.76,2.2
2016,357,14,14.4,10.1,12.1,99.6,84.9,94.2,.09,4.95,6.6,16.4,14.3,15.3,17.9,17.8,17.8,1.3,.7,358,53,4.2,.4,.2,.7,1.33,11.2
2016,358,14,19,10.2,14.4,96.2,66.8,86.6,.24,9.53,0,18,13.8,15.8,17.8,17.7,17.8,1.5,.7,84,60,6.2,2.4,1.2,1.2,1.42,12.2
2016,359,14,15,5.2,12.1,94,47.3,77.9,.31,6.29,4.06,15.6,12.1,14.6,17.8,17.7,17.8,3.6,2.3,218,50,9.5,.5,1.2,1,1.12,8.2
2016,360,14,14.4,1.9,8.2,93.7,43.4,73.7,.34,12.05,0,15.3,8.9,12,17.8,17.2,17.5,1.4,.5,199,63,6.6,.3,1.7,1.3,.78,3.4
2016,361,14,15,3.1,9,91.4,40.4,67.6,.43,12.35,0,14.9,8.8,11.6,17.2,16.7,17,2.8,2.5,358,25,7.6,.4,2.2,1.9,.75,2.9
2016,362,14,16.9,6.3,11.4,78,31,47.7,.74,12.74,0,15.9,9.6,12.2,16.7,16.3,16.5,3.7,3.4,343,22,9.4,1.1,3.3,3,.63,.4
2016,363,14,17.6,5.3,11.2,82.4,29.7,54.7,.65,9.45,0,15.5,10.1,12.4,16.3,16.1,16.2,1.9,1.4,11,42,6.7,1.3,2,2,.71,2
2016,364,14,21.1,7.3,14,82.5,28,52.9,.84,12.57,0,18.3,11.4,14.2,16.1,16,16,2,1.3,5,47,8.4,3,2.9,2.3,.81,4
2016,365,14,20.4,9.6,13.7,97.4,44.9,71,.49,5.51,2.54,16.5,12.9,14.3,16.3,16,16.2,2.1,1.7,6,38,5.6,3,1.1,1.9,1.1,8.1
2016,366,14,19.5,6.3,12.4,100,58.9,89.3,.2,9.71,.25,17.5,11.5,14.2,16.4,16.2,16.3,.7,.2,207,69,4.9,2.2,1.1,1.1,1.29,10.5
