2016,1,15,19.8,-1.2,8,83.9,24.8,55.5,.62,11.97,0,10,4.6,7.1,10,9.6,9.8,.3,0,226,79,3,1.7,1.8,1,.55,-1.7
2016,2,15,20,3.2,11.9,82.8,23.4,49.7,.82,12.3,0,10.8,6,8.2,9.9,9.5,9.6,1.2,1,88,32,6.3,2.1,2.5,1.7,.64,.7
2016,3,15,21.3,6.7,15,70.8,23.8,38.8,1.14,10.65,0,11.5,7.3,9.2,10.3,9.8,10,1.7,1.6,88,27,5.8,2.9,2.7,2.4,.62,.1
2016,4,15,16.5,10.7,13.5,97.2,29,63.9,.6,3.67,10.92,10.9,9.3,10.1,10.8,10.3,10.5,1.7,1.5,100,30,7.7,1.4,.6,1.6,.95,5.7
2016,5,15,13.8,10.2,12,97.1,82.2,91.1,.13,4.36,5.59,12.4,10.2,11.2,11.4,10.8,11,1.4,1.4,100,19,4.6,.2,0,.8,1.28,10.6
2016,6,15,15.4,8.9,11.8,97.2,46.1,75.9,.36,9.14,6.35,12.7,10.8,11.7,11.6,11.2,11.4,1.7,.9,208,56,7.3,.8,1.3,1.4,1.04,7.3
2016,7,15,12.4,7.1,9.5,97.4,66.4,84.7,.19,4.09,19.81,11.4,10.1,10.6,11.6,10.6,11.2,1.2,.6,158,58,6.6,0,.2,.9,1,7
2016,8,15,13.4,5.5,8.9,97.9,50.4,77.7,.29,9.1,0,11.7,8.8,10.1,11.2,10.6,10.9,1,.7,245,47,5.4,.1,1.1,1.1,.87,4.9
2016,9,15,14.5,2.4,8,98.9,42.8,77.5,.31,12.47,0,12.1,7.4,9.7,11.2,10.7,11,.5,.2,118,60,3.2,.3,1.6,1,.8,3.7
2016,10,15,13.9,4.2,8.6,95.1,44.9,73.8,.34,6.95,0,11.2,8,9.4,11.1,10.7,10.8,.5,.1,104,73,2.8,.2,.6,.9,.8,3.7
2016,11,15,16.2,1.4,7.9,99.1,20.4,67.2,.47,12.9,0,11.5,6.8,9.1,11,10.3,10.6,.5,.1,244,68,3.2,.7,1.8,1.1,.65,.5
2016,12,15,19.9,0,8.6,95,15.3,56.7,.68,13.32,0,11.3,5.9,8.5,10.7,10,10.3,.5,.2,15,60,3.4,1.9,2.1,1.3,.54,-2
2016,13,15,19.5,.6,8.9,92.2,16.8,56.5,.67,13.32,0,11.2,5.9,8.4,10.4,9.7,10,.5,0,77,78,3.3,1.8,2.1,1.2,.56,-1.4
2016,14,15,17.4,2,8.9,84.5,25.8,59.7,.56,12.29,0,11,6.1,8.5,10.2,9.6,9.9,.6,.2,148,69,3,1.1,1.9,1.3,.64,.5
2016,15,15,15.1,4,8.8,86.4,35.5,63,.47,8.09,0,10.2,6.9,8.4,10.1,9.6,9.9,.9,.2,80,69,4.2,.5,1.1,1.3,.69,1.6
2016,16,15,17,.9,9,96.9,31.6,65.1,.51,11.13,0,10.8,5.8,8.3,10,9.3,9.7,.4,0,13,77,3,.9,1.5,1.1,.7,1.8
2016,17,15,20,2.4,10.3,94.2,27.9,64.4,.58,13.21,0,12.2,6.8,9.3,10.3,9.6,9.9,.6,.1,106,75,3.5,2,2.1,1.4,.75,2.7
2016,18,15,20.2,3.6,10.7,91.8,24.1,62.5,.61,9.12,0,11.5,7.4,9.3,10.4,9.8,10.1,.6,.4,84,50,4.7,2.2,1.3,1.3,.74,2.7
2016,19,15,20.5,3.1,11.9,93.2,25.1,56.2,.77,12.49,0,12.2,7.1,9.6,10.7,9.7,10.2,.6,.2,348,70,4.6,2.3,2.1,1.4,.71,2
2016,20,15,20.6,4.5,12.5,91.1,30.5,59.9,.71,13.02,0,13.2,8.2,10.6,11.1,10.2,10.6,.7,.2,218,70,4.2,2.5,2.3,1.6,.82,4
2016,21,15,22.3,3.8,11.9,92.9,9.5,50.4,.9,12.89,0,12.6,7.9,10.2,11.1,10.4,10.7,.5,.2,32,61,3.3,3,2.3,1.5,.59,-1.3
2016,22,15,23.9,3.2,12.8,76.7,10.7,43.2,1.07,13.07,0,12.8,7.7,10.1,11.1,10.2,10.7,.4,.2,85,58,4.3,3.7,2.5,1.5,.54,-2.1
2016,23,15,22.1,5.6,12.9,72.8,12.8,44.6,.99,10.81,0,12.4,8.4,10.4,11.2,10.5,10.9,.6,.1,118,72,3.6,3.1,2.1,1.6,.59,-.8
2016,24,15,18.5,4.1,11.6,79,22,47.4,.83,13.83,0,12.3,8.2,10.2,11.1,10.5,10.9,1.1,.8,240,46,5.3,1.6,2.8,1.9,.59,-.5
2016,25,15,19.1,5.8,11.6,74.1,21.4,47.4,.81,13.2,0,12.9,8.3,10.2,11.2,10.6,10.9,.6,0,232,78,3.1,1.9,2.4,1.5,.61,-.1
2016,26,15,20.4,3,12.1,61.5,9.3,29.2,1.12,14.44,0,12.3,7.5,9.9,11.1,10.4,10.8,.8,.3,16,63,5.3,2.3,3,1.8,.36,-7.3
2016,27,15,21.2,2,11.3,66.7,10.8,35.6,1.04,14.46,0,12.3,6.9,9.5,11,10.2,10.6,.7,.1,7,73,4,2.5,2.9,1.7,.41,-5.6
2016,28,15,22.3,3.9,11.8,70.7,12.8,42.1,.98,14.17,0,12.3,7.7,9.8,11,10.8,10.9,.5,.1,94,70,3.2,3.1,2.7,1.6,.51,-2.7
2016,29,15,21.9,4.2,11.9,72.2,16.6,46.8,.9,13.02,0,12.2,7.7,9.9,11,10.9,10.9,.5,.3,83,57,3.2,3,2.3,1.6,.59,-.6
2016,30,15,23,5.9,13.5,73.7,17.1,44.5,1.01,13.66,0,12.8,8.2,10.4,11.2,10.9,11,.7,.3,97,59,3.3,3.6,2.6,1.9,.63,.3
2016,31,15,23.1,7.4,15.9,92.9,22,43.8,1.15,11.76,5.59,13.2,9,11.1,11.5,11.2,11.3,1.6,.9,190,53,14.4,3.9,2.7,2.7,.75,2.6
2016,32,15,12.5,6.5,9.5,61.4,38.1,46.3,.64,5.63,0,12.3,8.8,10,11.7,11.4,11.6,3.4,3,242,29,10.6,0,1.6,2.5,.55,-1.5
2016,33,15,12.4,1.1,6.8,74.4,14.4,39.6,.65,16.96,0,10.2,6.3,8.2,11.4,10.7,11,1.7,1.4,291,37,6.5,0,3.1,2.2,.37,-7.2
2016,34,15,13.7,-1.5,5.9,81.8,17.9,47.8,.58,16.74,0,10.3,5.4,7.7,10.7,10.1,10.4,.6,.1,195,75,3.9,.1,2.6,1.5,.4,-5.8
2016,35,15,17.7,-1.6,7.8,80.7,10.8,41.8,.76,15.94,0,10.6,5.4,7.9,10.3,9.8,10,.6,.1,312,74,3.3,1.1,2.7,1.6,.38,-6.9
2016,36,15,20.5,.7,10.7,75,12.1,38,.97,16.42,0,11.2,5.9,8.4,10.1,9.9,9.9,.7,.4,36,54,5.2,2.1,3.2,2,.42,-5.3
2016,37,15,23,.7,11.4,72.6,9,37.4,1.08,16.83,0,11.5,6.3,8.9,10.2,10,10.1,.7,.4,62,47,4.7,3.1,3.4,2,.42,-5.5
2016,38,15,25.9,2.9,13.4,76.6,10.9,41,1.18,16.55,0,12.6,7,9.7,10.4,10.1,10.2,.5,.2,271,68,3.5,4.5,3.3,2,.52,-2.5
2016,39,15,29.3,5.6,16.1,72.4,9.9,38.7,1.47,16.74,0,13.8,8.1,10.8,10.9,10.4,10.6,.6,.3,74,50,3.9,6.4,3.6,2.2,.58,-1
2016,40,15,29,8.1,18,62.7,8.3,31,1.71,16.83,0,14.1,9.2,11.6,11.4,10.9,11.1,.8,.5,54,49,4.7,6.8,4.1,2.6,.54,-1.9
2016,41,15,29.5,6.6,17.1,70.6,10.6,37.7,1.53,16.25,0,14.9,9.5,12.1,11.9,11.4,11.6,.5,.1,59,67,3.5,6.7,3.5,2.1,.62,-.1
2016,42,15,29,8,17.2,77.1,11.8,40,1.47,17.04,0,15.6,10.4,12.9,12.2,11.9,12.1,.4,.1,63,74,3.6,6.7,3.6,2.1,.67,1
2016,43,15,30.7,7,17.3,75.6,9,41.2,1.52,17.23,0,16,10.6,13.2,12.7,12.2,12.4,.4,.2,104,65,3.2,7.3,3.7,2.2,.67,.9
2016,44,15,29.3,6.9,17.2,73,10.6,40.9,1.47,17.49,0,16.2,10.7,13.4,13,12.7,12.8,.4,.2,278,63,3.1,6.7,3.7,2.2,.68,1.2
2016,45,15,27.1,6,16.5,76.5,12.5,41,1.34,16.99,0,15.9,10.9,13.5,13.2,12.9,13.1,.6,.2,266,71,4.5,5.5,3.6,2.4,.67,1.1
2016,46,15,29.1,7.1,17.8,76.8,11.8,40.4,1.54,17.31,0,16.5,11.1,13.7,13.4,13.1,13.2,.6,.2,241,64,4.2,6.6,3.9,2.5,.69,1.3
2016,47,15,30.5,8.9,18.3,71.9,11.9,41,1.54,17.71,0,17.5,11.7,14.4,14,13.4,13.6,.5,0,17,78,3,7.6,3.8,2.5,.75,2.6
2016,48,15,30.8,10,19.2,66.7,10.7,37.9,1.66,18.09,0,17.6,12.2,14.8,14.4,13.8,14,.8,.6,96,44,4.4,8,4.3,2.9,.74,2.5
2016,49,15,27,11.8,18.9,62.9,13.1,33.5,1.59,11.51,0,16.1,13,14.6,14.4,14.1,14.3,.9,.2,108,71,4.6,6.7,2.7,2.6,.68,1.3
2016,50,15,26.9,11.4,17.7,63.8,12.2,36.3,1.44,10.07,0,16.2,12.9,14.4,14.4,14.1,14.3,.5,.2,34,64,2.8,6.5,2.1,2,.67,1.1
2016,51,15,28.8,7,17.5,83,11.2,40.3,1.51,18.83,0,17.2,11.8,14.4,14.4,14,14.2,.6,.3,255,57,4,6.4,4.1,2.6,.68,1.3
2016,52,15,27.7,7.6,18.2,83.4,10.8,37.2,1.59,18.6,0,17.5,12.3,14.8,14.6,14.2,14.3,.8,.4,239,58,4.6,6,4.3,2.9,.66,.8
2016,53,15,27.8,7.9,18.2,72,9.1,30.8,1.7,20.01,0,16.6,12.1,14.3,14.6,14.3,14.4,1.8,1.4,285,41,9,6,5.5,4.3,.54,-2.2
2016,54,15,23.1,10.3,16.7,43.4,9.5,21.5,1.55,20.16,0,16,11.5,13.6,14.5,14.1,14.2,1.5,1.2,353,35,5.9,4.4,5,3.6,.39,-6.2
2016,55,15,24.5,9.6,16.1,52.6,11.6,25.5,1.47,21.13,0,16.6,10.9,13.6,14.3,13.8,14,.9,.6,25,49,6.8,5,4.7,3.3,.44,-4.6
2016,56,15,28.5,6.2,16.6,69.9,8.7,35.2,1.51,20.92,0,17.4,11.3,14.2,14.5,13.8,14,.4,0,103,77,3.3,6.2,4.4,2.7,.56,-1.5
2016,57,15,30.7,8.3,18.8,67.7,7.7,33.5,1.8,20.82,0,18.1,12,14.9,14.8,14.2,14.4,.5,.2,54,61,3.7,7.5,4.7,3,.59,-.8
2016,58,15,29.9,9.6,18.5,61.7,9.2,33.6,1.7,20.49,0,18.1,12.7,15.3,15,14.6,14.7,.6,.1,158,76,3.4,7.4,4.7,3.1,.61,-.2
2016,59,15,28.8,9,18.3,62.8,9.7,34,1.63,20.08,0,18.1,12.8,15.4,15.2,14.8,14.9,.7,.1,166,74,3.8,6.8,4.6,3.1,.63,.1
2016,60,15,29.3,10.6,19.7,62.4,10.9,31.9,1.78,20.38,0,18.6,13.4,15.9,15.4,15.1,15.2,.8,.2,152,72,4.5,7.5,4.8,3.2,.65,.7
2016,61,15,30.4,10.6,19.9,68,10.6,34.6,1.78,19.54,0,18.6,13.6,16,15.6,15.3,15.4,.6,.2,103,70,3.7,8,4.4,3,.71,1.9
2016,62,15,30.3,11.2,20.1,61.5,9.4,32.4,1.84,20.21,0,18.8,13.9,16.2,15.7,15.5,15.6,.9,.1,127,77,4.8,8.2,4.9,3.5,.67,1.2
2016,63,15,30.6,10.8,19.9,66.9,9.1,33.7,1.79,18.68,0,19.2,14,16.4,16.1,15.6,15.8,.5,.3,71,53,3.9,8.1,4.3,2.9,.69,1.4
2016,64,15,31.2,10.5,20.2,61.7,6.9,31.5,1.93,21.05,0,19.8,14.2,16.9,16.4,15.9,16.1,.6,.3,100,60,4.2,8.3,5,3.2,.63,0
2016,65,15,26.6,12.2,19.9,53.3,11.5,27.1,1.81,15.08,0,18.7,14.7,16.8,16.6,16.2,16.4,.5,.4,91,43,3.1,6.7,3.4,2.6,.59,-.8
2016,66,15,25.6,15.4,20.1,58.4,16.9,32.6,1.67,16.39,0,18.9,15.7,17.1,16.7,16.4,16.5,1.5,1,246,46,7.4,7.7,4.3,3.8,.74,2.6
2016,67,15,20.2,7.8,15.4,67.5,20.9,33.9,1.2,18.65,0,17.3,13.8,15.5,16.7,16.2,16.4,1.7,1.4,252,36,8.2,2.6,4.3,3.5,.58,-.9
2016,68,15,22,7.9,15.3,69.1,18.3,39.4,1.15,22.36,0,17.6,12.9,15,16.2,15.8,15.9,1.8,1.5,254,34,5.9,3.5,5,3.9,.64,.5
2016,69,15,26.3,7.6,16.7,71.9,10.6,35.6,1.42,22.79,0,18.4,12.6,15.3,15.9,15.6,15.7,.7,0,360,81,4.1,5.3,4.9,3.4,.6,-.5
2016,70,15,30,9.6,19.4,68,7.5,29.7,1.84,23.21,0,19.6,13.6,16.4,16.1,15.7,15.8,.6,.2,114,65,3.3,7.5,5.3,3.6,.57,-1.1
2016,71,15,29.4,11.2,20.6,54.3,10.1,24.6,2.03,16.71,0,18.7,14.1,16.3,16.4,16.1,16.2,1.2,.4,191,66,7.7,7.7,4.3,3.8,.53,-1.9
2016,72,15,21.8,11.1,16.3,59.2,19.8,35.2,1.25,23.38,0,18.5,13.7,16,16.4,15.9,16.2,2,1.7,243,34,8,3.9,5.4,4.4,.63,.4
2016,73,15,24.4,9.2,16.7,65.7,16.1,37.2,1.32,23.02,0,19.2,13.1,15.9,16.4,15.7,16.1,.9,.2,180,72,4.7,4.8,4.9,3.6,.65,.8
2016,74,15,25.2,10.2,17.8,73.3,22.7,41.8,1.32,22.67,0,19.7,14.1,16.7,16.6,16,16.3,.9,.3,256,69,6.3,5.4,5,3.6,.8,3.7
2016,75,15,29.1,9.6,19.8,83.2,8.8,37.3,1.77,22.78,0,19.9,14.4,17,16.6,16.3,16.4,.7,.4,246,57,4.8,7.2,5.3,3.7,.7,1.2
2016,76,15,30.8,9,20,67.6,7.7,28.5,2,24.02,0,21.3,14.1,17.5,17.2,16.4,16.7,.7,0,313,79,4.2,7.8,5.7,3.8,.55,-1.9
2016,77,15,30,9.7,19.8,61.6,7.1,28.3,1.95,24.76,0,21,14.6,17.6,17.4,16.7,17,.9,.2,219,69,6.2,7.6,6,4.3,.55,-1.8
2016,78,15,30.6,10.1,20.8,54.8,8.5,26.3,2.09,24.8,0,21,14.6,17.6,17.4,16.9,17.1,1,.5,220,59,6.7,8,6.2,4.5,.56,-1.5
2016,79,15,31.5,12.5,22.3,57.9,8,26.2,2.2,24.92,0,22,15.5,18.5,18.1,17.1,17.5,.8,.1,235,76,4.2,9.2,6.1,4.3,.63,.1
2016,80,15,32.5,12.4,22,64.4,8.7,28.8,2.16,24.7,0,22.4,16.1,19,18.5,17.5,18,.8,.4,108,58,4.7,9.3,6.1,4.4,.66,.8
2016,81,15,32.5,13.6,23.9,59.9,8.3,22.8,2.55,24.42,0,22.6,16.7,19.4,18.7,17.9,18.3,1.2,.3,200,70,5.7,9.9,6.5,4.9,.59,-.8
2016,82,15,25.7,14.7,21.3,57.5,13.3,23.1,2.01,24.68,0,20.6,17.2,18.8,18.7,18.2,18.4,2.3,1.9,243,34,9.9,7.4,7,5.6,.56,-1.4
2016,83,15,23.3,10.8,17.9,59.4,8,18.3,1.73,26.57,0,20.4,14.9,17.4,18.3,17.5,17.8,2.6,1.8,308,45,10.1,4.6,7.1,5.8,.35,-7.7
2016,84,15,26.1,6.1,16.9,68,8.3,30.4,1.58,26.31,0,20.7,14.2,17.2,17.8,17,17.4,.8,.2,234,67,4.6,5.1,5.9,4.1,.49,-3.4
2016,85,15,28.6,9.1,19,61.6,7.7,26.6,1.85,26.23,0,20.9,14.9,17.6,17.7,17.2,17.5,1.2,.6,212,58,7.6,6.8,6.5,4.8,.5,-3.1
2016,86,15,29,11.6,20.4,58.8,9,23.5,2.04,26.33,0,21.1,15.3,17.9,18,17.2,17.6,1.3,.6,244,58,6.1,7.6,6.8,5.1,.5,-3.1
2016,87,15,29.4,9.2,19.4,61.2,8.3,25.2,1.92,26.69,0,21.2,14.9,17.9,18,17.5,17.7,.9,.2,183,73,5.1,7.1,6.5,4.6,.5,-3
2016,88,15,27.2,13.6,21.2,51,17.1,28.8,1.9,20.76,0,19.6,16.1,17.9,17.9,17.7,17.8,2.2,1.5,220,47,8.8,7.6,5.9,5.3,.7,1.9
2016,89,15,20.5,12.8,16.2,43.3,15.6,29.1,1.33,20.5,0,18.5,15.2,16.7,17.9,17.6,17.7,3,2.7,241,26,9.1,3.9,5.4,5.1,.53,-2.3
2016,90,15,20,9.1,14.6,59.1,16.6,31.8,1.18,25.48,0,19.6,13.8,16.4,17.6,17.1,17.3,1.4,.7,264,57,4.8,2.7,5.4,4.1,.51,-2.6
2016,91,15,22,7,15.5,75,14.4,34,1.29,26.51,0,19.9,14,16.6,17.4,17,17.2,1.2,.8,236,50,6.8,3.4,5.9,4.3,.55,-1.7
2016,92,15,26.1,10,17.4,63.1,13.7,31.8,1.49,26.74,0,21,14.3,17.3,17.5,17,17.1,.9,.4,94,57,4.2,5.8,5.9,4.4,.59,-.7
2016,93,15,28.3,9.2,19.4,71.4,9.3,32,1.76,27.39,0,22,15.3,18.4,17.9,17.3,17.5,.8,.3,106,63,4.8,6.6,6.3,4.5,.62,-.2
2016,94,15,31.3,10.2,21.3,60.3,7.5,27.9,2.14,27.59,0,22.7,15.9,19.1,18.3,17.7,17.9,.7,.3,80,62,4.6,8.2,6.6,4.7,.59,-.9
2016,95,15,32.4,11.4,22.2,60.4,6.9,27,2.29,27.14,0,22.8,16.6,19.5,18.8,18.1,18.3,.8,.2,50,73,4.9,8.9,6.7,4.8,.6,-.7
2016,96,15,33.3,13.8,22.9,57.3,7.9,27,2.35,24.23,0,22.6,17.3,19.9,19,18.6,18.7,.7,.2,270,69,8.3,10.2,6,4.4,.65,.3
2016,97,15,35.8,13.6,25.3,60.4,4.4,22.7,2.86,25.73,0,23.7,17.7,20.6,19.4,18.8,19,.6,.2,136,67,3.8,10.7,6.5,4.5,.6,-1
2016,98,15,32.3,18.2,24.9,75,6.5,24,2.55,13.33,.25,22.2,19.2,20.6,19.7,19.4,19.5,1.2,.6,237,58,9.8,12.1,3.8,4.3,.69,.8
2016,99,15,26.7,15.1,20.9,96.9,26.2,60.5,1.11,21.39,2.79,23.1,18.8,20.6,19.8,19.5,19.6,1.8,.7,173,64,7.6,8.1,5,4.4,1.41,11.8
2016,100,15,27.5,15.6,21.5,79.5,22.4,46.7,1.5,24.1,0,23.5,18.6,20.8,20,19.6,19.7,1.1,.3,148,69,6.3,8.7,5.5,4.5,1.12,8.2
2016,101,15,21.6,12.6,16.4,95.7,26.8,63.1,.75,10.74,21.34,20.9,17.9,19,20,19.4,19.7,1.3,.8,166,52,9.1,4.3,1.8,2.6,1.13,8.4
2016,102,15,24.8,10.3,17.9,96.4,25.4,58,1.03,26.31,0,22.9,16,19.1,19.4,18.9,19.1,.8,.3,117,64,4.2,5.2,5.3,4.2,1.1,8.2
2016,103,15,26.9,11.8,20.1,90.6,21.8,50.7,1.37,26.92,0,23.4,17.5,20.3,19.7,19.1,19.3,.9,.6,250,50,6.3,6.7,6,4.6,1.08,8
2016,104,15,29.6,13.5,21.8,79,16.7,44,1.7,26.93,0,24.4,18.1,21.1,20.1,19.5,19.6,.8,.1,225,75,5.2,8.8,6.2,4.8,1.03,7.2
2016,105,15,30.5,15,23.7,74.5,13.5,32.5,2.2,26.56,0,24.2,18.7,21.3,20.2,19.9,20,1.5,.8,231,53,7.2,9.9,6.9,5.6,.85,4.2
2016,106,15,27.5,14.8,21.4,54.5,7.1,23,2.02,28.64,0,21.9,18.1,19.8,20.2,19.9,20,3.5,2.6,270,41,12.1,8.3,8.6,7.6,.56,-1.8
2016,107,15,26.4,10.8,19.8,55.8,11.4,23.7,1.87,29.32,0,22.2,16.2,19,19.9,19.2,19.5,1.4,.4,262,68,6.1,6.1,7.1,5.5,.52,-2.3
2016,108,15,27.4,12.6,21,64.9,11.9,26.6,1.95,29.76,0,22.6,17.2,19.9,19.8,19.2,19.5,1.2,.7,17,51,6.9,7.3,7.2,5.5,.6,-.4
2016,109,15,29.4,11.3,21.3,65.7,8.5,27.1,2.07,29.88,0,22.4,17.7,20.1,20,19.5,19.7,.9,.3,228,69,6.4,7.8,7.2,5.3,.59,-.7
2016,110,15,31.5,12.4,23.1,57.9,7.7,23.6,2.4,27.62,0,22.8,18.1,20.4,20,19.7,19.9,1,.3,212,68,6.3,9,7,5.2,.58,-1
2016,111,15,33.5,14.4,24.2,60.7,5.4,24.7,2.6,29.29,0,23.8,18.4,20.9,20.5,19.9,20.1,.9,.1,190,76,5.4,10.6,7.5,5.6,.63,-.2
2016,112,15,35.3,14.5,25.8,61.6,5.5,21.6,2.96,28.03,0,24.7,19.1,21.7,20.9,20.3,20.5,.8,.3,65,62,3.6,10.9,7.2,5.2,.6,-.7
2016,113,15,35.3,15.9,26.4,59.5,6.8,22.4,2.99,29.15,0,24.8,20.1,22.3,21.2,20.8,20.9,1.6,.8,234,58,8.8,11.7,8.1,6.7,.66,.7
2016,114,15,29.6,16.1,24.9,57.2,10.1,23.4,2.48,29.81,0,24.4,20,21.9,21.2,21,21.1,2.1,1.8,254,31,8.4,10.1,8.3,6.7,.72,1.6
2016,115,15,30.3,12,22.8,64,7.3,21.3,2.41,31.01,0,24.3,18.5,21.3,21.2,20.7,20.9,1.4,.9,225,50,6.1,8.4,8,6.3,.51,-2.6
2016,116,15,25.7,17.9,22.2,42,6.4,19,2.19,30.02,0,21.8,18.5,20.3,21.1,20.7,20.9,4,3.7,235,23,12.4,9,9.5,8.2,.5,-4
2016,117,15,24.3,13.4,18.8,67.7,15.9,29.1,1.62,30.16,0,22.3,16.6,19.2,20.7,19.9,20.2,2.2,1.8,239,32,6.7,6.1,7.3,6.2,.6,-.3
2016,118,15,27.7,12.4,21.3,63.7,11.4,25.8,2.04,28.83,0,23.6,17.6,20.3,20.5,20,20.1,1.7,.9,214,56,8,7.3,7.3,5.8,.59,-.8
2016,119,15,23.1,16.5,20,47.8,12.2,24,1.8,29.94,0,21.9,17.8,19.8,20.5,20.1,20.2,2.6,2.2,237,32,7.9,7,7.8,6.5,.55,-1.7
2016,120,15,26.9,17.1,21.5,52.4,18.5,31.6,1.82,28.65,0,23.3,18.2,20.3,20.4,20,20.1,2.1,1.8,235,32,7.9,9.2,7.3,6.3,.79,3.5
2016,121,15,26.5,13.7,19.3,78.1,15.2,42.6,1.39,14.74,1.78,20.8,18.4,19.5,20.4,20.1,20.2,1.9,.3,179,75,11,7.3,3.8,4.4,.89,5.1
2016,122,15,25.7,11.8,18.5,86,24.4,54.4,1.12,22.64,0,22.8,17.5,19.8,20.2,19.7,19.9,.7,.4,124,52,4,6.1,4.6,4,1.08,8
2016,123,15,30.1,13,22.6,75.4,13.8,36.1,2,29.75,0,24.3,18.3,21.1,20.6,20,20.2,1,.2,4,73,5.4,8.8,7.1,5.5,.88,5
2016,124,15,33.6,14.4,24.8,64.5,10.1,32.3,2.44,29.53,0,25.4,19.2,22.2,21.2,20.5,20.7,.8,.2,192,72,6.3,10.5,7.2,5.5,.87,4.6
2016,125,15,38.3,16.4,28.5,61.9,6.3,24.1,3.42,29.76,0,25.5,20.2,22.8,21.6,21.1,21.3,1.8,.7,170,62,6.9,12.3,8.8,7.5,.75,2.3
2016,126,15,34.7,18.8,26.9,49.2,7.5,19.5,3.06,30.14,0,24.3,20.2,22.2,21.7,21.4,21.5,2.4,1.2,190,57,10.1,12.8,9.3,8.1,.63,.2
2016,127,15,24.8,14.1,19.9,77.9,26.4,46,1.32,26.14,.25,23.2,19.3,21.2,21.6,21.1,21.3,1.9,1.1,239,53,9.9,6.7,6.2,5.3,1.03,7.3
2016,128,15,24.9,13.8,19.4,81.5,25,47.4,1.29,26.93,0,24.3,18.6,21.4,21.4,20.8,21.1,1.3,.1,136,77,6.3,6.6,5.8,5,1.01,6.9
2016,129,15,26.1,13.8,20.6,88.4,19.7,44.7,1.48,29.07,.51,24.8,19.5,21.9,21.6,21.1,21.3,1.4,.9,256,48,5.8,7.2,6.7,5.4,1.01,6.9
2016,130,15,29.5,13.1,21.7,76.7,14.7,40.4,1.76,30.3,0,25.6,19.4,22.2,21.8,21.1,21.4,1,.6,241,53,5.4,8.6,7,5.6,.95,5.9
2016,131,15,31.6,15.7,24.5,66.3,10.3,32.3,2.29,30.02,0,26.8,20,23.2,22.3,21.5,21.8,1,.4,251,65,5.9,10.7,7.4,5.8,.9,5.2
2016,132,15,33.9,16.5,25.8,67.8,9.4,31,2.58,29.53,0,27.3,21,24,22.6,22,22.2,.8,.3,297,61,5.8,11.7,7.3,5.7,.9,5.1
2016,133,15,38.3,16.1,27.8,64,6.7,28.4,3.15,30.05,0,28.1,21.6,24.7,23.3,22.5,22.7,.8,.2,88,73,4.5,12.2,7.8,6,.86,4.3
2016,134,15,38.1,17.6,29,55.7,7.8,23.1,3.43,29.66,0,28.3,22.3,25.2,23.7,23,23.3,.9,.5,272,54,6.2,12.8,8,6.1,.8,3.4
2016,135,15,37.5,21.6,30.1,56.8,11.1,24.1,3.48,28.06,0,28.8,23.2,25.7,24,23.5,23.7,1.5,.8,255,56,7.8,14.5,8.1,6.9,.95,5.9
2016,136,15,33.2,17.8,27.1,64.8,12.5,25.7,2.83,31.43,0,28.1,22.6,25,24,23.7,23.9,1.9,1.5,244,37,8.9,12.1,8.9,7.4,.86,4.6
2016,137,15,31.5,19,26.5,47.3,13.2,25.4,2.66,31.23,0,27.7,21.6,24.3,24,23.4,23.7,1.7,.8,241,58,7.1,12.2,8.3,6.9,.85,4.5
2016,138,15,30.9,17.1,24.8,57.8,13.5,29.5,2.33,29.92,0,26.6,22.1,24.1,23.9,23.5,23.6,2.3,1.2,284,55,12.8,11.2,8.4,7.2,.88,5
2016,139,15,30,19.1,24,79.3,21,40.3,1.87,20.91,0,26.1,22,23.7,23.7,23.3,23.4,1.3,.7,319,56,6,11.8,5.2,5,1.16,9
2016,140,15,33.2,17.2,25.6,71.2,14.7,37.1,2.31,30.34,0,28.2,21.8,24.7,23.9,23.1,23.5,.9,.3,161,66,6.3,11.8,7.4,6,1.12,8.4
2016,141,15,35.9,20.4,28.8,52.2,9.3,22.8,3.22,30.87,0,26.7,22.6,24.5,24,23.6,23.8,2.7,1.6,202,52,10.2,13.8,9.7,8.7,.84,4.1
2016,142,15,32.7,20.2,26.3,46.5,8.7,22.9,2.73,32.67,0,26.1,21.4,23.4,23.9,23.3,23.5,2.5,1.8,207,43,9.4,13.1,9.6,8.4,.75,2.5
2016,143,15,30,16,24.1,77.6,10.3,25.6,2.36,32.37,0,26.5,20.8,23.2,23.6,23,23.3,1.4,.9,243,45,6.9,10.2,8.3,6.5,.72,1.9
2016,144,15,31.1,15,24.7,49.9,10.1,19.9,2.65,32.55,0,27.3,20.7,23.6,23.8,22.9,23.3,1.2,.4,256,68,7.6,10.2,8.3,6.5,.57,-1.2
2016,145,15,30.5,15.7,24.1,44.1,11,23.1,2.45,31.48,0,26.5,20.9,23.4,23.7,23.1,23.4,1.4,.8,235,105,7.6,10.3,8.2,6.5,.65,.7
2016,146,15,31.5,14.5,24.1,65.1,7.7,23.5,2.5,30.24,0,26.9,20.6,23.3,23.6,23,23.4,1.9,1.3,234,45,8.7,10,8.3,6.9,.63,.1
2016,147,15,28.6,15.3,23.2,71.2,12.1,26.6,2.19,29.86,0,26.6,20,22.7,23.5,22.7,23.1,1.5,.9,240,52,6.8,9.2,7.5,6.1,.71,2
2016,148,15,32.5,15.2,24.9,66.6,9.6,28.7,2.52,30.16,0,27.3,20.7,23.6,23.5,22.9,23.2,1,.4,240,60,5.8,10.7,7.5,5.9,.79,3.2
2016,149,15,35.6,16.7,27.7,55.1,7.8,21.5,3.19,30.32,0,27.2,22.1,24.5,23.8,23.4,23.5,1.4,.5,210,63,7.3,12,8.2,6.8,.7,1.7
2016,150,15,35.6,17.6,28.1,55.5,5.1,19.6,3.29,30.98,0,26.9,22,24.3,24,23.6,23.8,1.6,.7,223,60,7.6,12.4,8.7,7.2,.65,.3
2016,151,15,33.3,16.6,25.8,68.8,6.6,19.8,2.89,31.46,0,26.9,22,24.3,24.1,23.7,23.9,.9,.4,260,62,5.4,11.5,8.1,6,.58,-1.3
2016,152,15,36.2,15.9,27.8,61.8,7.3,21,3.33,31.13,0,27,22.2,24.6,24.3,23.9,24.1,1.1,.7,248,49,6.3,11.7,8.4,6.6,.66,.7
2016,153,15,37.5,19.5,30.4,56.4,8.6,20.3,3.75,29.94,0,27.3,23.2,25.1,24.5,24.1,24.3,1.6,1,249,48,6.4,13.6,8.7,7.3,.78,3.1
2016,154,15,40.4,21,32.5,56,5.3,16.9,4.36,30.33,0,27.7,23.4,25.3,24.8,24.4,24.5,1.3,.8,252,51,6.3,14.5,8.9,7.1,.74,2.3
2016,155,15,43.5,21.2,34.1,48.8,3.5,17,4.93,30.45,0,28,24.3,25.9,25.1,24.8,24.8,1.2,.9,260,42,6.4,14.7,9.1,7.4,.76,2.6
2016,156,15,44.1,21.4,34.6,51.3,4.2,16,5.13,30.09,0,28.3,24.7,26.3,25.4,25.1,25.2,1.1,.7,233,53,6.3,14.9,9.1,7.2,.74,2.4
2016,157,15,44.2,22.5,34.7,50.3,4.3,16.2,5.13,30.3,0,28.9,25.2,26.9,25.8,25.4,25.6,.8,.4,266,60,6.5,15.3,8.7,6.6,.75,2.5
2016,158,15,42.3,22.9,33.9,53.5,5.7,16.2,4.81,30.04,0,29.1,25.7,27.4,26.2,25.8,26,1.1,.3,260,69,6,15.4,8.8,7,.75,2.6
2016,159,15,39.7,23.6,32.3,61.4,5.7,16.9,4.27,30.64,0,28.8,25.5,27.1,26.3,26.1,26.2,1.4,.1,131,79,7.8,15.5,8.9,7.3,.75,2.3
2016,160,15,40.2,23.3,33.5,57.9,10.2,25.2,4.13,29.28,0,28.9,26,27.3,26.5,26.3,26.4,1.5,.8,253,55,6.6,15.4,8.6,7.5,1.21,9.5
2016,161,15,38.5,26.8,33,43.7,15.1,26.8,3.81,28.33,0,28.5,25.5,26.9,26.6,26.4,26.5,2.3,1.8,264,37,6.9,16.5,8.8,8.4,1.32,10.9
2016,162,15,35.6,24.9,31,67.1,26.3,35.2,2.99,22.16,0,27.7,25.6,26.6,26.6,26.4,26.5,2.2,1.5,276,45,8.5,15.7,6.9,6.9,1.56,13.5
2016,163,15,36.8,23.7,30.7,73.8,20.6,40.3,2.83,23.66,0,28,25.6,26.7,26.5,26.3,26.4,1.5,.4,235,70,7.5,15.3,6.5,6.3,1.68,14.6
2016,164,15,37.3,19.2,30.2,65.6,8.8,26.4,3.51,29.66,0,28,25.2,26.5,26.5,26.2,26.4,1.4,.8,254,53,6.3,13.4,8.4,7,.97,6
2016,165,15,36.2,22.2,30.4,46,8,15.4,3.79,30.35,0,27.6,24.7,26.1,26.4,26.2,26.3,1.5,1,265,43,7.5,14.6,8.7,7.1,.63,.1
2016,166,15,36.3,20.7,29.2,45.9,7,19.5,3.48,30.76,0,27.6,24.5,26,26.3,26.1,26.2,1.1,.2,185,74,6,14,8.4,6.5,.71,1.7
2016,167,15,37.4,19.5,29.9,49.1,7.3,18.4,3.73,30.78,0,27.6,24.6,26.1,26.3,26.1,26.2,1.4,.7,240,56,6.9,13.6,8.8,7.2,.69,1.4
2016,168,15,37.4,21,29.8,68.8,8.4,20.3,3.6,30.19,0,27.5,24.4,25.9,26.2,26,26.1,1.2,.1,111,77,6.2,14.2,8.3,6.7,.77,3.1
2016,169,15,39.7,19.1,30.4,59.4,6.2,23.9,3.76,30.67,0,28.1,25,26.5,26.2,26.1,26.1,.6,.2,284,66,4.5,13.7,8.1,6,.86,4.1
2016,170,15,42.3,20.2,32.9,61,5.3,20.7,4.59,29.64,0,28.1,25.5,26.8,26.4,26.2,26.4,1.1,.8,253,46,6.1,14.4,8.7,7,.82,3.5
2016,171,15,47.1,22.4,37.1,55.6,5.2,17.7,5.92,30.14,0,28.8,25.8,27.1,26.6,26.4,26.5,1,.6,276,50,5.4,15.4,9,7.2,.9,5.1
2016,172,15,45.1,26.1,37.4,51.4,7.7,17.4,5.67,28.74,0,29,26.8,27.8,27,26.6,26.9,2,.5,196,69,8.4,16.4,9.8,8.9,1.01,7
2016,173,15,42.3,28,36.6,50.8,10.4,20,5.12,28.15,0,29,26.8,27.8,27.2,27,27.1,1.8,1,257,52,7.5,16.9,9,8.1,1.14,8.7
2016,174,15,42.4,29.5,36.9,44.7,10.9,17.3,5.31,28.55,0,29.2,26.7,27.9,27.4,27.2,27.3,1.7,1.2,247,45,7.6,17.2,9.1,8.1,1.05,7.6
2016,175,15,43,26.7,36.1,54.6,11.1,21.8,4.9,28.03,0,29.5,27.1,28.2,27.6,27.4,27.5,1.5,.6,153,64,7.4,16.5,8.7,7.7,1.21,9.7
2016,176,15,41.9,25.8,35.4,54.9,10.4,21.8,4.77,28.21,0,29.9,27.4,28.5,27.8,27.6,27.7,1.1,.7,271,49,6.2,16.2,8.3,7,1.15,8.8
2016,177,15,41.3,24.8,34.3,55.1,11.5,24.9,4.33,28.46,0,29.9,27.4,28.5,27.9,27.8,27.9,.9,.4,274,60,5.4,15.9,8.1,6.6,1.23,9.8
2016,178,15,40.1,26.6,34.3,55.9,12.9,26.6,4.14,21.21,0,29.5,28,28.8,28.1,27.9,28,1.1,.6,239,57,4.6,16.5,6.3,5.9,1.37,11.5
2016,179,15,42.3,28.4,35.2,59.6,13.7,30.3,4.21,22.98,0,30.3,28.2,29,28.2,28.1,28.1,1.2,.5,347,60,7.6,17,6.8,6.4,1.62,14
2016,180,15,43.1,28.1,36.8,64.1,12.4,27.5,4.79,27.75,0,30.8,28.5,29.5,28.5,28.2,28.3,1.2,.2,135,74,6.4,16.9,8.3,7.2,1.58,13.5
2016,181,15,40.4,25.6,35.1,73.4,18.6,31.9,4.04,25.46,2.79,30.5,28.4,29.5,28.7,28.5,28.6,2.5,1.6,111,49,9.5,16.2,8,8.2,1.73,15.1
2016,182,15,34.9,26.2,30.3,73.7,27.7,48.7,2.3,13.89,0,30,28.3,28.9,28.8,28.6,28.7,1.4,1.1,117,39,6.2,16.1,3.6,4.5,2.05,17.8
2016,183,15,35.7,25.6,30.4,74.9,32.2,51.6,2.19,24.48,0,29.8,28,28.8,28.6,28.5,28.6,2.1,1.9,114,26,6.9,16,6.9,6.7,2.2,19
2016,184,15,38.8,26.7,32.5,61.9,18.1,38.9,3.2,27.66,0,30.2,28,29,28.6,28.5,28.5,1.5,.2,127,75,5.6,16.4,7.8,7.2,1.8,15.7
2016,185,15,40.4,29,34.9,49.9,15.6,27.3,4.21,28.5,0,30.4,28.2,29.2,28.7,28.6,28.6,1.3,.8,272,47,5.5,17.1,8.2,7.2,1.48,12.8
2016,186,15,41.5,27.4,35.8,55.3,11.3,23.6,4.68,29,0,30.4,28.4,29.4,28.8,28.7,28.8,1.4,.8,251,52,6.8,16.8,8.7,7.5,1.31,10.7
2016,187,15,41.5,25.1,35.1,57.3,9.7,21.5,4.71,29.1,0,30.3,28.3,29.3,28.9,28.8,28.9,1.2,.7,255,54,6.4,16.1,8.6,7.2,1.12,8.4
2016,188,15,40.5,24.5,34.3,49.7,14.6,22.4,4.32,28.74,0,29.7,28,28.8,29,28.8,28.9,1.6,.9,264,52,6.8,15.8,8.6,7.6,1.19,9.4
2016,189,15,40.1,25.6,34.3,58.4,15,26.6,4.14,28.67,0,29.4,27.5,28.4,28.9,28.7,28.8,1.5,.9,260,51,6.1,16.2,8.3,7.4,1.38,11.6
2016,190,15,41.3,24,35,55.8,10.3,19.4,4.75,29.34,0,29.3,27.5,28.4,28.8,28.6,28.7,1.2,.7,270,53,6.1,15.7,8.6,7,1.02,7.2
2016,191,15,42,26.7,36.3,45.5,10.1,18.6,5.13,29.21,0,29.5,27.9,28.6,28.8,28.6,28.7,1.5,1,255,44,6.6,16.5,9,7.6,1.06,7.8
2016,192,15,42,25.7,36,58.1,6.3,18.4,5.1,29.21,0,29.3,27.9,28.5,28.8,28.6,28.7,1.6,1.2,237,42,7.5,16.2,9.3,7.9,.99,6.2
2016,193,15,40.7,26,34.8,43.6,6.7,15.8,4.85,29.38,0,28.9,27.4,28.1,28.7,28.5,28.7,1.4,.9,264,49,7.6,16.3,9,7.4,.83,3.9
2016,194,15,41.6,22.6,33.5,47.5,8.3,18.7,4.54,29.43,0,28.8,27,27.9,28.6,28.4,28.5,1.3,.5,250,61,6.5,15.2,8.7,7.1,.89,5.1
2016,195,15,41.6,22.9,34.1,56.5,9.9,23.8,4.39,28.97,0,29.1,27.3,28.1,28.5,28.4,28.4,.8,.3,265,62,4.9,15.3,8.1,6.4,1.17,9
2016,196,15,42.5,26.7,36.2,53.3,8.7,20.4,4.98,28.74,0,29.4,28.1,28.7,28.6,28.4,28.5,1.3,1,255,38,6.6,16.6,8.7,7.4,1.15,8.9
2016,197,15,42.7,27.5,36.6,48.3,11.4,20.5,5.09,28.36,0,29.3,28.1,28.7,28.7,28.6,28.6,1.9,1.6,258,30,7,16.8,9.1,8.3,1.19,9.4
2016,198,15,41.3,29.1,36.1,45.5,14.2,22.7,4.72,27.83,0,29.5,27.8,28.6,28.7,28.6,28.7,1.4,.9,254,51,7.6,17.1,8.4,7.4,1.33,11.1
2016,199,15,39.1,28.7,34.7,51,17.1,27.4,4.11,17.05,0,29.4,28.4,28.8,28.8,28.7,28.8,1.3,.7,223,58,7.1,17.1,5.3,5.6,1.47,12.7
2016,200,15,40.1,26.2,32.8,80.6,21.3,42.6,3.05,24.51,.51,29.7,28.4,28.9,28.8,28.7,28.8,1.1,.3,132,69,9.1,16.3,6.8,6.3,2.01,17.5
2016,201,15,41.1,27.8,34.4,69.2,17.5,37.2,3.66,27.34,0,30.2,28.6,29.3,29,28.8,28.9,1.2,.3,136,69,6.2,16.8,7.7,7,1.89,16.5
2016,202,15,41.5,28.4,34.4,65.6,16,35.7,3.71,27.19,0,30.4,29.2,29.7,29.2,29,29.1,1.5,.5,42,66,7.8,17,8,7.4,1.83,15.9
2016,203,15,43.3,27.2,35.7,67.4,13.3,33,4.31,27.45,0,30.7,29.3,29.9,29.4,29.2,29.3,.8,.2,236,72,6,16.7,7.7,6.5,1.74,15.1
2016,204,15,44.7,30.8,37,56.9,12.9,26.3,4.82,24.64,0,30.7,29.5,30.1,29.6,29.4,29.5,1.8,.5,54,68,9.2,17.2,8,7.9,1.57,13.5
2016,205,15,42.5,27.6,36.2,59.6,14.5,28.6,4.57,27.34,0,30.3,29.3,29.8,29.7,29.6,29.6,2.3,2,259,30,6.9,16.8,9.1,8.7,1.62,14.1
2016,206,15,40.7,29.9,36,46.1,18.9,28,4.36,26.89,0,29.9,28.6,29.2,29.7,29.5,29.6,2.5,2.2,260,28,7.8,17.2,8.9,8.7,1.63,14.3
2016,207,15,41.3,28.8,34.6,57.5,18.8,32.9,3.83,26.03,0,29.9,28.7,29.2,29.5,29.4,29.5,2,1.2,295,51,8,17.1,8.1,8,1.74,15.2
2016,208,15,42.6,29,36.7,57.8,16.4,27.5,4.7,26.56,0,30.3,28.9,29.4,29.5,29.4,29.4,1.3,.8,259,48,5.6,17.1,8,7,1.62,14.2
2016,209,15,43.3,29.9,37,54.3,15.3,30.5,4.61,26.42,0,30.5,29.4,29.9,29.6,29.4,29.5,1.6,.8,242,58,7.2,17.2,8.2,7.6,1.81,15.8
2016,210,15,43.5,31.3,36.6,51.4,14.3,29.6,4.51,25.49,0,30.6,29.1,29.8,29.7,29.6,29.6,1.3,.5,128,65,7.2,17.2,7.5,7.1,1.74,15.2
2016,211,15,43,25.3,35.7,72.3,13.3,34,4.18,26.74,.76,30.6,29.5,30,29.8,29.6,29.7,2.9,1.7,238,52,11.7,16.1,9,9.2,1.83,15.9
2016,212,15,38,26.1,32.6,70.7,24,42.8,2.99,26.01,0,30.2,29.1,29.6,29.8,29.7,29.8,1.8,.9,226,57,6.7,16.2,7.5,7.1,2.02,17.6
2016,213,15,38.1,28,32.5,58.8,25.8,43.8,2.87,23.78,0,30,29.1,29.5,29.8,29.6,29.7,2.6,1.7,269,48,8.6,16.8,7.3,7.6,2.09,18.1
2016,214,15,37.1,25.7,31.2,71,28.1,47.3,2.55,21.92,0,30,28.8,29.3,29.7,29.5,29.6,1.3,.8,159,51,6.7,16.1,5.9,5.8,2.08,18
2016,215,15,35.9,22.7,29.9,94.2,38.4,62.5,1.73,18.92,37.08,30.1,29.2,29.6,29.6,29.6,29.6,1.5,1,95,49,15.5,14.7,5.1,5,2.56,21.5
2016,216,15,35.7,25.1,30.3,87.7,34.2,60.8,1.83,23.26,0,29.7,28.7,29.1,29.6,29.4,29.5,1.4,.6,65,60,9.6,15.8,5.9,5.7,2.56,21.4
2016,217,15,37.1,28,31.6,69,32.6,53.3,2.27,22.6,0,30,29,29.4,29.5,29.4,29.4,1.2,.6,93,56,5.7,16.8,5.9,5.8,2.43,20.6
2016,218,15,36.5,22.4,30.6,92.4,31.6,56.2,2.08,15.45,20.07,29.9,29.1,29.6,29.5,29.4,29.5,.9,.5,33,51,7.3,14.7,3.8,4,2.4,20.4
2016,219,15,40.8,26.1,33.2,79.2,18.3,45.4,3.09,25.82,0,30.5,29.1,29.7,29.5,29.5,29.5,.6,.4,99,47,4.4,16.3,6.7,5.8,2.15,18.5
2016,220,15,42.5,28.9,35.4,55.3,14.3,32.1,4.1,26.1,0,30.6,29.2,29.9,29.7,29.5,29.6,1.1,.5,131,62,5.5,17.1,7.5,6.6,1.77,15.4
2016,221,15,41.9,26.5,36.2,56.5,10.1,19.4,4.99,26.63,0,30.5,29,29.7,29.8,29.7,29.7,1.1,.7,253,51,6.5,16.5,8,6.5,1.12,8.5
2016,222,15,35,25.6,31.7,85.1,25.6,47.8,2.49,18.97,.51,30.2,28.8,29.4,29.8,29.6,29.7,1.7,.3,152,74,10.5,15.9,5.2,5.3,2.2,18.9
2016,223,15,37.7,25.3,31.7,84.9,29.5,50.5,2.48,23.93,6.35,30.3,28.9,29.5,29.7,29.5,29.6,1.1,.4,224,64,7.7,16,6.2,5.8,2.28,19.6
2016,224,15,36.9,24.9,30.7,78.2,33.8,56.1,2.08,21.12,0,30.5,29.3,29.8,29.7,29.6,29.7,.7,.3,145,63,5.4,15.7,5.2,4.9,2.42,20.5
2016,225,15,39.5,28.6,33.3,64.2,21.7,42.4,3.1,25.42,0,30.5,29.3,29.9,29.8,29.7,29.8,1.7,1.4,265,37,7.1,17,7.4,7,2.1,18.2
2016,226,15,41.7,27,34.2,66.9,13.7,35.1,3.71,25.89,0,30.9,29.4,30,29.9,29.8,29.8,.8,.2,79,68,7.6,16.6,7.1,6,1.79,15.5
2016,227,15,40.7,27.9,33.2,73.3,16.4,33.2,3.56,25.87,0,30.8,29.1,29.8,30,29.9,29.9,1.4,1.2,102,29,5.9,16.8,7.5,6.8,1.62,14.1
2016,228,15,42.3,28,34.2,63.3,14.1,33,3.83,24.87,0,30.7,29.2,29.9,30,29.9,29.9,1,.6,103,49,5.3,16.9,7.2,6.2,1.68,14.7
2016,229,15,43,28.3,35.2,63.3,12.7,28.7,4.29,24.86,0,30.7,29.5,30.1,30,29.9,30,1.4,1.1,88,40,8.1,17,7.6,6.9,1.53,13.1
2016,230,15,41.8,29,35,58.5,11.2,26.9,4.3,20.81,0,30.6,29.5,30,30.1,30,30,1.6,.5,55,68,8,17.1,6.6,6.6,1.43,12.1
2016,231,15,39.2,27.7,33,53.2,16.5,30,3.65,19.54,.51,30.3,28.6,29.2,30,29.8,30,1.7,1.1,341,49,7.3,16.8,6.1,6.2,1.46,12.5
2016,232,15,38.1,23.9,32.1,68.7,17.4,34.5,3.34,25.6,0,29.6,28.2,28.9,29.8,29.6,29.7,2.4,1.8,272,42,9.4,15.4,8,7.6,1.56,13.5
2016,233,15,36.1,25.3,30.3,68.4,23.2,41.4,2.66,23.87,.76,29.4,28.2,28.8,29.6,29.4,29.5,1.6,.7,280,60,11.2,15.9,6.8,6.2,1.72,15.1
2016,234,15,37.1,25,30.6,69.2,20.3,40,2.8,25.15,0,29.6,28,28.7,29.5,29.3,29.4,1.1,0,115,79,5.9,15.8,6.8,5.9,1.68,14.7
2016,235,15,35.8,24.9,29.9,65.7,24.2,44.5,2.44,21.18,0,29.4,28,28.7,29.4,29.2,29.3,1.4,.4,59,67,7.9,15.7,5.8,5.5,1.83,16.1
2016,236,15,34.5,21,28.6,89.1,26.2,49.1,2.15,22.27,5.33,29.1,27.9,28.5,29.3,29.1,29.2,1.8,1.4,354,36,8.1,13.9,5.9,5.7,1.84,16
2016,237,15,38.7,23,30.2,75.6,17.8,42.5,2.72,25.03,.51,29.2,27.8,28.5,29.1,29,29.1,1.2,.4,340,65,10.2,15.1,6.8,5.9,1.71,14.9
2016,238,15,37.7,22.1,30.7,75.2,16.6,39.5,3.02,24.16,0,29.2,27.8,28.5,29.1,28.9,29,.9,.3,264,68,5.2,14.7,6.5,5.4,1.58,13.6
2016,239,15,36,25.8,30.9,57.9,23.6,37.1,2.91,22.56,0,29.2,28,28.6,29,28.9,29,1.6,1.1,37,45,5.5,16,6.4,6,1.62,14.2
2016,240,15,35.2,23.7,29.4,74.7,16.7,40.1,2.61,22.77,0,29.2,28.1,28.6,29,28.9,28.9,1.1,.7,7,48,5.2,15.1,6,5.3,1.56,13.3
2016,241,15,37,20.5,29.4,69.4,15.4,34.5,2.92,24.72,0,29,27.5,28.2,28.9,28.7,28.8,.8,.2,8,70,5.2,14,6.4,5.1,1.32,10.9
2016,242,15,39.6,21.4,31.3,65.4,12.2,32.4,3.43,24.87,0,29,27.5,28.2,28.8,28.6,28.7,.6,.3,82,57,6.1,14.5,6.6,5.1,1.33,11
2016,243,15,41.8,23.4,32.3,67.2,13.1,32,3.55,24.08,0,29.1,27.6,28.3,28.7,28.6,28.6,1,.8,98,40,6.1,15.5,6.9,5.7,1.47,12.6
2016,244,15,40.4,27.8,33.4,55.2,16.7,32.1,3.64,23.84,0,29.3,27.9,28.5,28.7,28.6,28.6,1.3,1.1,103,36,7,16.8,6.9,6.2,1.61,14
2016,245,15,38.8,28.2,33.2,59.7,22,38.7,3.25,21.12,0,29.3,28.1,28.7,28.7,28.6,28.7,1.3,.4,142,68,5.3,16.9,6.1,5.7,1.92,16.8
2016,246,15,39.1,25.6,32.5,69.7,17.9,40.8,3.11,22.76,0,29.5,27.9,28.6,28.8,28.7,28.7,.8,.3,144,63,5.2,16.2,6.2,5.2,1.89,16.5
2016,247,15,39.2,25,32.6,56.8,9.7,28.6,3.75,24.1,0,29.4,27.8,28.5,28.8,28.7,28.8,1.3,.5,210,65,7.2,15.9,7.2,6,1.3,10.2
2016,248,15,37.3,22.4,29.8,64.3,7.7,21.2,3.52,25.44,0,28.5,26.3,27.3,28.8,28.5,28.7,1.1,.3,210,70,5.6,14.8,7.2,5.5,.81,3.6
2016,249,15,38,19.8,28.9,63.3,9.3,27.9,3.2,24.6,0,27.8,25.8,26.8,28.5,28.2,28.4,.7,.1,101,73,4.4,13.7,6.5,4.8,.99,6.5
2016,250,15,37.2,20.6,30,57.7,13.4,32.4,3.06,21.86,0,27.7,25.9,26.8,28.2,28,28.1,1.3,.5,225,63,6.7,14,6.2,5.4,1.34,11
2016,251,15,30.4,23.7,27.7,88.9,48.3,65,1.34,9.34,.76,27.6,27,27.2,28.1,28,28,1.6,1,273,50,6.1,14.2,2.4,3,2.39,20.3
2016,252,15,34,23.1,28.7,85.1,36.1,59.8,1.75,21.1,0,27.9,26.4,27,28,27.8,27.9,1.5,.9,244,51,6.1,14.7,5.4,5,2.27,19.4
2016,253,15,38.3,22.8,31.1,80.1,15.3,44,2.86,23.03,0,28.2,26.6,27.3,27.9,27.8,27.8,1.1,.9,262,39,6,15,6.4,5.4,1.81,15.7
2016,254,15,39.5,23.2,31.2,71.6,13.6,37.3,3.19,22.59,0,28.5,26.7,27.5,28,27.8,27.9,.6,.1,253,74,5.1,15.3,6,4.7,1.54,13.1
2016,255,15,38.2,22.8,31.5,64.6,13.2,31.9,3.44,22.62,0,28.4,26.8,27.6,28,27.9,28,1,.6,248,55,6.3,15,6.5,5.2,1.35,11.2
2016,256,15,36.4,26.2,31.4,61.7,16.1,34.7,3.1,20.39,0,28.2,26.8,27.5,28.1,27.9,28,1.7,.7,190,62,6.2,16.2,6.2,5.8,1.55,13.4
2016,257,15,36.1,24.4,29.9,56.7,18.6,38.3,2.74,15.31,0,27.8,26.2,26.8,28,27.8,27.9,2.4,1,178,62,7.3,15.5,5.1,5.8,1.56,13.4
2016,258,15,34.9,21.2,28.7,70.2,12,35.2,2.77,22.66,0,27,25.4,26.1,27.8,27.4,27.6,1.1,.6,253,53,6.2,13.9,6.2,5,1.29,10.2
2016,259,15,34.8,16.6,26,68.9,8.6,31.9,2.66,23.35,0,26.6,24.7,25.7,27.5,27.2,27.4,.7,.3,276,60,5.2,11.8,6.1,4.3,.91,4.9
2016,260,15,36,16.4,25.6,70.8,8.5,29.9,2.65,22.67,0,26.2,24.3,25.2,27.2,26.9,27.1,.7,.1,94,73,4.8,11.9,5.8,4.2,.84,4
2016,261,15,38.2,16.2,26.6,62.8,7.7,29.9,2.84,22.7,0,26.3,24.2,25.2,26.9,26.6,26.8,.5,.3,94,53,4.2,12.3,5.7,4,.9,5.1
2016,262,15,39.7,16.7,27.9,64.6,6.5,30.4,3.15,22.56,0,26.5,24.5,25.5,26.7,26.6,26.7,.4,.1,301,73,3.6,12.6,5.8,3.9,.93,5.4
2016,263,15,36.4,19.4,28.8,60,12,29.5,2.99,17.3,0,26.4,24.7,25.4,26.7,26.5,26.6,1.6,1,244,51,7.7,13.4,5.4,5.1,1.12,8.2
2016,264,15,30.4,24.1,28,75.4,27,48.6,1.97,9.01,0,25.6,25,25.3,26.6,26.4,26.5,2.2,1.8,326,36,9.1,14.4,3,3.9,1.83,16
2016,265,15,36.4,22.7,29.2,80.4,28.2,51.1,2.18,19.73,0,26.8,24.9,25.6,26.4,26.3,26.3,1.5,.8,256,56,9.3,14.8,5.4,5,1.99,17.4
2016,266,15,29.4,21.3,25.1,96.1,55.7,73.9,.87,10.9,13.72,26.6,25.7,26.1,26.5,26.3,26.4,1,.2,251,72,8.6,12.6,2.1,2.6,2.34,20
2016,267,15,29.8,16.7,24.3,87.1,7.3,27.2,2.29,21.44,0,26.1,24.6,25.3,26.5,26.3,26.4,1.7,1.5,261,32,6.3,10.5,5.9,5,.8,1.5
2016,268,15,31.8,12.4,22.8,65.8,11.9,32.3,2.16,21.82,0,24.9,22.9,23.9,26.3,25.8,26.1,.9,.4,271,58,7.2,9.1,5.4,4,.78,3.2
2016,269,15,35.6,15.9,25.9,76.6,9.8,29.5,2.66,21.3,0,24.8,22.9,23.8,25.8,25.5,25.6,.8,.4,31,56,5.2,11.7,5.6,4.1,.87,4.7
2016,270,15,31.2,20.2,26.3,65.9,22.9,37.8,2.22,13.71,0,24.8,23.9,24.3,25.5,25.5,25.5,1.7,1.4,112,29,7.7,12.8,4.2,4.2,1.26,10.2
2016,271,15,31.1,18.6,24.5,70.1,25.4,44.3,1.8,15.18,0,24.4,23.4,23.9,25.5,25.2,25.4,1.3,.9,90,41,6.5,12,3.9,3.8,1.33,11.1
2016,272,15,34.5,19.2,27.4,74,24.8,45.8,2.17,16.28,0,25,23.6,24.2,25.3,25.1,25.2,1.2,.9,123,42,7.2,13,4.4,4,1.6,13.9
2016,273,15,33.6,22.5,27.4,76,26,50.3,1.91,14.81,0,25.8,24.5,24.9,25.3,25.2,25.2,.7,.3,63,61,6.3,14.4,3.7,3.3,1.78,15.6
2016,274,15,36,21,27.9,74.6,22.6,45.3,2.24,19.4,0,26,24.6,25.3,25.5,25.3,25.4,1,.5,54,55,7.3,14,5,4.2,1.61,14
2016,275,15,35.2,21.8,27.9,67,16.2,40.1,2.43,19.99,0,26.3,24.6,25.4,25.6,25.5,25.6,1,.3,106,67,5.2,14.3,5.3,4.2,1.42,12
2016,276,15,28.9,21,24,87,34.1,61.9,1.16,10.27,2.54,26.1,24.8,25.3,25.7,25.6,25.7,1.5,1.3,97,29,5.2,12.2,2.3,3,1.84,16
2016,277,15,28.6,15.2,22.6,96.9,5.8,43.5,1.75,20.73,0,25.2,24,24.5,25.6,25.4,25.5,1.6,1.1,241,45,7.9,9.1,5.6,4.3,1.07,4.9
2016,278,15,29.1,12.2,20.3,76,11.4,36.5,1.73,20.16,0,24,22.1,23,25.4,24.9,25.2,.8,.2,174,70,5.4,7.8,4.7,3.3,.77,2.9
2016,279,15,31.4,15.3,22.7,71.2,15.1,35.4,1.97,19.61,0,23.7,21.9,22.8,24.9,24.5,24.7,.9,.2,130,72,5.2,10.4,4.9,3.7,.91,5.4
2016,280,15,31.5,15,22.6,69.1,11.8,41.5,1.85,19.19,0,24.1,22.3,23.1,24.5,24.3,24.4,.5,.1,301,70,4.9,10.3,4.4,3.1,1.03,7.1
2016,281,15,35.3,13.5,24.1,73.2,11.9,39.3,2.24,19.34,0,24.2,22.2,23.1,24.4,24.2,24.3,.4,.1,84,76,3.1,10.5,4.5,3,1,6.8
2016,282,15,36.6,20.4,28.8,58.3,17.3,31.3,2.84,18.69,0,24.8,23.1,23.8,24.4,24.2,24.3,1.4,.9,87,48,5.9,13.8,5.5,4.7,1.21,9.7
2016,283,15,35.5,18.4,26.9,71.9,20.2,41.9,2.29,18.37,0,25.1,23.4,24.2,24.5,24.3,24.4,.7,.5,81,48,4.8,12.8,4.7,3.5,1.4,11.9
2016,284,15,35.1,19.3,26.4,71,13.9,37.6,2.4,18.38,0,25.2,23.7,24.5,24.6,24.5,24.6,.7,.1,157,77,4.4,13.2,4.8,3.5,1.18,9.2
2016,285,15,35,18.2,25.4,63.7,12.3,35.2,2.39,18.54,0,25,23.5,24.3,24.7,24.6,24.7,.8,.2,94,71,4.6,12.6,4.7,3.5,1.02,7.1
2016,286,15,34.3,16.8,24.1,63,8.3,29.4,2.37,15.84,0,24.8,23,23.8,24.7,24.5,24.6,.7,.5,96,48,3.3,11.9,4,3.1,.78,3
2016,287,15,33.8,15.2,23.5,63,10.5,29.8,2.31,18.36,0,24.1,22.5,23.3,24.5,24.3,24.4,.6,.2,111,67,3.7,11,4.6,3.1,.78,3.1
2016,288,15,35,15,24.1,67.5,9.5,32.5,2.37,18.06,0,24,22.3,23.1,24.3,24.1,24.2,.4,.2,88,61,3.1,11.1,4.4,2.7,.84,4.1
2016,289,15,34,15.8,24.5,66,9.3,30.3,2.41,18.13,0,23.9,22.3,23.1,24.1,24,24.1,.7,.2,137,69,3.7,11.3,4.6,3.1,.83,4.1
2016,290,15,33.5,15.8,23.8,62.6,13.2,32.3,2.25,16.07,0,23.6,22.1,23,24,23.9,24,.7,.2,94,68,3.9,11.2,4,3,.87,4.8
2016,291,15,32.3,16.2,24,67.3,18.3,36.1,2.11,17.5,0,23.6,22.1,22.9,23.9,23.7,23.8,.8,.3,231,67,4.3,11.1,4.5,3.2,1.01,7
2016,292,15,32.3,15.4,23.3,71.3,20.2,42.5,1.86,17.38,0,23.6,22,22.8,23.8,23.6,23.7,.6,0,208,80,3.9,10.7,4.1,2.9,1.13,8.7
2016,293,15,33.6,13.8,23,81.1,14.1,43.9,1.9,17.09,0,23.6,21.9,22.8,23.7,23.5,23.6,.4,.1,257,72,3.3,10.3,3.9,2.6,1.08,8
2016,294,15,36,13.2,24.9,59,8.3,25.2,2.69,17.33,0,23.4,21.6,22.6,23.6,23.4,23.5,.7,.5,71,44,4.3,10.5,4.6,2.9,.7,1.7
2016,295,15,36.3,20.6,27,58.6,12.9,29.2,2.67,16.48,0,23.8,21.9,22.8,23.5,23.4,23.5,1,.9,90,30,5.5,13.9,4.7,3.6,1,6.8
2016,296,15,36,17.1,25.8,66.8,13.6,37.2,2.36,16.24,0,24.1,22.3,23.2,23.5,23.4,23.5,.6,.1,91,73,4.8,12.3,4.2,2.9,1.13,8.7
2016,297,15,35,17.4,25.1,65.9,14,39.8,2.17,15.93,0,24.3,22.4,23.3,23.6,23.5,23.5,.5,.3,75,55,3.7,12.3,3.8,2.6,1.18,9.3
2016,298,15,31.4,20.4,25.6,63,27.5,41.2,2,9.66,0,24,22.7,23.5,23.6,23.5,23.6,.6,.4,79,46,4.6,12.9,2.4,2.3,1.34,11.1
2016,299,15,32.6,17.8,25.4,85.2,24.7,49.7,1.83,15.48,0,24.7,23,23.8,23.7,23.6,23.6,.7,.1,4,72,4.1,11.9,3.8,2.8,1.52,13.2
2016,300,15,35.2,16.2,24.8,83.5,16.8,48.6,1.96,15.73,0,24.7,22.9,23.8,23.8,23.7,23.7,.4,.2,75,62,3.7,11.8,3.6,2.5,1.37,11.5
2016,301,15,36.9,18,26.8,68.2,13.5,38.2,2.48,13.39,0,24.7,23,23.9,23.8,23.7,23.8,.5,.3,109,50,3.7,12.8,3.4,2.5,1.22,9.9
2016,302,15,33.3,20.1,26,69,18,40,2.19,11.61,0,24.8,23.6,24.2,23.9,23.7,23.8,.5,.2,279,59,4,13.2,2.8,2.2,1.27,10.4
2016,303,15,35.2,17.4,24.9,68.5,15.5,41.3,2.12,15.29,0,24.7,23.1,23.9,23.9,23.8,23.8,.5,.4,95,45,4,12.3,3.7,2.6,1.19,9.4
2016,304,15,34,17.6,25,75.6,18.6,40.3,2.09,13.13,0,24.7,23.2,24,23.8,23.7,23.8,.5,.2,91,66,3.1,12.2,3.2,2.3,1.2,9.5
2016,305,15,28.9,17,23.6,64,27.7,43.1,1.74,12.29,0,24.5,23.2,23.9,23.8,23.7,23.7,1.1,.7,254,51,4.7,10.2,3.1,2.7,1.23,9.9
2016,306,15,26.5,14.4,21,62.5,22.9,37.5,1.65,14.77,0,23.9,22.6,23.3,23.7,23.5,23.6,.7,.4,282,56,4.9,7.7,3.4,2.3,.89,5.3
2016,307,15,28.3,10.8,20.3,69.3,21,39,1.62,14.94,0,23.3,21.7,22.3,23.5,23.1,23.3,.6,.3,266,56,3.8,7.1,3.4,2.2,.87,5
2016,308,15,28.8,16.4,21.2,94,26,54.5,1.28,9.99,6.1,22.5,21.7,22.1,23.1,22.8,23,1.9,.6,50,67,9.9,9.8,2.8,3.2,1.3,10.6
2016,309,15,26.3,13,19.5,95.2,34.6,67.5,.88,13.11,0,22.2,21.2,21.7,22.9,22.5,22.7,.6,.1,216,72,4.4,6.9,2.5,2,1.45,12.5
2016,310,15,27.4,13.2,19.9,96.4,30.8,64.3,1.01,14.37,0,22.3,21.2,21.8,22.5,22.4,22.5,.4,0,252,78,3.3,7.5,2.7,2,1.4,11.9
2016,311,15,28.4,14.1,20.2,88.8,28.8,61.9,1.08,14.45,0,22.3,21.2,21.8,22.4,22.3,22.4,.5,.1,104,71,3,8.5,2.8,2.1,1.38,11.6
2016,312,15,30.2,13.6,20.7,88.2,25.6,58.8,1.22,14.17,0,22.2,21.1,21.7,22.3,22.2,22.2,.5,0,156,79,2.7,9.1,2.8,2.1,1.34,11.2
2016,313,15,31.8,14.3,23.4,81.1,14.6,41.4,2.02,14.37,0,22.1,21.1,21.6,22.2,22,22.1,1.2,1.1,69,29,5.6,10,3.9,3,1.03,7.1
2016,314,15,28.4,17.1,23.4,45.7,12.5,25,2.22,14.46,0,21.8,20.7,21.2,22.1,21.9,22,1.9,1.7,84,27,6.3,10,4.6,3.8,.69,1.6
2016,315,15,27,15.6,21,55.3,20,30.4,1.8,14.17,0,21,19.9,20.4,21.9,21.5,21.7,1.3,1,70,37,7.1,8.5,3.8,2.8,.74,2.5
2016,316,15,27.5,15.2,21.1,68.7,22.2,40.2,1.61,13.82,0,20.6,19.7,20.2,21.5,21.2,21.4,1,.8,69,42,5.2,8.6,3.4,2.5,.96,6.4
2016,317,15,28.1,10.8,19.1,81.3,19,46.9,1.39,13.42,0,20.4,19.5,20,21.3,21,21.2,.7,.5,80,44,5.2,7,3.1,2.1,.94,6
2016,318,15,29.6,10.2,18.8,82.4,16.8,50.2,1.35,13.64,0,20.3,19.2,19.8,21.1,20.9,21,.4,.1,235,72,3.7,7.6,2.7,1.7,.97,6.4
2016,319,15,30.6,10.3,19,86.5,12.5,47.6,1.47,13.76,0,20.1,19,19.6,20.9,20.7,20.8,.3,0,331,80,2.5,8.1,2.8,1.7,.89,5.1
2016,320,15,30.1,10.7,19.1,74.8,11.3,44.1,1.53,13.51,0,20,18.9,19.5,20.7,20.5,20.6,.5,.2,79,60,3.4,7.9,3,1.9,.84,4.2
2016,321,15,25.1,12.4,18.7,70.6,17.3,40.1,1.37,7.73,0,19.8,18.8,19.2,20.6,20.4,20.5,.5,.4,89,39,3.7,6,1.6,1.5,.83,4.2
2016,322,15,21.9,7.7,16,63,9.4,28.5,1.38,13.67,0,19.4,18.2,18.7,20.4,20.1,20.3,1.2,.9,271,42,5.8,3.4,3.3,2.3,.48,-4.2
2016,323,15,25.8,4.2,13.4,71.3,6.9,35.6,1.22,13.66,0,18.4,17.1,17.7,20.1,19.6,19.9,.3,.1,42,63,2.7,4.6,2.6,1.3,.45,-4.6
2016,324,15,29,6.9,17.5,66.9,12,37.7,1.53,12.74,0,17.9,16.8,17.3,19.7,19.3,19.5,.7,.5,80,42,5.5,6.4,3,2,.66,.8
2016,325,15,21.8,12.5,16.3,95.3,24.2,62.6,.72,2.86,1.52,17.9,17.3,17.5,19.3,19.1,19.2,.6,.2,319,64,4.9,4.4,.4,1.1,1.15,8.5
2016,326,15,20.3,10.1,15.8,97.3,42.6,78.2,.42,8.41,3.05,18.1,17.5,17.7,19.1,19,19.1,1.2,.9,247,40,7.8,3,1.3,1.3,1.4,11.6
2016,327,15,21.1,7.3,13.6,97.2,33.1,70.3,.59,12.86,0,17.8,16.7,17.2,19.1,18.9,19,.5,.2,283,63,4,2.9,2.1,1.4,1.03,7.4
2016,328,15,23.8,6.6,14.3,96.9,23.5,63.2,.78,12.99,0,17.5,16.4,17,18.9,18.6,18.8,.4,.2,318,61,3.7,4.1,2.2,1.4,.94,5.9
2016,329,15,24.9,5.2,14.5,94.5,9.1,46.3,1.18,12.01,0,17.3,16.1,16.6,18.7,18.4,18.6,.8,.6,345,36,4.2,4.4,2.6,1.8,.61,-1.1
2016,330,15,26.3,4.6,14.8,76,11.6,41.2,1.27,12.25,0,16.7,15.4,16,18.4,18.1,18.3,.6,.5,78,44,4.8,4.9,2.7,1.7,.59,-.7
2016,331,15,20.9,11.3,17.6,76.5,24.1,39.5,1.25,4.04,0,16.4,15.6,15.9,18.1,17.8,18,1.2,.6,122,59,8.7,3.6,1.3,1.9,.78,3.1
2016,332,15,17.4,7.9,12.9,96,36.8,58,.68,10.49,4.06,16.1,15.4,15.7,17.8,17.6,17.7,2.3,1.7,238,42,12.6,1.5,2.2,2.1,.83,4.2
2016,333,15,13.7,5.2,9.9,99.9,40.1,75.4,.34,7.57,.25,15.7,14.9,15.3,17.6,17.3,17.5,.7,.2,88,66,4,.1,.9,1,.89,5.3
2016,334,15,16.5,2.8,9.2,97.7,18.4,57.8,.6,12.74,0,15.4,14.4,14.8,17.3,17,17.2,1,.7,311,47,5.5,.8,2.2,1.5,.6,-.8
2016,335,15,17,.8,8.1,93.2,16.8,54.7,.62,12.39,0,14.8,13.6,14.1,17,16.5,16.8,.5,.2,299,59,3.8,.9,2,1.1,.52,-2.5
2016,336,15,16.8,1.8,8.4,88.8,20.8,55.7,.6,10.98,0,14.2,13.3,13.7,16.6,16.2,16.4,.5,.1,62,73,3.8,.9,1.7,1.2,.56,-1.4
2016,337,15,15.9,4.6,9.3,78.4,24.6,54.6,.59,8.18,0,14,13.3,13.6,16.2,15.9,16,.5,.2,304,68,3.6,.7,1.1,1.1,.61,-.1
2016,338,15,21,1.5,11.3,87,16.2,45.6,.94,12.09,0,13.8,12.8,13.3,15.9,15.6,15.8,.9,.6,326,49,4.4,2.4,2.5,1.7,.52,-2.3
2016,339,15,22.2,1.5,10.4,84.7,10.1,47.4,.87,12.25,0,13.6,12.3,12.9,15.6,15.3,15.5,.4,.1,153,70,3,2.9,2.1,1.2,.5,-3.2
2016,340,15,20,3.6,10.8,72.4,13.8,43.9,.85,11.14,0,13.3,12.2,12.8,15.3,15.1,15.2,.7,.2,87,67,3.7,2.1,2,1.4,.51,-2.6
2016,341,15,18.8,5.8,11.8,87,25.6,53.7,.69,9.82,0,13.4,12.3,12.8,15.1,14.9,15,.7,.2,80,69,3.9,1.8,1.6,1.3,.74,2.1
2016,342,15,20.2,5.7,12.4,92.3,42.1,67.7,.55,10.82,0,13.8,12.7,13.2,14.9,14.9,14.9,.6,.3,268,61,3.8,2.4,1.7,1.3,.94,6.1
2016,343,15,20.1,4.2,11.2,96.7,35.7,69.4,.53,11.24,0,13.7,12.5,13.1,15,14.8,14.9,.4,.1,314,67,3,2.2,1.6,1.1,.87,5
2016,344,15,22.1,4.7,12.4,96,26,64.9,.67,11.2,0,13.6,12.5,13.1,14.9,14.8,14.8,.4,.1,76,69,3.7,3.1,1.8,1.2,.85,4.6
2016,345,15,22.2,4.7,12.8,94.6,26,62.6,.72,10.92,0,13.6,12.6,13.1,14.9,14.8,14.8,.5,.2,92,63,3,3.1,1.8,1.2,.85,4.6
2016,346,15,23.5,7.7,14.3,83.2,26.7,58.3,.82,10.84,0,14,12.9,13.4,14.8,14.8,14.8,.5,.2,108,63,3.1,4.1,1.9,1.3,.89,5.2
2016,347,15,23.7,7.8,14.7,86.1,28.9,59.9,.8,10.61,0,14.2,13.1,13.6,14.9,14.8,14.8,.5,.2,77,66,2.9,4.2,1.8,1.2,.95,6.1
2016,348,15,23.7,9.6,15.2,85.8,30.8,62.5,.77,10.38,0,14.6,13.5,14,15,14.9,14.9,.5,.2,83,56,3,4.6,1.8,1.3,1.02,7.3
2016,349,15,24.7,7.6,14.7,92.6,28.9,65.2,.76,10.45,0,14.6,13.6,14.1,15.1,15,15,.4,.2,60,51,3.1,4.7,1.7,1.2,1.01,7.1
2016,350,15,24.7,8.1,15.7,91.1,24.8,59.2,.89,8.8,.25,14.6,13.6,14.1,15.1,15,15.1,.6,.3,72,55,4,4.7,1.5,1.4,.98,6.6
2016,351,15,23.7,13.4,18,88.6,36.1,65.3,.8,7.94,.76,15.4,14.5,14.8,15.3,15.1,15.2,1.8,.8,147,60,10.1,5.8,1.7,2,1.3,10.8
2016,352,15,19.2,2.9,11.3,74.8,18.5,39.6,.85,11.58,.25,15.4,14,14.6,15.4,15.3,15.4,2.3,1.9,258,31,8.8,1.8,2.7,2.5,.52,-2.8
2016,353,15,17.3,-.2,7.7,86.9,16.5,51,.64,11.91,0,14,12.2,12.9,15.4,14.9,15.2,.4,.2,325,55,3.5,1,1.9,1,.47,-3.6
2016,354,15,21.5,1.2,11.1,74.4,17.4,43.2,.94,11.63,0,13,11.8,12.4,14.9,14.4,14.7,.8,.6,53,42,5.8,2.5,2.4,1.5,.51,-2.6
2016,355,15,23.3,7,13.9,76,19.4,49.3,.96,9.56,0,13.2,12.1,12.6,14.4,14.2,14.3,.4,.1,40,64,3.7,3.8,1.7,1.1,.72,2.1
2016,356,15,21.4,12.1,16.6,97.7,31.1,57.1,.86,4.43,5.59,14,13.1,13.4,14.4,14.2,14.3,.8,.4,84,56,4.2,4.1,.8,1.4,1.06,7.5
2016,357,15,18.4,13.6,15.3,99.3,68.6,88.5,.2,7.88,17.27,14.9,14,14.4,14.7,14.4,14.5,1.9,1,258,54,9.9,3.2,1,1.2,1.54,13.3
2016,358,15,16.5,9,13.3,98,66.4,86.7,.22,3.54,1.02,14.9,14.5,14.7,14.9,14.7,14.8,.3,.1,14,62,8.3,1.2,0,.7,1.32,11
2016,359,15,16,6.6,10.4,98.4,55,84,.22,2.22,6.35,14.8,13.7,14.1,15,14.9,15,1.6,.7,150,61,9.6,.9,.1,.9,1.06,7.7
2016,360,15,12.4,2.6,7.2,96.7,33.2,71,.34,9.52,0,13.7,12.6,13,15,14.6,14.8,.7,.4,226,55,4.6,0,1.1,1,.69,1.7
2016,361,15,17.3,-.3,7.5,98,24.7,67.7,.46,11.52,0,12.9,11.6,12.1,14.6,14.1,14.4,.4,.2,350,56,3.6,1,1.5,1,.64,.5
2016,362,15,21.9,2.2,10.4,95.9,25.1,66.1,.61,11.64,0,12.5,11.4,12,14.1,13.8,14,.4,.1,264,68,2.7,2.8,1.7,1.1,.76,2.9
2016,363,15,18.4,4.8,10.5,97.7,38.5,76.1,.39,7.02,0,12.5,11.7,12.1,13.8,13.7,13.8,.3,.1,308,65,2.1,1.6,.7,.9,.92,5.8
2016,364,15,25.1,7.7,14.7,94.3,17,59.3,.92,10.81,0,13.2,12.1,12.5,13.7,13.6,13.7,.5,.4,78,47,4.2,4.8,2,1.4,.87,4.8
2016,365,15,21.9,9.8,15.6,99.1,35.2,60,.79,9.93,2.29,13.4,12.5,12.9,13.8,13.7,13.8,1.3,.6,90,61,5.2,3.7,2,1.8,1.03,7.1
2016,366,15,17.6,11.1,13.8,99.2,58.5,83.7,.28,8.26,0,14,13.2,13.5,14,13.8,13.9,1.1,.8,252,47,5.6,1.9,1,1.2,1.31,10.9
