2016,1,19,17.9,-4.5,5.1,81,23.7,55.1,.51,12.52,0,11.6,6.1,8.8,13.4,13,13.2,1,.4,192,62,3.7,1.1,1.9,1.5,.46,-4.1
2016,2,19,20.5,-1.5,9.3,81.7,28.2,57.5,.64,11.96,0,12.4,7.2,9.7,13.2,13,13.1,2.7,2.4,58,25,8,2,2.7,2.7,.65,.5
2016,3,19,21.8,6.2,13.7,74.6,30,50.8,.86,10.49,0,14.1,9.8,11.7,13.6,13.1,13.3,3.3,3,68,22,7.7,3.1,2.9,3.2,.77,3.2
2016,4,19,13.7,7.1,10.5,99.8,53.6,84.8,.19,2.66,21.59,12.8,11.1,11.9,13.9,13.6,13.8,1.8,.7,44,62,7.5,.1,0,.8,1.09,7.9
2016,5,19,16,8.1,12.4,100,80.6,94.8,.08,5.21,1.02,13.9,11.3,12.5,14.1,13.9,14,1.5,.6,104,63,5,.9,.2,.8,1.36,11.5
2016,6,19,16.5,6.9,12.1,98.4,51.9,79.5,.32,11.94,7.37,13.8,10.9,12.6,14.3,14.1,14.2,3.2,2.7,206,34,9.8,1,2,1.6,1.11,8.5
2016,7,19,14.3,5,10.4,96.1,66.1,84.3,.21,4.98,3.56,13.3,10.8,12.2,14.4,14.3,14.3,3.6,3,216,35,11.2,.3,.6,1,1.06,7.8
2016,8,19,14.3,2.8,7.7,96,48,82.4,.22,11.66,0,12.5,8.7,10.4,14.3,13.9,14.1,2.2,1.9,236,28,6.3,.2,1.6,1.4,.85,4.6
2016,9,19,16.9,.9,8.1,96.9,41.9,77.6,.31,12.21,0,12.6,7.4,9.9,13.9,13.4,13.7,.7,.3,122,62,3,.9,1.5,1.2,.82,4
2016,10,19,15.6,5.3,9.7,96.3,42.5,79.5,.29,8.96,0,13,9.4,11,13.6,13.4,13.5,1.4,1.1,43,36,4.3,.7,1.1,1.3,.94,6
2016,11,19,16.1,1.4,8,98.7,29.2,74,.36,12.43,0,12.5,8.3,10.5,13.7,13.5,13.6,1.4,.1,44,77,4.8,.7,1.8,1.5,.76,2.9
2016,12,19,17.4,.5,7.5,96.5,30,69.5,.43,13.09,0,11.5,6.9,9.2,13.6,13.1,13.3,1.6,.9,31,53,5.5,1,2.1,1.8,.68,1.4
2016,13,19,21.6,-.5,8.4,93.3,29.4,68.3,.49,13.37,0,12,6.3,9,13.2,12.8,13,1.1,.3,116,67,4.6,2.5,2,1.8,.71,2
2016,14,19,19.3,.2,8,97.5,31.2,72,.42,12.99,0,12.4,6.7,9.4,12.9,12.6,12.8,1.3,.3,121,72,3.5,1.7,1.9,1.8,.73,2.4
2016,15,19,18.7,3.1,9,95.9,38.2,74,.4,10.39,0,12.2,7.8,9.8,12.9,12.7,12.8,1.9,.9,268,60,8.2,1.6,1.7,1.9,.82,4
2016,16,19,19.4,-.1,9.7,98,33.3,69.7,.48,11.88,0,12.5,7.4,10,12.9,12.7,12.8,1.2,.4,91,67,3.9,1.7,1.8,1.6,.8,3.7
2016,17,19,22.7,2.3,10.6,97.6,30,69.5,.55,13.44,0,13.6,8.3,10.8,13,12.8,12.9,1.2,.5,81,60,3.5,3.1,2.2,2,.83,4.3
2016,18,19,21,3.7,10.4,93,34.3,72.3,.46,10.7,0,13.6,8.7,10.9,13.2,13,13.1,1.6,.5,119,67,5.4,2.6,1.7,2,.88,5
2016,19,19,22,1.8,11.1,95.2,29.7,69.1,.55,12.43,0,13.7,8.4,11.1,13.3,13.1,13.2,1.4,.4,38,70,5.4,2.8,2.1,2,.87,4.9
2016,20,19,22,3.6,12.1,93.8,34.8,69,.57,13.16,0,14.9,9.4,12.1,13.6,13.2,13.4,1.3,.5,180,62,3.1,2.9,2.2,2,.94,5.9
2016,21,19,21.1,3.8,11.2,94.1,18.6,62.5,.63,13.63,0,14.5,9.4,11.8,13.8,13.6,13.7,1.6,1.1,59,45,4.7,2.6,2.6,2.3,.77,3.2
2016,22,19,22.4,1.1,10.9,88.3,20.8,57.6,.71,13.65,0,14.3,8.6,11.4,13.9,13.6,13.7,1.6,1.3,59,36,6.5,2.9,2.8,2.4,.71,2
2016,23,19,21.1,2.7,10.8,89.3,26.2,59.2,.63,10.35,0,13.8,9.1,11.4,13.8,13.6,13.7,1.2,.4,152,65,3.7,2.5,1.8,1.9,.75,2.7
2016,24,19,19.9,2.3,10.5,89.2,25.4,58.1,.64,13.99,0,14.1,8.8,11.3,13.8,13.5,13.7,2.1,1.5,245,42,6.2,2,2.8,2.5,.7,1.8
2016,25,19,19.8,1.7,10,88.9,24.8,59.5,.64,13.62,0,14,8.6,11.2,13.8,13.5,13.6,1.1,.4,195,66,3.8,2,2.3,1.9,.68,1.4
2016,26,19,19,1,9.9,87.7,15.9,47.8,.77,14.45,0,13.4,8.4,10.8,13.7,13.4,13.6,2.3,1.7,33,39,7.6,1.7,3.3,2.8,.53,-2
2016,27,19,21.2,.2,10.3,80.5,15.8,47.3,.81,13.96,0,13.5,7.7,10.5,13.6,13.3,13.5,1.4,.7,62,55,6.1,2.4,2.8,2.4,.55,-1.5
2016,28,19,23.9,.9,10.4,86.9,19.8,56.6,.71,12.26,0,14,8.4,11,13.5,13.3,13.4,1,.2,142,71,3.3,3.4,2,2.1,.68,1.2
2016,29,19,23,.1,10.7,91.8,21.4,58.1,.71,13.35,0,14.3,8.3,11.2,13.6,13.3,13.4,1.5,.3,123,73,4,3.1,2.4,2.5,.71,1.9
2016,30,19,24.1,3.1,12.8,87.8,24.4,55.4,.84,13.62,0,15.3,9.3,12.1,13.7,13.4,13.6,1.7,.7,196,62,6.6,3.8,2.8,2.8,.77,3.1
2016,31,19,24.8,4.4,15.1,97.2,26,56.2,.92,14.25,9.91,16.3,10.4,13.3,14.1,13.7,13.9,4.6,3.6,212,38,15.9,4.2,4.1,4.3,.92,5.5
2016,32,19,14,1.5,8.4,88.3,36.9,63.1,.44,7.52,0,14.6,9.8,11.3,14.4,14,14.2,3.9,3.4,245,28,14.5,.2,1.7,2.1,.69,1.6
2016,33,19,13.2,-.6,5.9,86.2,20.4,52.2,.52,16.03,0,10.7,6.4,8.6,14,13.2,13.6,2,1.6,282,37,6.1,0,2.8,2.2,.45,-4.1
2016,34,19,14.9,-3.6,4.7,90.6,21.2,58.1,.45,16.09,0,10.2,5.3,7.6,13.2,12.5,12.8,1.6,.7,65,60,6.3,.3,2.6,2,.46,-3.9
2016,35,19,18,-2.1,7,88.9,12.1,52.3,.64,15.72,0,11,5.3,8,12.5,12.1,12.3,1.6,.8,55,57,6.6,1.2,2.9,2.4,.46,-3.8
2016,36,19,19,-1.5,8.6,84.1,19.3,53.4,.67,16.08,0,12.1,6.1,9,12.3,12,12.2,1.7,1,59,53,8.1,1.6,3.2,2.5,.55,-1.5
2016,37,19,21.9,.4,10.3,77.3,14.6,48.7,.81,16.43,0,12.9,6.8,9.7,12.4,12.2,12.3,2.3,1.9,49,34,9.4,2.6,3.7,3.3,.56,-1.3
2016,38,19,24.7,-.1,11.8,80.5,15.6,51.6,.89,16.41,0,14.1,7.4,10.6,12.6,12.4,12.5,1.3,.6,64,58,4.9,3.7,3.4,2.8,.67,1
2016,39,19,26.4,3.9,14.7,76.4,16.4,46.8,1.1,16.46,0,15.5,9.1,12,13.1,12.6,12.8,1.8,1.2,50,45,6.1,4.9,3.9,3.4,.75,2.5
2016,40,19,27,3.7,15.6,78.2,18,49,1.11,16.57,0,16.4,10.1,13.1,13.6,13.1,13.4,1.5,.9,52,52,6.3,5.1,3.8,3.1,.85,4.2
2016,41,19,27.5,4.5,15.2,79.7,20.6,52.6,1.03,15.1,0,16.5,10.8,13.6,14,13.6,13.9,1.4,.8,67,52,5.9,5.4,3.3,3,.89,4.8
2016,42,19,29.1,3.1,15.1,83,19.1,53.6,1.08,16.8,0,17.2,10.8,13.9,14.3,14,14.2,.9,.1,194,75,2.9,6,3.4,2.8,.88,4.7
2016,43,19,31.1,3.9,15.4,86.2,16.6,54.2,1.08,16.62,0,17.7,11.4,14.4,14.7,14.3,14.6,1.1,.4,102,66,3,6.8,3.4,3.1,.92,5.2
2016,44,19,29,4.1,15.2,85.5,19.4,50.7,1.12,17.03,0,17.8,11.8,14.6,15,14.7,14.9,1.2,.6,178,59,3.4,6,3.6,3.2,.83,4
2016,45,19,31.1,2.8,14.9,85.6,13.5,47,1.17,17.07,0,17.5,11.8,14.6,15.3,15,15.2,1.2,.4,213,63,3.7,6.7,3.7,3.4,.72,2.2
2016,46,19,28.9,4.8,16.3,77.6,14.7,45,1.26,17.25,0,18.2,12.4,15.2,15.5,15.2,15.4,1.4,.2,167,74,5.8,6.1,3.9,3.4,.8,3.5
2016,47,19,29.4,4,16.7,85,20.8,52.7,1.16,17.28,0,18.8,13,15.7,15.8,15.5,15.7,1.1,.6,78,58,4.5,6.3,3.7,3.1,.97,6.1
2016,48,19,34,4.8,17.2,82,12,49.4,1.32,17.31,0,19.1,13.3,16,16.1,15.8,16,1.5,.4,80,69,4.6,7.8,4,4.2,.92,5.4
2016,49,19,27.4,7.2,16.5,81.3,16.6,49.3,1.1,10.8,0,18.2,14.4,16.2,16.4,16.1,16.3,1.7,.3,214,74,5.2,5.8,2.5,3.2,.89,5.2
2016,50,19,26.6,8.6,16.4,86,20.7,55,.98,11.5,0,18.4,14.5,16.3,16.5,16.3,16.4,1,.4,51,61,3.4,5.7,2.2,2.5,1,6.6
2016,51,19,32.3,5.9,17.1,81.7,14.3,46.2,1.38,17.81,0,18.8,13.6,16,16.6,16.4,16.5,1.1,.5,129,63,2.9,7.6,3.8,3.6,.81,3.9
2016,52,19,29.7,4.2,16.7,84.1,12.2,44.6,1.36,18.24,0,19,13.9,16.4,16.8,16.5,16.7,1.3,.7,218,56,3.4,6.3,4.1,3.6,.75,2.8
2016,53,19,27.4,4.8,16.4,74.6,13.9,37.3,1.4,18.03,0,18.9,14.1,16.5,17,16.7,16.8,3,2.3,286,40,10.7,5.5,5.3,5.1,.63,.3
2016,54,19,23,3.6,14.1,75.4,12.1,37.1,1.17,19.27,0,18.2,13.9,16,17,16.8,16.9,2.4,1.5,342,50,8.8,3.4,5,4,.55,-1.6
2016,55,19,24.1,3.9,14.2,69.7,14.8,38.7,1.13,18.81,0,17.7,13.1,15.4,17,16.6,16.8,2,1.6,38,37,6.5,3.8,4.5,3.8,.6,-.5
2016,56,19,27.5,3,15.1,79.6,13.3,42.3,1.23,18.77,0,18.2,13.1,15.5,16.8,16.5,16.7,1.4,.6,66,61,4.9,5.2,4.3,3.6,.68,1.3
2016,57,19,31.6,3.8,16.4,78,9.4,43.7,1.4,19.3,0,20,13.6,16.4,16.8,16.6,16.7,1.4,.1,111,77,4.7,7,4.5,4.1,.73,2.2
2016,58,19,30.7,6.4,17.1,76.6,11.2,42,1.42,20.35,0,21.7,14,17.6,17.1,16.8,16.9,1.3,.3,201,71,3.7,7.2,4.7,4,.75,2.6
2016,59,19,29.7,5.9,17.4,76.6,11.9,40.5,1.46,18.73,0,21.7,14.5,18,17.4,17.1,17.3,1.2,.3,115,68,4.2,6.6,4.3,3.6,.73,2.3
2016,60,19,32.5,8.7,18.7,84.7,11.4,40.6,1.62,19.34,0,22.8,15.4,18.7,17.7,17.4,17.5,1,.3,159,68,3.8,8.2,4.4,3.7,.77,3.1
2016,61,19,32,6.8,19.1,80.6,12,41,1.67,19.9,0,23.4,15.7,19.3,18,17.7,17.9,1,.3,128,66,2.8,7.6,4.5,3.7,.8,3.7
2016,62,19,33.6,8.6,19.2,79.6,11.4,42.6,1.62,19.7,0,23.9,16.4,19.8,18.4,18,18.2,1,.3,107,70,3.1,8.4,4.5,3.9,.86,4.6
2016,63,19,32.9,7.2,19,82,8.5,40.3,1.62,19.22,0,23.6,16.5,19.8,18.6,18.4,18.5,1.2,.4,102,67,3.9,7.9,4.5,4.1,.8,3.6
2016,64,19,31.1,7.4,18.7,76.6,9.1,41,1.58,19.69,0,23.6,16.5,19.9,18.8,18.5,18.7,1.4,.1,321,78,3.9,7.4,4.7,4.1,.81,3.7
2016,65,19,28.9,7.4,18.5,77.1,14,45,1.34,16.02,0,22.6,16.7,19.7,19,18.7,18.8,1.2,.4,248,67,4.1,6.5,3.6,3.4,.91,5.4
2016,66,19,26.7,11.3,18.8,71.3,22.9,45.6,1.27,17.19,0,23.1,18.2,20.4,19.1,18.8,19,2.9,2.6,241,28,8.4,6.4,4.7,4.7,.97,6.4
2016,67,19,19.3,5.4,12.5,79.3,27.8,54.7,.73,17.37,0,20.2,16.1,18.2,19.2,18.9,19.1,3.5,3,247,30,9.9,2,4.1,3.6,.77,3.2
2016,68,19,23.8,5.5,13.5,83.2,19,52.2,.88,21.3,0,21.7,15.1,18.1,18.9,18.4,18.6,2,1.5,244,42,5.8,3.9,4.5,4,.75,2.9
2016,69,19,27.7,4.3,15.9,75.3,10.9,39,1.36,22.03,0,22.7,14.8,18.6,18.6,18.3,18.5,1.5,1.1,203,45,4,5.5,4.9,4.2,.62,.2
2016,70,19,32.8,6.4,18,77.5,10.6,41.2,1.58,22.13,0,23.9,15.9,19.6,18.7,18.5,18.6,1.2,0,153,80,3.3,7.8,5.1,4.3,.75,2.7
2016,71,19,28.9,8.1,18.2,82.1,14.6,41.9,1.43,16.35,0,22.3,16.8,19.6,19,18.7,18.9,2.5,1.3,211,56,11.2,6.8,4.5,4.9,.81,3.7
2016,72,19,22.5,6,14.4,80.6,21.5,49.6,.93,22.46,0,22.7,16.4,19.5,19.1,18.9,19,2.5,2,227,34,9.1,3.4,4.9,4.2,.78,3.4
2016,73,19,26.4,3.9,15,83.8,17.3,48.2,1.1,22.38,0,23.2,15.5,19.1,19.1,18.8,19,1.3,.6,220,59,4.6,4.9,4.8,3.9,.76,3
2016,74,19,27.2,7.6,17.1,79.6,24.1,49.7,1.17,21.94,0,23.6,16.5,19.9,19.1,18.9,19,1.8,1.4,241,41,6.2,5.8,5,4.4,.93,5.7
2016,75,19,30.5,8.5,18.8,87.9,8.9,44.7,1.49,22.51,0,24.5,17.1,20.6,19.4,19.1,19.2,1.3,.4,80,66,5,7.6,5.2,4.3,.88,4.9
2016,76,19,34.2,7.4,19.4,69.2,6.7,31.7,1.9,23.33,0,25.2,17,20.9,19.6,19.3,19.5,1,.2,187,74,5,8.3,5.6,4.5,.62,.1
2016,77,19,31.4,6.5,18.5,79.1,6.6,34.4,1.73,23.43,0,25.2,17.3,21.1,19.8,19.6,19.7,1.5,.5,234,66,4.7,7.4,5.8,5,.65,.6
2016,78,19,34,7.4,19.4,70.1,8.7,37.9,1.76,23.27,0,25.8,17.5,21.4,20,19.7,19.9,1.5,.5,241,65,4.6,8.3,5.7,5.1,.77,3
2016,79,19,33.5,10.2,21.1,73,11,37.3,1.87,23.04,0,26.6,18.5,22.3,20.3,19.9,20.1,1.3,.2,198,74,3,8.9,5.6,4.8,.88,4.9
2016,80,19,33.2,9.9,21.6,68.7,11.4,39.3,1.8,22.8,0,27,19.1,22.8,20.6,20.3,20.5,1.2,.2,308,75,3.3,8.7,5.6,4.7,1.01,6.5
2016,81,19,33.8,10.5,21.2,74,9,38.5,1.85,23.3,0,27,19.4,23.1,20.9,20.6,20.8,1.8,.8,252,61,6.7,9,6.1,5.5,.9,5.2
2016,82,19,25.9,10.4,18.9,60.8,19.3,33.7,1.55,23.75,0,24.3,19.8,22.1,21.2,20.9,21,4.5,4.2,244,21,11.5,5.7,7.8,6.6,.71,2
2016,83,19,23.6,5,15.1,60.8,9,35.6,1.24,24.81,0,23.8,17.3,20.5,21.1,20.6,20.8,2.3,1.5,314,48,7.8,3.7,6.1,4.9,.57,-1.1
2016,84,19,28.9,2.5,16.1,75.4,7.7,33.7,1.5,24.68,0,24.6,16.3,20.2,20.7,20.2,20.5,1.3,.4,218,69,4.7,5.7,5.7,4.6,.54,-2
2016,85,19,30.4,5.9,18.3,66,8.1,35.3,1.62,23.99,0,25.4,17.1,21.1,20.5,20.2,20.4,1.5,1.1,229,42,5.3,7,5.8,5,.69,1.4
2016,86,19,32.4,7.6,19,68.1,9.6,36.2,1.68,24.5,0,26,18.1,21.8,20.6,20.4,20.5,1.8,.8,272,59,6.4,7.9,6.1,5.6,.72,2.1
2016,87,19,29.8,5.2,18.5,68.8,10.5,32.5,1.68,24.86,0,25.9,17.7,21.7,20.8,20.5,20.7,1.8,.9,218,58,6.1,6.5,6.2,5.3,.66,.8
2016,88,19,27.2,10.4,20,79.1,22.6,40.7,1.52,20.63,0,23.8,19.2,21.6,20.9,20.7,20.8,4.4,3.7,207,32,11.5,6.4,6.8,6.2,.91,5.5
2016,89,19,19.6,8.6,14.5,65.3,20.6,43.5,.98,21.73,0,23.1,19,20.9,20.9,20.7,20.8,3.9,3.7,249,20,9.8,2.5,5.5,4.8,.7,1.8
2016,90,19,21.7,5.7,13.6,71.6,17.8,43.8,.98,25.1,0,23.5,16.6,19.8,20.8,20.3,20.6,2.2,1.8,224,35,6,3,5.4,4.5,.64,.5
2016,91,19,24.8,4.2,14.3,76.7,13.3,42.4,1.11,24.08,0,24,16.4,20,20.5,20.1,20.3,1.8,1.4,229,38,5.4,4.2,5.3,4.6,.63,.4
2016,92,19,28.4,6.8,17.5,70,15.9,40.1,1.41,24.99,0,25.3,17.2,21,20.4,20.1,20.3,1.3,.7,223,56,4.6,6.3,5.6,4.6,.75,2.8
2016,93,19,30.4,7.9,19.5,74.6,9.5,34.3,1.82,25.69,0,25.7,18.1,21.7,20.6,20.3,20.5,1.7,1.3,73,37,6.7,7.3,6.6,5.5,.66,.9
2016,94,19,32.2,8.6,20.7,74,8,31.3,2.07,26.28,0,26.3,18.4,22.2,20.8,20.6,20.7,1.8,.9,45,56,6.2,8.1,7.1,5.9,.64,.3
2016,95,19,33.4,8.6,21.4,73.4,6.8,34,2.07,26.15,0,27.5,18.9,23,21.1,20.8,21,1.3,.3,254,71,6.2,8.4,6.5,5.4,.76,2.9
2016,96,19,34.5,11.9,22,67.4,8.3,36.5,1.99,23.22,0,27.6,20,23.6,21.5,21.1,21.4,1.3,.6,201,58,4.8,9.6,5.8,5.3,.89,5.1
2016,97,19,36.2,11.1,23.7,68.2,5.6,32.3,2.37,22.96,0,27.4,20.5,23.9,21.8,21.5,21.7,2.1,.8,74,65,6.3,9.6,6.7,6.6,.83,3.6
2016,98,19,30.9,16.8,22.6,83.9,11.8,46,1.59,10.15,0,25.2,22,23.5,22,21.8,22,2.3,1,228,61,12,11,3,4.5,1.22,9.5
2016,99,19,27.5,14.6,20.2,87.8,30,64.7,.96,20.38,0,25.6,21,23.2,22.1,21.9,22,3.5,1.4,189,63,9.1,8.3,5.3,5.1,1.47,12.6
2016,100,19,29.1,11.5,19.3,92.1,20.6,56.2,1.19,25.3,0,27.1,19.8,23.2,22.1,21.8,21.9,2.2,1.4,199,48,6.7,7.7,6.1,5.5,1.16,9
2016,101,19,18.9,12.8,15.8,96.7,37.8,73.1,.5,11.58,13.97,23.5,18.8,20.8,22.1,21.7,22,2.9,2.3,177,38,10.9,3.1,2.2,2.7,1.3,10.6
2016,102,19,25.9,10.2,17.7,97.7,32.3,68.6,.79,24.31,0,23.1,16.3,19.5,21.7,20.9,21.2,1.4,.8,84,53,5,5.8,4.8,4.3,1.31,10.9
2016,103,19,28.5,11.6,19.3,92.9,25.2,63.5,1.01,26.82,0,25.7,17.2,21.1,21.1,20.8,20.9,1.9,1.7,211,22,5.9,7.4,5.8,5.2,1.33,11.2
2016,104,19,31.1,11.7,21.5,93.3,19,55.3,1.43,26.96,0,27.8,18.5,22.8,21.5,21,21.2,1,.4,259,63,4.1,8.5,6,5,1.3,10.8
2016,105,19,30.6,12.2,21.4,85.5,21.5,49.5,1.52,26.5,0,28.1,19.5,23.6,22,21.5,21.8,1.9,1.5,236,41,6.5,8.7,6.6,5.7,1.19,9.4
2016,106,19,27.1,10.3,19.3,78,11,38.5,1.55,26.76,0,26.2,19.3,22.7,22.3,21.9,22.1,4.1,3.3,288,36,12.9,6.3,8.1,6.9,.78,2.8
2016,107,19,27.6,7.9,17.9,71.6,11.8,39,1.46,28.16,0,26.6,17.8,22,22.2,21.7,22,2.4,1.9,283,38,6.9,6,6.9,6,.73,2.3
2016,108,19,29.6,8.4,20.4,71.9,11,33,1.86,28.05,0,27.2,18.3,22.5,22.1,21.7,21.9,1.9,1,55,57,7,7.1,7.2,6,.7,1.8
2016,109,19,31.6,9.7,21,71.6,7.6,33.5,1.93,28.49,0,28.2,19,23.3,22.2,21.9,22,2,.5,349,71,6.3,8.2,7.4,6.4,.74,2.6
2016,110,19,34.5,8.6,22.5,72.8,6.6,28.1,2.37,27.7,0,28.7,19.1,23.8,22.4,22.1,22.3,1.4,.3,164,72,3.9,8.7,7.1,6,.65,.8
2016,111,19,35.9,11.2,23.7,75.5,5.9,33.6,2.37,28.37,0,29.9,20.2,24.8,22.8,22.4,22.6,1.3,.4,45,69,3.7,9.8,7.2,6.1,.87,4.7
2016,112,19,36.8,13,23.8,67.6,7.3,33.6,2.25,27.81,0,30.5,21,25.5,23.2,22.8,23,1.4,.1,286,78,5.7,10.5,7.2,6.4,.95,5.9
2016,113,19,35.9,12.1,24.5,76.8,8.6,33.7,2.41,27.93,0,30.1,21.7,25.8,23.6,23.2,23.4,2.7,1.9,214,44,10.6,9.9,8.6,7.9,.92,5.5
2016,114,19,30.1,13.9,21.8,71.3,15.4,40.7,1.73,27.03,0,29.2,22.1,25.5,23.8,23.5,23.7,3.3,2.9,240,28,11.5,9.2,7.9,7.1,1.01,6.9
2016,115,19,31.2,9.5,21.3,66.7,9.9,33.2,1.96,28.22,0,29.4,20.5,24.8,23.9,23.4,23.6,2.4,2,223,35,8.5,8,7.6,6.8,.78,3.2
2016,116,19,25.5,13.8,20.6,71,10.2,33.4,1.72,28.47,0,26.6,21.9,24.3,23.8,23.5,23.7,6.3,5.9,244,20,15.3,6.8,10,8.2,.76,2
2016,117,19,26,9.2,17.4,69.8,17.2,41,1.3,26.68,0,27.4,19.6,23.2,23.7,23.1,23.4,2.7,2.4,226,28,7.5,5.5,6.5,5.9,.77,3.2
2016,118,19,28.8,9.5,19.8,74.2,14.2,35.7,1.71,27.49,0,28,19.6,23.6,23.4,22.9,23.1,2.4,1.6,216,47,9.4,7,7.2,6.3,.76,2.8
2016,119,19,23.5,11.1,17.4,64.6,20.2,43.1,1.2,27.72,0,26.3,20.3,23.2,23.3,23,23.2,3.9,3.7,242,20,9.7,4.7,7.3,6.1,.83,4.3
2016,120,19,27.3,10.3,19.2,77,21.7,46.8,1.33,25.84,0,27.1,19.7,23.3,23.2,22.8,23,2.9,2.5,235,31,7.8,6.4,6.6,5.9,1,6.9
2016,121,19,26.5,11.5,17.9,93.4,24,59.9,.94,16.92,2.79,25,20.3,22.4,23.1,22.8,23,2.7,1.3,218,58,13.4,6.3,4.2,4.6,1.18,9.1
2016,122,19,26.9,10.4,19.4,99.9,24,60.7,1.1,28.51,0,27.4,18.2,22.4,22.9,22.3,22.6,1.3,.2,345,76,5.8,6.3,6.1,5,1.25,10.1
2016,123,19,31,11.8,22,90.3,16.4,48.9,1.64,29.04,0,29.2,19.5,24.1,22.9,22.5,22.7,1.5,.3,342,73,5.5,8.7,6.9,5.8,1.17,9.1
2016,124,19,34.2,13.9,24.1,75,11.9,40.9,2.04,29.56,0,30.8,21,25.6,23.4,22.9,23.1,1.4,.1,155,77,4.5,10.5,7.4,6.4,1.14,8.6
2016,125,19,37.2,12.5,24.9,76.3,8.1,35.1,2.45,29.78,0,31.4,22,26.5,24,23.4,23.7,2.5,1.2,198,59,9.7,10.4,8.7,8.1,.98,6.6
2016,126,19,33.4,14.8,24.6,59.7,9.5,28,2.42,28.83,0,29.8,22.8,26.2,24.3,24,24.1,4.9,4.3,192,29,13.1,10.7,10.3,9.7,.82,4
2016,127,19,24.8,13.5,18.8,84.2,34.3,59.3,.95,23.92,0,28.2,22.5,25.1,24.4,24.1,24.2,3.5,2.5,219,43,11.6,6.4,5.8,5.3,1.26,10.3
2016,128,19,26.2,10.9,18.6,88.8,27.8,58.6,1.03,23.2,0,28.2,20.9,24.4,24.3,23.8,24,1.6,.4,254,70,6.9,6.1,4.9,4.6,1.19,9.5
2016,129,19,26.5,11.5,19.4,86,25.5,54.7,1.13,26.83,0,29,21.4,25.1,24.1,23.7,23.9,2.1,1.7,222,37,5.4,6.3,6,5.3,1.19,9.5
2016,130,19,29.9,11.4,20.6,81.3,19.2,51.3,1.4,29.53,0,30.5,21.4,25.7,24.2,23.8,24,1.8,1.4,239,38,5.8,7.9,6.8,6,1.15,9
2016,131,19,32,12.8,22.2,76.5,13.6,46.5,1.65,29.85,0,31.3,22.2,26.6,24.5,24.1,24.3,1.8,1.1,242,49,5.2,9.3,7.3,6.4,1.18,9.3
2016,132,19,35.1,12.6,23.8,76.5,8.4,38.8,2.15,29.33,0,32.1,22.9,27.3,24.8,24.5,24.6,1.3,.6,281,60,4.2,10,7.3,6.3,1.04,7.4
2016,133,19,37.9,14.2,26.7,77.6,8.6,34.6,2.67,29.33,0,33.3,23.8,28.3,25.3,24.8,25,1.3,.4,257,66,4.6,11.3,7.7,6.7,1.13,8.4
2016,134,19,39.5,15.5,27.5,79.3,8.2,38.2,2.66,29.2,0,33.8,24.8,29.2,25.8,25.2,25.5,1.5,.8,273,54,5.4,12,7.8,7.1,1.31,10.7
2016,135,19,38.3,19.6,28.8,71.8,11.6,32.8,2.99,26.45,0,33.2,26.4,29.7,26.3,25.8,26,2.9,2.3,214,38,11.1,13.7,8.8,8.6,1.17,9
2016,136,19,33.4,13.4,24.7,78.5,15.2,39.2,2.16,29.59,0,31.9,25,28.4,26.5,26.1,26.3,3.3,2.9,228,28,11.8,10,9,8,1.11,8.4
2016,137,19,32.3,14.8,24.2,67.6,15.4,37.2,2.12,29.68,0,32.2,24.5,28.3,26.4,26,26.2,2.9,2.4,219,32,8.7,10.4,8.4,7.6,1.05,7.7
2016,138,19,32,13.8,22.8,85.8,19,46.9,1.72,27.92,4.32,32.1,24.4,27.9,26.4,26,26.2,2.8,1.7,253,52,10.9,9.9,7.5,7.1,1.21,9.4
2016,139,19,31.1,17.2,23.3,91.5,23.3,57,1.42,27.97,.25,31.1,23.2,26.8,26.3,25.8,26,1.4,.6,301,62,5.1,11.2,6.4,5.8,1.53,13.2
2016,140,19,34.4,16.3,25.8,80.8,16.6,42.9,2.2,29.8,0,33,23,27.8,26.1,25.7,25.9,1.5,.2,121,77,5.9,11.7,7.5,6.6,1.3,10.8
2016,141,19,34.4,17.3,27.3,71.8,16.9,31.9,2.67,29.87,0,32.2,24.5,28.2,26.3,26,26.2,5.1,4.6,202,25,12.2,12.1,10.9,10.1,1.09,8.1
2016,142,19,30.9,14.9,24.1,72.3,15.6,38.8,1.97,30.07,0,31.2,24.1,27.6,26.5,26.1,26.3,4,3.4,208,32,11.9,10.1,9.2,8.1,1.12,8.3
2016,143,19,29.5,12.6,21.3,79.2,14.1,44.4,1.58,30.27,0,31.4,23.4,27.2,26.4,26,26.2,2.2,1.7,249,39,7.5,8.3,7.6,6.5,1.06,7.7
2016,144,19,31.7,11.7,22.1,69.1,10.8,35,1.93,30.47,0,31.7,22.6,27,26.3,25.8,26.1,2.2,1.2,231,53,6.2,8.9,7.9,7,.88,5
2016,145,19,29.9,13.7,21.9,71,17.5,38.1,1.75,30.15,0,31.1,23.4,27.1,26.3,25.9,26.1,2.7,2.2,232,35,7.4,9,8,7.1,.98,6.5
2016,146,19,30.8,12,21.7,77.6,13.4,36.8,1.83,29.09,0,30.7,22.9,26.8,26.2,25.8,26,2.5,1.8,230,41,9.6,8.6,7.8,6.9,.91,5.5
2016,147,19,31,10.9,21.4,84.3,13.3,42.4,1.68,29.91,0,31.4,22.9,27,26.1,25.7,25.9,1.8,1.4,232,38,5.2,8.4,7.1,6.4,1,6.8
2016,148,19,33.3,12.4,23.6,76.1,12.4,40.5,2.05,29.81,0,32.7,23.5,27.9,26.2,25.8,26,1.1,.5,247,59,4.8,9.5,7.1,6,1.09,8.1
2016,149,19,35.3,14.1,24.7,71.6,11.7,37.9,2.18,29.66,0,33.4,24.5,28.7,26.5,26.1,26.3,1.6,1,258,52,5.8,10.8,7.6,6.9,1.12,8.5
2016,150,19,34.3,11.7,24,77.8,7.8,33.7,2.23,30.73,0,32.9,24.7,28.7,26.8,26.5,26.6,2.1,1.3,226,51,7.7,9.5,8.4,7.4,.94,5.8
2016,151,19,34.5,11.3,23.9,69.7,7.8,28.1,2.44,30.84,0,33,23.9,28.3,26.9,26.5,26.7,1.4,.6,216,61,4.2,9.5,7.8,6.7,.77,3.1
2016,152,19,37,14.7,26.2,69.9,6.6,35.1,2.62,30.56,0,33.7,24.9,29.1,27,26.6,26.8,1.4,.6,242,62,4.7,11.4,8,6.9,1.07,7.6
2016,153,19,36.6,16.3,26.9,64.3,10.2,36.3,2.49,29.84,0,34.2,26,30,27.3,26.9,27.1,1.9,1.2,242,48,5.6,12,8.2,7.4,1.24,9.8
2016,154,19,41.2,17.9,29,55.4,7.4,33,3.06,30.18,0,35.4,26.3,30.7,27.6,27.3,27.4,1.5,.8,232,54,4,13.3,8.2,7.6,1.27,10
2016,155,19,43.9,18.2,30.3,70.3,6,37.4,3.02,29.81,0,36.5,27.4,31.7,28.1,27.6,27.9,1.4,1.1,238,37,3.3,13.7,8.1,7.7,1.61,13.6
2016,156,19,46.1,19.4,31.6,60,5.3,31.4,3.64,29.6,0,37,28,32.3,28.6,28.1,28.3,1.4,1.1,218,35,5.2,14.3,8.2,8,1.43,11.8
2016,157,19,45.1,19,31.4,61.3,5,30,3.67,30.06,0,37.5,28.5,32.8,29,28.6,28.8,1.5,1.1,230,41,4.2,14.1,8.5,8,1.3,10.4
2016,158,19,42.2,18.9,30.5,61.6,6.4,28.1,3.44,30.26,0,36.9,28.9,32.8,29.3,29,29.1,2,1.4,231,47,7.6,13.8,9,8.6,1.17,8.9
2016,159,19,41.9,20.3,30.2,66.2,8.4,32.3,3.26,30.29,0,37,28.6,32.6,29.5,29.2,29.4,1.8,.7,237,64,5.7,14.3,8.5,8.2,1.29,10.2
2016,160,19,39.9,19.5,29.4,77,16.6,45.7,2.56,28.87,0,37.1,29.2,33,29.7,29.4,29.5,1.9,1.4,248,44,8.1,13.8,7.9,7.7,1.76,15.4
2016,161,19,38.4,21.6,29,73.8,21.3,48.2,2.29,28.8,0,36.6,29.6,33,29.9,29.6,29.8,2.2,1.2,236,55,7.7,14.6,8,7.8,1.87,16.4
2016,162,19,35.5,21.6,27.8,80.3,29.5,56.3,1.76,17.44,0,33.8,29.6,31.8,30,29.7,29.9,2,1,257,55,8,14.2,4.6,5.4,2.06,17.9
2016,163,19,39.2,20.1,28.8,83.5,18.9,48.7,2.34,28.4,0,35.7,28.6,31.9,29.8,29.4,29.6,2.4,1.8,236,43,12.1,14,8.4,8.1,1.81,15.7
2016,164,19,38.6,16.1,27.4,75.8,8,36.5,2.76,30.73,0,35.2,27.7,31.4,29.8,29.4,29.6,2.6,1.8,239,45,9.4,12.3,9.3,8.8,1.15,8.5
2016,165,19,37.4,14.2,27.7,75.8,9.1,27.4,3.06,31.16,0,35,27.5,31.2,29.7,29.3,29.5,2.3,1.7,231,41,7.6,11.2,9.3,8.3,.91,5.4
2016,166,19,37.8,15.9,27.2,63,6.6,29.1,2.86,31.22,0,35.3,27.4,31.3,29.6,29.2,29.4,2,.9,255,59,6.5,12,8.9,8,.98,6.3
2016,167,19,38.1,15.6,28.4,57.1,9.3,22.8,3.28,31.06,0,34.9,27.4,31.1,29.6,29.2,29.4,2.8,2.1,214,40,9.1,11.9,10,9.2,.83,4
2016,168,19,38.7,16.1,27.9,69.2,9.4,32.2,2.85,31.04,0,35.7,27.5,31.5,29.6,29.2,29.4,2,1.2,257,51,6.8,12.3,8.8,8.1,1.14,8.8
2016,169,19,39.8,18.2,29,74.2,7.1,36.1,2.87,31.25,0,36.7,27.9,32.1,29.7,29.3,29.5,1.3,.4,295,66,3.7,13.3,8.2,7.3,1.41,11.8
2016,170,19,43.7,17.1,31.5,68.3,5.5,29.4,3.71,28.89,0,37.1,28.5,32.7,29.9,29.6,29.8,1.2,.3,232,68,3.3,13.3,8,7.2,1.3,10.2
2016,171,19,48.4,20,34.4,71.9,6.4,31.2,4.34,30.09,0,38.9,29.8,34.2,30.4,29.9,30.1,1.1,.6,274,55,3.3,14.6,8.4,7.8,1.6,13.6
2016,172,19,43.1,22.8,33.4,57.8,10.6,33.5,3.66,29.16,0,38.7,31.2,34.8,30.9,30.3,30.6,2.7,2.5,231,23,6.3,15.3,9.3,9.5,1.71,14.8
2016,173,19,40.8,25.9,33.6,62.2,15.8,33.5,3.57,28.89,0,39,32.3,35.5,31.3,30.9,31.1,2.5,1.9,221,41,6.8,16.3,9,8.9,1.74,15
2016,174,19,40.4,22.2,32.6,64.4,17.5,35.8,3.35,29.14,0,38.9,31.5,35.2,31.5,31.3,31.4,2.4,1.7,221,43,7.4,15,8.9,8.5,1.75,15
2016,175,19,42.3,23.1,32.9,60.9,15.1,36.3,3.39,29.58,0,39.1,31.8,35.3,31.7,31.5,31.6,2.4,1.7,226,42,8.7,15.4,9.2,8.9,1.78,15.5
2016,176,19,40.2,22.8,31.5,70.2,16.7,41.1,2.95,29.76,0,38.8,31.3,35,31.9,31.6,31.7,2.2,1.6,223,43,7.5,15.2,8.8,8.3,1.86,16.1
2016,177,19,41.9,21.1,32.2,65,14.7,35.4,3.43,29.67,0,39.2,31,35,32,31.6,31.8,1.7,.6,259,64,4.6,14.7,8.4,7.9,1.62,13.9
2016,178,19,38.6,24.4,31.6,65.9,21.6,45.7,2.67,12.91,0,35.9,32.1,34.1,32,31.8,31.9,1.4,.6,215,60,5.2,15.7,3.6,4.6,2.09,17.9
2016,179,19,43.1,26,34,77.6,14.4,42.6,3.37,22.69,0,38.5,31.6,34.6,31.8,31.5,31.6,1.2,.3,245,71,8.4,16.4,6.4,6.4,2.16,18.5
2016,180,19,43.4,24.3,33.5,73.7,15.7,45.4,3.12,27.72,0,40.2,32.2,36,32.1,31.7,31.9,1.5,1.2,225,35,4,15.9,7.7,7.6,2.28,19.4
2016,181,19,41.8,29.1,35,62.8,21.5,38.3,3.61,26.56,0,40.3,33.8,36.9,32.6,32.1,32.3,2.7,1.5,208,54,10,17.1,8.4,8.9,2.11,18.2
2016,182,19,37.3,26.1,31.6,82.4,26,50.8,2.45,19.35,.51,37.2,33,35.1,32.8,32.5,32.7,2.7,2.1,89,40,9.9,16.2,6.1,6.7,2.27,19.4
2016,183,19,40.3,24.5,31.2,93.2,28,58.1,2.18,26.71,9.4,40.3,32.4,35.7,32.5,32.2,32.4,2,.6,90,68,13.2,15.8,7.1,7.4,2.5,21
2016,184,19,41.2,24,31.7,95.8,19.3,53.9,2.6,29.32,0,38.2,30.3,33.9,32.7,32.1,32.4,2.1,.4,70,72,5.5,15.7,8.2,8.1,2.28,19.3
2016,185,19,41.8,24.8,32.5,69.3,18.2,41.7,3.14,29.69,0,39.1,30.4,34.5,32.4,32,32.2,1.9,.6,252,67,5.2,16,8.5,8.2,1.93,16.9
2016,186,19,43.1,22.6,33.8,75.9,12.1,32.8,3.92,30.17,0,39.1,31.1,35,32.5,32.2,32.3,2.3,1.6,227,46,8.4,15.3,9.5,9.1,1.58,13.6
2016,187,19,44.3,23.3,34.1,61,9.3,26.5,4.41,30.23,0,39,31.3,35,32.6,32.3,32.5,2.9,2,218,45,8.4,15.6,10.4,10.3,1.25,10
2016,188,19,41.9,24.4,34,67.2,17.6,30.7,3.92,29.51,0,38.6,31.7,35,32.7,32.4,32.5,4,3.3,223,34,10.1,15.9,10.8,10.9,1.59,13.6
2016,189,19,42.5,22,32.4,77.5,15.1,40.4,3.35,29.74,0,38.9,31.4,35,32.8,32.4,32.6,2.7,1.4,237,57,9.9,15,9.4,9.3,1.77,15.1
2016,190,19,43,20.5,32.6,65.4,13.7,31.8,3.72,30.14,0,38.8,31.1,34.9,32.8,32.4,32.6,2.3,1.1,242,59,8.8,14.4,9.4,9,1.49,12.7
2016,191,19,43.8,22.3,34.1,70.3,12.4,30.7,4.13,29.83,0,39.2,31.8,35.4,32.8,32.5,32.7,2.7,1.8,235,46,7.2,15.2,9.8,9.7,1.51,13
2016,192,19,43.3,24.4,33.9,58.5,7.6,26.4,4.34,30.39,0,38.9,32.2,35.5,32.9,32.7,32.8,3,2.8,240,22,8.7,15.9,10.6,10.4,1.23,9.6
2016,193,19,40.8,22.4,32.2,64.8,10.4,29.7,3.72,30.58,0,38.5,31.6,35,33,32.6,32.8,2.9,2.4,235,34,8.4,15.1,10.1,9.6,1.31,10.8
2016,194,19,40.5,20.6,31.5,66.1,11.4,32.1,3.48,30.56,0,38,31,34.5,32.9,32.5,32.7,2.7,1.9,219,44,9.4,14.3,9.8,9.2,1.39,11.7
2016,195,19,42.7,20.2,31.9,70.1,17.2,42,3.12,29.27,0,39.1,31,34.9,32.8,32.4,32.6,1.9,.6,274,67,5.6,14.4,8.3,8.1,1.9,16.5
2016,196,19,43,23.7,33.1,70.9,14.4,43,3.25,29.16,0,39.9,32.2,36,32.9,32.6,32.8,1.8,1.2,254,46,5.9,15.7,8.2,8.1,2.07,17.9
2016,197,19,43.1,24.4,33.8,64,14.8,38.3,3.5,28.95,0,40.3,33,36.5,33.2,32.9,33.1,2.3,2,236,31,6.1,15.9,8.8,8.8,1.96,17.1
2016,198,19,42.6,25.9,33.5,72.5,19.1,40.3,3.25,28.22,0,40.4,33.3,36.7,33.4,33.2,33.3,2.4,1.5,244,49,9.3,16.3,8.5,8.8,2.07,17.8
2016,199,19,38.8,26.5,32.6,66.6,20.6,41,3,16.55,0,37.1,34,35.6,33.7,33.4,33.5,2.2,1.6,199,42,11.3,16.4,5.5,6.3,1.98,17.1
2016,200,19,43.1,27.2,34.2,78.2,16.3,40.4,3.44,24.06,0,39.2,33,35.7,33.5,33.1,33.3,2.2,.8,117,66,9.4,16.8,7.5,8,2.08,18
2016,201,19,42.1,28.3,34.8,72.7,17.4,43,3.33,21.99,0,39.8,34.2,36.6,33.5,33.2,33.4,1.6,.3,140,74,9.1,17,6.4,6.7,2.33,19.8
2016,202,19,41.3,28.5,35.1,71.2,20.5,39.3,3.57,26.09,0,40.7,34.2,37.1,33.7,33.5,33.6,2.2,1.3,39,53,9,17.1,8.1,8.1,2.19,18.9
2016,203,19,45.7,27.7,36.4,74.5,15.1,37.3,4.16,28.64,0,42,34.4,37.9,34.1,33.7,33.9,1.4,.1,156,78,6,16.9,8.4,7.9,2.14,18.5
2016,204,19,45.8,28.7,36.8,65,12.8,35.9,4.3,25.59,0,41.9,35.3,38.3,34.4,34,34.2,1.4,.2,242,76,7.5,17.1,7.5,7.5,2.1,18.2
2016,205,19,42.4,27.7,33.8,74.2,19.1,48.2,2.83,26.89,0,41.5,35.3,38.2,34.7,34.4,34.5,2.5,2.1,226,30,10.4,16.8,8,8.4,2.51,21.1
2016,206,19,41.1,25.8,33.1,70,22.7,48.1,2.77,25.57,0,40.6,34.2,37.4,34.8,34.4,34.6,3,2.6,221,32,11.6,16.2,7.9,8.5,2.4,20.3
2016,207,19,42.1,25.4,33.5,75.1,20.3,48,2.89,27.1,0,41.3,34.2,37.6,34.7,34.3,34.5,1.7,1,226,49,5.3,16.1,7.5,7.4,2.41,20.4
2016,208,19,43.4,26.2,34.2,76.5,19.2,50.4,2.82,27.75,0,41.9,34.9,38.2,34.8,34.5,34.6,2.1,1.8,229,30,7.6,16.4,8,8.2,2.67,22
2016,209,19,43.9,27.1,34.8,67.9,18.9,44.7,3.24,27.79,0,42.3,35.2,38.5,35,34.7,34.8,2,1.7,232,32,6,16.7,8.2,8.3,2.46,20.7
2016,210,19,44.5,28.7,35.6,61.4,18.1,42.3,3.56,27.44,0,42.4,35.6,38.8,35.2,34.9,35,2.2,1.6,234,41,6.7,17.1,8.4,8.6,2.4,20.2
2016,211,19,41.1,22.5,33.2,94.1,26.9,54,2.55,27.27,5.59,42,35.5,38.6,35.3,35,35.2,3.3,1.6,210,58,27,15,8.1,8.4,2.69,22.2
2016,212,19,36.7,24.8,30,88.3,34.4,63.2,1.69,22.65,0,38.8,32.6,35.5,35.4,34.6,35,2.8,2,231,44,7.7,15.7,6.1,6.6,2.62,21.8
2016,213,19,37.7,25.4,31.2,84,32.5,58.8,2.03,26.85,1.27,40.1,32.3,36,34.7,34.2,34.4,2.6,2.2,227,34,8,16,7.5,7.4,2.61,21.8
2016,214,19,39.1,25,31.9,87.2,27.6,53.6,2.45,25.47,0,39.9,32.4,35.9,34.5,34,34.3,1.8,.9,168,58,7.3,15.9,6.9,6.9,2.39,20.3
2016,215,19,39.4,28.5,33,72.5,27.3,50.9,2.58,24.19,0,41.1,34.3,37.3,34.5,34.2,34.3,2.3,.8,134,65,8.7,17,7.2,7.3,2.51,21.1
2016,216,19,40.7,28,33.8,79.3,25.5,49.2,2.85,25.87,0,42.3,34.5,37.9,34.8,34.4,34.6,1.4,.4,112,68,7.7,16.9,7.4,6.9,2.48,20.9
2016,217,19,41,27.9,34.5,76.6,22.5,44.5,3.3,25.95,0,41.5,35,38,35,34.7,34.8,2.1,1.3,91,50,8.6,16.9,8,7.7,2.29,19.5
2016,218,19,40.4,28.3,34.6,72.3,27.3,42.4,3.32,26.28,0,41.3,35.2,38.1,35.1,34.9,35,2.3,1.6,78,45,8.5,16.9,8.3,7.9,2.26,19.4
2016,219,19,42.5,26.8,35.1,81.7,18.1,42.8,3.52,27.43,0,42.1,34.9,38.3,35.2,34.9,35.1,1.9,.7,39,65,6.4,16.6,8.3,7.9,2.29,19.5
2016,220,19,43.9,26,34.7,71.3,12.2,34.4,3.95,27.53,0,42.2,34.6,38.2,35.4,35,35.2,1.9,.6,261,67,7.3,16.4,8.5,8.1,1.79,15.4
2016,221,19,43.9,24.2,34.8,66.8,11,30.5,4.17,27.69,0,41.5,33.9,37.6,35.4,35,35.2,2.9,1.8,226,50,9.4,15.8,9.5,9.5,1.61,13.9
2016,222,19,40.8,27.1,34.4,77.3,24.2,46.7,3.06,23.28,0,39.7,34.8,37.1,35.3,35,35.2,4.4,3.6,188,35,10.9,16.6,8.4,9.3,2.45,20.7
2016,223,19,39.6,26.9,33.2,79.3,30.9,52,2.65,26.43,0,41.1,34.2,37.2,35.2,34.8,35,3.2,2.6,216,35,8.4,16.5,8.4,8.3,2.55,21.4
2016,224,19,38.5,26.3,32.5,83.6,33.3,56.6,2.27,22.88,0,40.4,34.5,37.2,35.2,34.9,35,2,.4,39,73,8.2,16.3,6.3,6.4,2.7,22.3
2016,225,19,40.8,26.2,33.3,72.5,24.6,48.6,2.85,26.43,0,41.6,34.2,37.7,35.2,34.8,35,2.2,1.8,240,31,6.4,16.4,7.7,7.6,2.4,20.4
2016,226,19,43.4,26,34.4,74.7,18.7,45.5,3.31,25.24,0,41.7,34.5,38,35.3,35,35.1,1.8,1.4,242,35,5.1,16.4,7.3,7.4,2.32,19.8
2016,227,19,42.9,28.4,36,62.3,20.2,36.8,3.91,26.88,0,42.5,34.9,38.5,35.4,35.1,35.3,1.8,.6,129,65,6.3,17,8,7.7,2.13,18.4
2016,228,19,43.7,26.6,36,71,18,39.3,3.94,25.53,0,42.8,35.2,38.8,35.6,35.3,35.5,1.2,.1,195,76,4,16.6,7.3,6.8,2.2,18.9
2016,229,19,44.5,26.6,35.8,68.1,12.9,36.1,4.05,25.43,0,42.7,35.2,38.7,35.8,35.5,35.6,2.5,1.1,90,59,13.3,16.6,8.4,8.6,2.02,17.5
2016,230,19,42.2,27.2,35.3,49.6,23.2,33.9,3.88,25.92,0,42.3,35.2,38.6,35.8,35.6,35.7,2.4,.3,46,175,9.1,16.8,8.4,8.2,1.93,16.7
2016,231,19,38.9,24.7,31.2,81.3,22.3,48.4,2.47,17.32,.76,38.9,34.4,36.6,35.9,35.4,35.7,2.6,1.5,16,53,9.7,15.8,5.4,6.4,2.14,18.4
2016,232,19,39.4,21.8,30.7,79.1,23.1,46,2.56,25.95,0,40.8,33,36.5,35.5,34.9,35.2,3.3,.7,234,72,12.4,14.7,8,8.4,1.98,17.3
2016,233,19,36.9,22.8,29.7,85.1,27,54.5,2.1,24.81,2.54,40.3,32.6,36.1,35.2,34.7,35,2.3,.9,258,64,13.1,14.9,6.8,6.7,2.21,19
2016,234,19,36.9,21.2,29,93.5,26.8,59,1.9,25.71,0,39,31.5,35.1,35,34.5,34.8,1.9,1,216,56,6,14.2,6.6,6.4,2.23,19.2
2016,235,19,37.6,23.6,30.6,77.4,24.5,51,2.3,25.31,0,39.9,32,35.6,34.7,34.2,34.5,1.8,.4,267,70,8.4,15.3,6.9,6.5,2.18,18.9
2016,236,19,40.1,24.6,31.8,67.8,15.4,39.3,3.09,25.75,0,40,32.5,36,34.6,34.3,34.5,2.1,1.1,86,56,8.9,15.9,7.5,7.4,1.75,15.3
2016,237,19,40.1,22.8,31.1,74.3,18.6,44.6,2.79,24.97,0,40.4,32.5,36.3,34.7,34.3,34.5,1.1,.5,239,59,7.4,15.2,6.6,5.9,1.92,16.8
2016,238,19,38.8,22.7,30.8,69.6,19.9,42.6,2.69,25.54,0,40.2,32.8,36.3,34.7,34.4,34.5,1.9,1.4,225,42,6.8,15,7.4,6.9,1.87,16.3
2016,239,19,38.4,24.4,31.5,70,25.5,43.1,2.82,21.47,0,39,33,35.8,34.7,34.3,34.5,2.1,1,54,60,7.2,15.6,6.5,6.6,1.92,16.8
2016,240,19,37.5,22.1,29,72.2,15.2,39,2.6,25.77,0,39.2,32,35.4,34.6,34.2,34.4,1.7,.6,316,65,7.8,14.7,7.2,6.6,1.53,13.1
2016,241,19,39.8,18.6,29.5,66.4,11,32.5,3.15,25.51,0,39.1,30.7,34.7,34.4,33.9,34.2,1.1,.2,194,74,4,13.5,6.9,5.9,1.23,9.8
2016,242,19,41.6,20.2,31.7,69.4,12.7,32.8,3.54,25.26,0,39.1,31.5,35.2,34.2,33.8,34,1.4,.7,54,55,8.8,14.3,7.4,6.4,1.4,11.9
2016,243,19,42.7,22.2,33.4,67,11.8,30.2,3.98,22.42,0,38.6,31.8,35.2,34.2,33.8,34,2.4,1.9,65,38,6.9,15.1,7.7,7.9,1.46,12.5
2016,244,19,42,24.9,34.1,62.2,17,34.5,3.79,24.49,0,40,32.8,36.2,34.2,33.9,34,1.9,.9,82,60,8.1,16,7.6,7.2,1.74,15.2
2016,245,19,39.4,26,32.1,83.1,26.9,49.6,2.61,21.21,0,40,33.5,36.4,34.4,34.1,34.2,1.8,.7,160,63,12.6,16.3,6.2,6.2,2.29,19.6
2016,246,19,40.6,26.6,32.8,79.4,22.7,46.4,2.92,23.29,0,40.7,33.6,36.8,34.5,34.2,34.4,1.5,.4,244,70,5.3,16.5,6.7,6.2,2.2,19
2016,247,19,39.6,21.2,30.5,68.3,9.9,34.7,3.04,24.93,0,39.6,32.7,36,34.7,34.3,34.5,2.1,1.4,213,47,8.2,14.5,7.6,7.1,1.47,12.3
2016,248,19,35.6,17.7,27.5,65.5,13.8,35,2.5,25.25,0,38.3,30.8,34.5,34.6,34,34.3,1.8,1.2,230,45,5.2,12.5,7,6.2,1.31,10.3
2016,249,19,39.4,18.3,28,64.4,10.8,34.2,2.78,25.31,0,37.9,30.2,33.8,34.2,33.6,33.9,1.8,.8,224,59,5.7,13.2,7.2,6.7,1.21,9.6
2016,250,19,38.5,19.2,29.2,75.7,16.1,42.2,2.5,22.27,0,37.4,30.1,33.7,33.8,33.3,33.6,2.5,1.1,233,61,7.9,13.6,6.7,6.8,1.7,14
2016,251,19,29.6,23,26.1,100,62.8,84,.57,10.04,25.91,34.4,29.6,32,33.6,33,33.4,1.8,.6,234,67,9.6,13.5,1.9,2.6,2.82,23
2016,252,19,35.1,22.8,28,96.6,37.8,72.7,1.21,23.53,0,35.5,27.3,31,33.1,32.2,32.6,1.2,.9,206,42,3.1,14.7,5.4,5.1,2.67,22.1
2016,253,19,38.7,23.1,29.8,93.4,27.7,63.5,1.84,23.72,0,36.8,28.2,32.1,32.5,32,32.3,1,.7,224,44,2.9,15.2,5.7,5.4,2.5,21
2016,254,19,41.8,22,30.6,89.1,10.2,51.6,2.69,23.88,0,36.8,28.1,32.2,32.5,32.1,32.3,.9,.6,233,51,2.6,15,6.1,5.5,1.98,17
2016,255,19,37.8,22.3,29.7,83.9,24.6,53.7,2.1,23.44,0,36.4,28.4,32.2,32.5,32.1,32.3,1.7,1.2,228,43,5.2,14.8,6.3,5.9,2.2,18.9
2016,256,19,37,23.6,30,82.9,29.6,53.9,2.07,22.53,0,36.5,29.2,32.6,32.5,32.2,32.3,2.8,2.4,210,29,7,15.2,6.6,6.6,2.24,19.2
2016,257,19,35.5,23.4,29.1,65.7,24.9,42.5,2.4,17.57,0,33.8,29.4,31.5,32.5,32.2,32.4,4.3,3.9,203,25,11.1,15,6.6,7.5,1.69,14.8
2016,258,19,35.3,19.1,26.6,80.6,16.6,47.7,2.04,23.58,0,34.9,27.5,30.9,32.3,31.7,32,1.7,1.2,238,42,5.7,13.1,6.4,5.6,1.58,13.5
2016,259,19,36,13.9,24.5,82.5,8.4,40.7,2.18,23.94,0,34,26,29.9,32,31.3,31.7,1.4,.9,253,51,5.6,10.9,6.3,5.4,1.12,8.4
2016,260,19,36.6,13.6,25.2,69.5,9.1,39,2.27,22.86,0,33.6,25.6,29.4,31.6,30.9,31.2,1.1,.4,4,63,3.2,10.8,5.9,5,1.18,9.2
2016,261,19,37.9,16.3,26.8,74.3,13.5,38.7,2.48,22.75,0,34.1,26,29.8,31.2,30.7,31,1.3,.5,346,65,3.3,12.2,6.1,5.3,1.29,10.6
2016,262,19,41.5,17.3,28.7,75.6,8.5,34.7,3,22.21,0,34.8,26.5,30.4,31,30.7,30.9,1.1,.3,69,71,3.2,13.1,6.1,5.3,1.27,10.2
2016,263,19,36.8,18.3,26.5,75.3,22.8,49.8,1.85,10.99,0,31.2,27.3,29.5,31.1,30.7,30.9,1.8,.9,247,56,6.9,12.9,3.2,4.3,1.72,14.7
2016,264,19,30.5,23.7,26.7,84.8,41.5,64.5,1.28,11.56,0,31.1,28.3,29.6,30.8,30.5,30.7,2.2,1.5,358,43,7.1,14.3,3,3.7,2.25,19.3
2016,265,19,35,22.6,27.6,86.7,40.1,67.5,1.33,19.2,0,34.4,28,30.8,30.7,30.4,30.5,1.9,1.4,266,43,9.9,14.7,4.8,4.9,2.44,20.6
2016,266,19,31.5,23.2,26.6,95,49,72.7,1,12.75,3.56,31.2,27.5,29.6,30.9,30.6,30.7,3.2,2.9,200,25,13.4,14.3,3.3,4,2.51,21.1
2016,267,19,32.6,14.8,22.7,88,7.4,42.7,1.78,22.49,0,30.8,23.8,27.1,30.7,29.8,30.2,1.6,1,240,49,6.8,10.5,5.5,5.1,1.08,7.1
2016,268,19,34.4,11,22.3,78.1,11.2,39.9,1.95,22.43,0,30.4,21.7,25.9,29.9,29.1,29.5,1.1,.3,213,69,3.7,9.2,5.4,4.5,.97,6.3
2016,269,19,36,14.8,25.8,78.9,12,33,2.56,21.92,0,31,23.1,26.8,29.3,28.8,29.1,2.5,2,35,36,8.3,11.3,7,6.6,.99,6.7
2016,270,19,32.6,19,26.4,63,24,35.8,2.3,11.48,0,28.6,25,26.8,29.1,28.9,29,4.4,4.2,88,20,12.5,12.6,5.5,6.8,1.22,9.7
2016,271,19,32.8,20.2,25.5,79.4,26.6,45.6,1.91,18.06,0,30.3,24.9,27.2,29,28.6,28.8,3.6,3.2,62,27,9.1,13.2,5.9,6.4,1.44,12.3
2016,272,19,34.2,18.1,26.5,78.1,30.5,53.1,1.78,18.07,0,31.7,25.1,28.2,29,28.7,28.8,1.7,.7,50,62,4.6,12.5,4.8,4.6,1.8,15.7
2016,273,19,36.1,22.8,28.4,89.9,23.4,52.4,2.03,16.78,0,32.5,27,29.3,29.2,28.9,29.1,1.6,1.1,63,47,7,14.8,4.7,4.7,1.94,16.9
2016,274,19,38.4,19.8,28.7,78.5,21.9,49.6,2.24,19.91,0,33.6,26.5,29.8,29.5,29.2,29.3,1.7,1.2,50,43,6.6,13.8,5.5,5.3,1.87,16.4
2016,275,19,36.3,19.9,28,79.3,21.5,52.2,2.01,19.39,0,33.8,27.2,30.3,29.8,29.5,29.6,1.3,.5,253,65,5.7,13.6,5,4.6,1.9,16.7
2016,276,19,32.6,21.6,27,79.8,35.6,55.7,1.66,14.34,0,32.1,27.6,29.7,29.9,29.7,29.8,2.4,1.8,165,41,7.2,13.8,4.2,4.5,1.97,17.1
2016,277,19,31.2,12.4,21.1,90,9.6,47.8,1.51,20.7,0,31.2,25.2,28.1,29.9,29.4,29.6,1.8,1.4,242,37,4.9,8.9,5.2,4.7,1.12,8.1
2016,278,19,31,10.2,20.7,78.2,13.4,41.9,1.67,20.07,0,30.4,23.2,26.6,29.5,28.8,29.1,.9,.4,231,62,3.6,8.2,4.7,3.6,.95,6.1
2016,279,19,31.8,12.2,22.2,77.3,20,49.1,1.57,18.44,0,30.1,23.4,26.7,28.9,28.4,28.7,1.3,.4,262,66,5.2,9,4.5,3.9,1.28,10.2
2016,280,19,34.2,11.6,22.8,79,11.1,38.9,1.97,19.13,0,30.5,23.5,26.8,28.7,28.2,28.5,1,.6,204,49,4.6,9.5,4.6,3.8,1.01,6.9
2016,281,19,36.3,9.9,23,79.7,13.2,38.7,2.1,18.84,0,30,22.9,26.3,28.5,28,28.2,1.4,.4,15,68,5.5,9.4,5.1,4.6,.99,6.7
2016,282,19,37.8,16.5,26,76.5,15.6,43.5,2.21,18.05,0,31.4,24.5,27.6,28.2,28,28.1,1.1,.5,232,61,4.7,12.3,4.7,4.2,1.4,11.7
2016,283,19,36.2,18.3,26.8,76.6,24.8,49.2,1.99,17.46,0,31.9,25.3,28.3,28.4,28.2,28.3,1.7,.5,110,69,5.2,12.8,4.7,4.6,1.7,14.7
2016,284,19,36.4,17.9,25.8,74.4,17.4,45.2,2.09,17.32,0,31.6,25.2,28.2,28.6,28.3,28.5,1.2,.3,245,72,4,12.7,4.5,4.2,1.44,12.3
2016,285,19,36.5,16.1,25,76.5,11.9,43.5,2.07,18.05,0,31.2,24.9,27.9,28.7,28.3,28.5,1.4,.6,220,63,5.4,11.9,4.8,4.5,1.3,10.7
2016,286,19,37,13.3,24.2,73.2,14.7,39.5,2.12,14.73,0,29.8,23.9,26.7,28.6,28.1,28.4,.7,.2,89,68,2.5,10.7,3.5,3.1,1.14,8.6
2016,287,19,37,12.8,24.3,82.3,9.6,38.3,2.29,17.04,0,30.1,23.3,26.5,28.3,27.8,28,.7,.1,78,73,2.7,10.5,4.1,3.4,1.03,7.3
2016,288,19,37,14.4,24.5,79.9,11.6,38.3,2.26,16.87,0,30.2,23.4,26.5,28.1,27.7,27.9,1.1,.2,119,75,2.9,11.2,4.4,4,1.1,8.1
2016,289,19,35.6,14.3,24.5,79,14.4,41.3,2.15,16.55,0,30,23.5,26.6,27.9,27.6,27.8,1.1,.3,234,70,4.2,10.9,4.3,3.8,1.15,8.9
2016,290,19,34.8,14.7,24.1,81.3,16.8,42.3,2.01,16.63,0,29.4,23.3,26.3,27.9,27.5,27.7,1.5,.5,242,66,5.2,10.9,4.5,4.2,1.19,9.4
2016,291,19,32.4,14.5,23.3,80.3,22.2,45.1,1.77,16.9,0,29.3,23.6,26.3,27.7,27.4,27.5,1.7,1.2,246,44,6.2,10.3,4.6,4.2,1.23,9.9
2016,292,19,35,14.3,23,83.8,21.7,52.8,1.57,16.61,0,29.6,23.3,26.2,27.6,27.2,27.4,.9,.3,277,65,4,10.8,3.8,3.4,1.42,12
2016,293,19,36.1,12.1,23.2,84.6,16.4,45.6,1.89,16.58,0,29.2,22.9,25.9,27.5,27.1,27.3,.8,.3,238,62,2.9,10,3.9,3.3,1.19,9.4
2016,294,19,35.2,11.6,22.9,68.2,9.2,40.5,1.92,16.57,0,28.5,22.3,25.3,27.4,26.9,27.1,1.4,1,358,46,5.2,9.7,4.5,4.1,1.08,7.6
2016,295,19,36.5,18.3,26.8,62.3,17,40.1,2.27,15.65,0,29.4,23.5,26.1,27.1,26.8,27,2.5,2,56,38,8.6,12.9,5.2,5.5,1.41,11.7
2016,296,19,36.8,16.3,25.2,75.1,15.2,47.7,1.92,15.54,0,29.9,23.7,26.6,27.2,26.9,27,1.1,.2,288,74,3.3,12.1,4,3.7,1.48,12.7
2016,297,19,36.4,14.8,25.7,78.2,22.9,49.5,1.88,15.32,0,29.8,23.5,26.5,27.3,27,27.1,1.2,.2,11,72,3.2,11.3,3.9,3.6,1.64,13.9
2016,298,19,33.2,18.4,26,83.5,33.5,59.6,1.44,9.68,0,28.7,24.9,26.8,27.3,27.1,27.2,1.4,.1,332,78,4.9,12.4,2.4,2.9,2,17.3
2016,299,19,35.3,19,25.1,79.2,28.9,59.8,1.45,15.8,0,30.1,24.6,27.1,27.3,27.1,27.2,1.2,.4,236,65,3.5,13,3.7,3.5,1.85,16.3
2016,300,19,37.3,16.8,24.8,86.9,21.3,57.1,1.59,16.57,0,29.8,24,26.8,27.4,27.1,27.3,1,.4,229,64,2.8,12.3,3.8,3.5,1.73,15.1
2016,301,19,36.2,16.7,25.4,86.1,22.2,53.6,1.73,13.99,0,29.2,24.1,26.6,27.4,27.1,27.3,.7,.2,214,67,2.9,12.1,3.2,2.9,1.67,14.6
2016,302,19,33.4,17.7,24.9,84.8,28.9,54.4,1.55,12.85,0,29.1,24.6,26.6,27.3,27.1,27.2,1,.3,286,69,4.2,12.1,3,2.9,1.7,14.7
2016,303,19,36.2,16.3,24.9,82.2,25.9,54.4,1.64,15.88,0,29.7,23.7,26.4,27.3,27,27.1,1.2,.1,360,77,3.6,12,3.9,3.6,1.69,14.6
2016,304,19,35.6,16.4,24.6,83.2,24.1,51.8,1.68,12.85,0,28.6,24,26.1,27.2,27,27.1,1.6,.6,200,63,7.2,11.9,3.5,3.7,1.55,13.4
2016,305,19,30.6,15.1,21.5,81.9,38.7,59.8,1.11,13.68,0,28,23.2,25.4,27.1,26.8,27,1.6,1.3,231,35,4.2,10,3.1,3.2,1.54,13.2
2016,306,19,28.9,12.1,18.9,84,21.4,52,1.18,15.56,0,26.9,21.8,24.2,26.9,26.4,26.6,1,.5,252,58,4.1,7.8,3.4,2.8,1.1,8.2
2016,307,19,28.6,8,17.6,82,18.6,52.5,1.15,15.72,0,26,20.3,23,26.5,25.9,26.2,1.2,.8,242,47,3.3,6.5,3.4,2.9,1.01,6.9
2016,308,19,30.3,11.4,18.5,96,28.1,65.1,.9,11.08,5.59,25.2,20.8,22.5,25.9,25.5,25.7,2.2,1.3,56,52,17.1,8.3,2.7,3.5,1.34,11.1
2016,309,19,28.8,10.9,18.8,98.7,39,76.5,.68,14.81,0,24.7,18.6,21.4,25.5,24.9,25.2,1.1,.4,123,66,4.3,7.4,2.7,2.5,1.6,13.9
2016,310,19,30.1,12.4,20.4,98.3,32.6,69.7,.94,14.88,0,25.6,19,22,25,24.6,24.8,.9,.6,92,50,3.5,8.5,2.9,2.6,1.57,13.7
2016,311,19,32.3,12,20.9,96.6,26.2,65.6,1.13,14.9,0,26.1,19.3,22.4,24.8,24.5,24.6,.8,.3,87,60,2.7,9.1,2.9,2.5,1.5,13
2016,312,19,31.8,13.6,21.3,91.9,28.1,61.1,1.2,14.91,0,26,19.4,22.5,24.8,24.4,24.6,.8,.6,70,46,3.6,9.7,3.2,2.6,1.47,12.7
2016,313,19,31.4,12.2,21,85.2,22.8,53.7,1.36,13.75,0,25,19.5,22.2,24.7,24.4,24.5,2.7,2.5,63,22,10.5,8.9,4.3,4.3,1.26,10.3
2016,314,19,28.1,13.8,21.3,63.5,19,36.6,1.7,15.13,0,24.4,19.9,21.9,24.5,24.3,24.4,4.3,4.1,68,16,11.5,8.2,5.8,5.6,.9,5.4
2016,315,19,26.2,11,19.1,65.8,26.4,42.1,1.36,14.82,0,23.6,18.6,21,24.4,24,24.2,3.7,3.5,65,15,10.3,6,4.8,4.5,.92,5.6
2016,316,19,27.2,12.1,19.3,72.5,29,51.4,1.18,14.73,0,23.7,18.5,20.9,24.1,23.7,23.9,2.7,2.5,58,25,9.4,7,4.1,3.8,1.13,8.6
2016,317,19,27.6,10.8,18.6,76.2,25,53.8,1.14,14.25,0,23.4,18.2,20.7,23.9,23.5,23.7,2.1,1.9,66,25,7.2,6.7,3.7,3.3,1.12,8.5
2016,318,19,31,10.1,19,80.3,21.6,50.5,1.3,14.33,0,23.6,17.8,20.5,23.6,23.3,23.5,1.6,1,72,50,4.6,8,3.4,3.3,1.06,7.6
2016,319,19,34.1,8.2,18.8,84.7,16.4,50.6,1.37,14.44,0,23.7,17.5,20.5,23.5,23.1,23.3,.8,.3,68,63,4.4,8.4,3.1,2.6,1.03,7.2
2016,320,19,33.5,9.1,19,81.2,15,45.6,1.51,14.17,0,23.5,17.6,20.4,23.3,23,23.2,.9,.4,68,60,3.7,8.6,3.2,2.7,.91,5.5
2016,321,19,27,9.2,17.9,78.3,19.3,50.8,1.12,9.38,0,22,18.1,20.1,23.2,22.9,23,.9,.3,100,67,3.4,6,1.9,2,1.03,7.1
2016,322,19,22.5,7,14.4,72.7,10.5,41.8,1.06,14.3,0,21.6,17,19.2,23,22.6,22.8,2,1.5,280,40,5.9,3.5,3.3,2.9,.64,.3
2016,323,19,24.4,3.1,12.1,74.1,9.3,39.6,1.02,14.05,0,20.1,14.6,17.3,22.7,22,22.4,1.3,.9,43,48,4.8,4,3.1,2.6,.52,-2.6
2016,324,19,29.2,5.2,15.6,72.3,17,40.3,1.22,12.34,0,20.3,14.6,17.5,22,21.5,21.8,1.6,.4,86,69,6.3,6.4,3.1,3.2,.72,1.5
2016,325,19,18.6,9.7,14.1,98.4,27.3,70.7,.47,2.68,10.16,18.8,16.9,17.5,21.7,21.4,21.6,1.7,.8,71,61,5.8,2.2,.3,1.3,1.15,8.2
2016,326,19,21.3,9.9,15.6,100,44.3,78.2,.44,12.1,0,19.4,16.2,17.5,21.5,21.2,21.3,2.7,2.4,249,29,9.2,3.5,2.5,2.1,1.36,11.4
2016,327,19,22.8,6.3,13.7,98.1,42,75.2,.5,13.15,0,19.5,13.4,16.3,21.3,20.7,21,.7,.1,48,72,3.3,3.6,2,1.6,1.15,8.9
2016,328,19,25.7,6,13.9,97.8,33.9,73.9,.56,13.1,0,19.5,13.3,16.3,20.8,20.4,20.6,.9,.2,3,70,4.4,4.9,2.2,1.8,1.13,8.7
2016,329,19,23.5,5.2,13.4,94.9,20.8,59.4,.79,13.35,0,18.6,13,15.7,20.5,20.1,20.3,2.1,1.5,22,46,8.4,3.8,3.1,2.8,.84,4.3
2016,330,19,25.3,4.4,14,80.4,15.1,53.3,.92,13.07,0,18.6,11.9,15.1,20.2,19.6,19.9,1.4,.9,43,50,5.4,4.4,2.9,2.4,.82,3.8
2016,331,19,20,8,13.9,86.1,36.4,62.3,.64,5.49,0,16.5,13.4,15.1,19.8,19.5,19.6,1.4,.9,222,51,10.9,2.6,1,1.6,.99,6.7
2016,332,19,18.5,6.9,12.7,96.5,38.6,65.6,.58,11.8,2.03,17.4,12.8,15.2,19.6,19.3,19.4,4.1,3.5,239,30,12.3,1.8,2.9,2.6,.93,5.8
2016,333,19,17.2,3.6,10,96.7,43.9,78.7,.31,8.76,0,15.4,11.5,13.8,19.4,18.9,19.2,1.6,.2,79,75,4,1.1,1.1,1.4,.95,6.1
2016,334,19,17,2.3,9,97.1,22.2,68.4,.46,12.73,0,16.3,10.9,13.4,18.9,18.5,18.7,1.4,.4,316,67,6.4,1,2.1,1.6,.74,2.5
2016,335,19,19.5,.1,7.8,92.5,22,62.4,.52,12.49,0,15.5,9.3,12.2,18.5,17.9,18.2,1.1,.2,11,74,4.5,1.7,2,1.7,.61,0
2016,336,19,19.2,.5,8.6,91.9,20.1,59.6,.58,11.76,0,15.6,9.7,12.3,18,17.5,17.8,.9,.2,71,72,3.4,1.6,1.8,1.5,.61,-.1
2016,337,19,18.1,2.1,8.1,91.1,29.1,65.5,.45,7.69,0,14.4,10.3,12.1,17.7,17.3,17.5,.7,.2,100,70,3.2,1.4,.9,1.3,.67,1.3
2016,338,19,20.2,.6,8.9,85.5,20.8,57.7,.61,12.48,0,15.2,9,11.9,17.4,17,17.2,1.6,.7,259,60,6.3,2,2.3,2.1,.62,0
2016,339,19,21.6,-.7,9.2,87.7,15.4,51.8,.74,12.73,0,15.2,8.8,11.9,17.1,16.8,17,1.2,.3,201,69,3.5,2.4,2.3,1.9,.55,-1.6
2016,340,19,21.6,.3,9.6,86.1,18,54.5,.69,11.45,0,15.2,9.4,12.1,16.9,16.6,16.8,1.3,.6,70,57,3.1,2.6,2,2,.61,-.2
2016,341,19,22,3.9,11.8,83.5,40.6,65.1,.55,10.92,0,16.2,10.5,13.1,16.8,16.6,16.8,1.8,.5,170,69,6.3,3,1.9,2.1,.92,5.1
2016,342,19,20.5,5.6,12,95.8,31.2,72.6,.44,9.91,0,16.4,12.1,14.1,17.1,16.8,17,1.4,.6,286,62,4.6,2.5,1.5,1.6,1,6.8
2016,343,19,21.8,.5,10.2,94.2,25.8,62.7,.61,11.98,0,16,10.4,13.1,17.2,16.9,17,.9,.1,170,78,2.8,2.6,1.8,1.5,.74,2.6
2016,344,19,21.6,3.1,11.5,89.6,34.7,65.6,.58,10.3,0,16,10.9,13.4,17,16.8,16.9,1.3,.5,47,62,4.5,2.8,1.7,1.7,.87,4.8
2016,345,19,24,3.1,12.7,92.2,26.8,63,.7,11.72,0,16.8,11,13.8,17,16.8,16.9,.8,.3,114,64,3.1,3.8,1.9,1.6,.88,5.1
2016,346,19,25.7,7.6,14.7,87.4,29.5,61.4,.81,11.47,0,18.1,12.7,15.1,17.2,16.9,17.1,.9,.5,93,56,3.1,5,2,1.8,.97,6.5
2016,347,19,28.1,6.4,15.1,91.3,27.8,63.2,.79,11.64,0,18.4,13.1,15.5,17.5,17.2,17.4,1,.5,94,55,3.3,6,2,2,1.03,7.4
2016,348,19,25.5,8.5,15.6,85.7,32,64.5,.76,10.49,0,18.5,13.7,16,17.7,17.5,17.6,.7,.6,93,38,2.7,5.2,1.8,1.6,1.1,8.3
2016,349,19,26.8,9,15.4,87.8,31.6,65.8,.74,11.3,0,18.7,13.8,16,17.9,17.7,17.8,1.5,1.2,61,35,4,5.9,2.1,2.3,1.11,8.4
2016,350,19,25.8,8.2,16,84.1,29.8,63.5,.77,9.68,.51,18.2,13.7,16,18,17.8,17.9,1.3,.7,100,55,3.1,5.2,1.7,2,1.13,8.7
2016,351,19,25,13.2,18.8,93.9,40.5,66.6,.82,8.91,0,19.4,15.9,17.5,18.3,17.9,18.1,3.5,2.8,202,37,10.7,6.3,2.7,3,1.39,11.8
2016,352,19,17.6,2.5,10.9,68.4,18.6,43.8,.79,12.36,0,17.9,14.1,16.2,18.5,18.3,18.4,3.3,2.9,269,28,12.9,1.2,3,2.8,.55,-1.7
2016,353,19,16.5,-1.6,6.4,75.5,20.7,48,.6,12.19,0,14.7,10,12.4,18.4,17.5,18,1.6,.9,21,51,7.6,.8,2.4,1.9,.44,-4.6
2016,354,19,20.7,-.5,9.8,77.3,18.8,45.1,.81,12.21,0,14.9,9.2,11.9,17.5,16.8,17.1,2.2,1.7,38,41,9.2,2.1,3,2.7,.51,-2.6
2016,355,19,22.8,5.2,12.9,76.1,22.4,47.9,.89,10.7,0,16.2,11.1,13.5,16.9,16.6,16.7,1.6,.4,32,69,5.2,3.5,2.4,2.3,.7,1.5
2016,356,19,21.6,12,15.7,89.3,37.3,66.2,.64,4.78,.51,17,14.3,15.5,17.1,16.7,16.9,1.2,.3,38,70,4.7,4.1,.7,1.5,1.18,9.1
2016,357,19,16.9,11.8,13.4,100,78.9,94.5,.09,5.65,9.4,16.4,15,15.7,17.5,17.1,17.4,1.9,1.5,225,41,9.1,1.7,.5,1,1.45,12.5
2016,358,19,18.9,8.2,13,100,61.5,91.4,.17,8.63,0,17.4,13.4,15.2,17.5,17.3,17.4,1.1,.1,15,78,4,2.1,.9,1.1,1.35,11.4
2016,359,19,15.8,5.8,10.2,100,66.5,92.3,.11,2.97,17.02,14.7,11.3,13.2,17.5,17.1,17.4,3.4,2.6,192,38,12.8,.8,0,1,1.15,9
2016,360,19,13.5,1.6,7.3,100,41.1,79.3,.26,11.82,0,12.9,8.3,10.6,17.1,16.2,16.6,1.9,1,216,54,7.2,.1,1.6,1.3,.79,3.5
2016,361,19,15.8,.7,7.1,100,37.5,79,.3,12.08,0,12.3,7.5,9.9,16.2,15.5,15.8,1.9,1.4,38,42,6.7,.6,1.8,1.6,.76,3
2016,362,19,20.4,.8,9.2,100,34.6,79,.37,12.19,0,13.2,7.5,10.2,15.5,15,15.3,1.5,.3,7,74,6.7,2.1,1.9,1.7,.88,4.9
2016,363,19,16.5,3.6,9.3,100,59.1,89.5,.16,7.45,0,12.7,8.9,10.8,15.2,14.9,15.1,.9,.1,174,74,2.5,.9,.6,1,1.05,7.5
2016,364,19,23,6.3,13.5,100,33.6,76.2,.51,12.02,0,15.9,10.4,12.7,15.2,15,15.1,1.7,1.2,45,45,6.2,3.6,2.1,2,1.12,8.6
2016,365,19,21.9,11.3,15.5,100,45.8,73.6,.52,9.92,.51,17,12.4,14.4,15.8,15.2,15.5,3.2,1.9,50,51,8.9,4.1,2,2.4,1.28,10.5
2016,366,19,20.9,8.5,13.9,100,49.9,89,.22,10.29,.25,16.9,13.2,15,16.2,15.8,16,1.3,.5,226,64,5.7,3.1,1.3,1.4,1.4,11.9
