2016,1,20,13.4,3,7.9,56,20.1,31.1,.76,12.22,0,11.5,6.3,8.5,10.8,10.5,10.6,7.1,6.9,10,13,13.7,.1,4.7,4.2,.32,-8.5
2016,2,20,16.7,-1.6,7.8,74,23.4,43.8,.7,9.28,0,11.3,4.7,8,10.9,10.5,10.7,2.8,2.1,357,39,9.7,.8,2.5,2.6,.43,-4.7
2016,3,20,18.1,.8,9.7,78.5,23.6,45.8,.76,7.14,0,11.8,6.1,8.9,10.9,10.7,10.8,2.7,2,359,40,9.4,1.3,2.1,2.6,.51,-2.4
2016,4,20,12.3,6.4,9.6,96.1,33.6,70.8,.35,3.41,.51,11.1,8.9,10,11.4,10.9,11.2,1.3,.6,187,60,4.7,0,.2,1,.85,4.1
2016,5,20,13.2,-.9,9.8,100,90.2,98.1,.03,2.24,15.49,11.8,10,10.8,11.7,11.3,11.5,1.6,1.2,166,42,7.3,0,0,0,1.2,9.5
2016,6,20,15.9,6.7,11.5,100,61.4,84.9,.23,9.1,1.78,13.9,8.8,11.4,12.2,11.7,11.9,3.6,3.4,156,19,8.7,.8,1.4,1.3,1.14,8.9
2016,7,20,14.5,8,10.7,93.8,50,81.2,.26,7.52,3.05,13.5,9.6,11.2,12.4,12.2,12.3,2.4,2,160,32,6.9,.4,.9,1.3,1.03,7.4
2016,8,20,16.5,5.1,10.1,95.9,37.9,75.8,.35,10.33,0,15.2,8.6,11.1,12.5,12.2,12.4,1.3,.6,187,57,4.5,.9,1.4,1.3,.91,5.6
2016,9,20,14.5,1,7.8,100,51.6,84.4,.22,10.93,0,13.9,5.5,9.7,12.6,11.9,12.3,.6,.1,232,72,2.8,.3,1.2,.9,.88,5
2016,10,20,13,3.4,9.3,98.4,58.8,85.3,.19,4.25,0,11.6,8,10.2,12.2,12.1,12.2,1.4,.9,348,44,6.8,0,.2,.7,.99,6.7
2016,11,20,14.5,3.5,9.1,99.1,24.8,54,.58,13.29,0,12,5.6,8.4,12.2,11.5,11.8,5.4,5.2,3,17,13,.3,3.7,2.9,.6,-.5
2016,12,20,15.9,.2,8.4,87.7,23.5,53.2,.61,13.41,0,12.2,4,7.8,11.6,10.9,11.2,4.3,3.6,2,32,14,.6,3.7,2.9,.54,-1.7
2016,13,20,16.5,-1.9,6.2,96.1,31.6,71.1,.36,12.22,0,12.6,3.4,7.8,11.1,10.5,10.8,.8,.1,163,74,2.8,.7,1.5,1.2,.65,.6
2016,14,20,17.5,-1.3,7.1,99.8,27.4,70.6,.44,12.63,0,12.7,3.7,8.1,10.9,10.4,10.6,1.9,1.1,5,54,9.4,1,2.3,1.9,.65,.9
2016,15,20,17.9,1.3,8.8,95,29.2,66.1,.51,11.77,0,13.4,5.1,8.9,10.8,10.4,10.6,2.4,1.7,7,43,9.9,1.3,2.5,2.1,.7,1.8
2016,16,20,15.1,.6,7.9,95,43.4,73.5,.34,8.31,0,11.9,5.4,8.6,10.9,10.6,10.8,1.2,.4,325,66,4.9,.4,.9,1.2,.76,3
2016,17,20,19.4,.4,9.1,97.8,29.1,69.9,.48,13.57,0,14.8,5,9.5,10.9,10.5,10.7,1.6,1,339,48,6.7,1.7,2.4,1.8,.76,2.9
2016,18,20,19.8,4,9.3,95.7,34.9,74.6,.38,8.82,0,13.7,7.2,9.9,11.2,10.9,11,1.4,.5,154,66,5.4,2.1,1.2,1.7,.85,4.5
2016,19,20,16.9,.4,9.2,98.3,44.6,76.7,.35,8.58,0,13.2,5.8,9.6,11.4,11,11.2,1.2,.4,1,68,3.4,.9,1.1,1.2,.88,4.9
2016,20,20,20.8,4.5,13.1,98.2,38.6,68.7,.57,13.5,0,16.8,8.3,12.3,11.9,11.2,11.5,2.4,2,350,34,7,2.5,2.8,2.2,1,6.9
2016,21,20,19.1,7,13.2,87.5,18,44.2,.93,12.03,0,15.2,9,12,12.3,11.9,12.1,4.2,3.7,5,28,11.1,2.1,3.9,3.7,.63,.1
2016,22,20,19.5,-.4,9.1,92,22.4,59,.61,11.89,0,14.8,6.5,10.6,12.4,11.9,12.2,1,.3,309,68,4.1,1.7,2,1.6,.63,.4
2016,23,20,15.5,1.9,8.3,92.5,34.5,70.1,.39,7.27,0,12.5,7.2,9.9,12.2,11.8,12,1,.1,44,77,4.2,.5,.9,1.2,.74,2.7
2016,24,20,20.7,.1,10.4,87.3,19.4,55.3,.71,14.19,0,15.7,5.9,10.5,11.9,11.5,11.7,1.9,.9,360,58,6.9,2.1,3,2.4,.64,.6
2016,25,20,18.9,1.3,10.7,88.4,20.4,47,.84,14.17,0,14.8,6.8,10.8,12,11.7,11.9,4.4,4,356,25,13.5,1.6,4.6,3.7,.53,-2.1
2016,26,20,18.6,7.4,12.5,42.6,13.1,28,1.09,14.85,0,15.1,8.4,11.4,12.2,11.9,12,6.3,5.9,359,22,14.7,1.9,5.9,5.3,.39,-6.1
2016,27,20,19.9,1.3,11.7,73.2,14.4,34.8,1,14.54,0,15.3,7.2,10.9,12.3,11.9,12.1,4,3.1,355,37,12.6,1.9,4.7,4,.44,-4.5
2016,28,20,21.8,0,9.9,86.5,16.7,50.4,.8,14.9,0,16.1,6.5,11,12.3,11.8,12.1,1.7,.8,2,60,7.2,2.5,3.2,2.6,.55,-1.5
2016,29,20,22.1,1.1,10.1,90.3,20.7,60.5,.64,13.56,0,16.6,7.2,11.5,12.3,11.9,12.2,1,.1,164,76,3.3,2.7,2.2,1.9,.69,1.6
2016,30,20,25.4,2.4,14.6,90.5,21,52.4,1.08,12.46,0,16.5,8.1,12.4,12.5,12.2,12.4,3,1.6,184,56,10.9,4.3,3.6,3.7,.78,3.3
2016,31,20,22.8,8.8,15.5,83.2,32.1,59.1,.79,11.28,0,17.6,11.4,14.6,13.5,12.5,13,5,4.1,188,33,17.2,4,3.7,3.8,1.02,7.2
2016,32,20,14.6,4,9.2,83.8,21.7,50.8,.6,9.91,0,14.9,9.9,12.5,13.7,13.4,13.5,3.7,1,349,70,11.2,.3,2.5,2.7,.58,-1.2
2016,33,20,12.9,1.4,6.6,67.8,18,40.4,.63,15.73,0,13.9,6.4,9.8,13.5,12.5,13,4.1,3.7,356,24,10,0,3.8,3.1,.37,-6.7
2016,34,20,13.7,.8,6.9,72.5,17.5,42.9,.63,16.01,0,13.4,5.5,9.1,12.6,11.8,12.2,4.1,3.6,357,28,10.4,.1,4,3.2,.4,-5.9
2016,35,20,16.5,-2.1,7.5,86.5,20.9,48.5,.65,15.75,0,13.5,4.9,9.1,12,11.3,11.7,3.6,2.7,3,40,11.8,.7,3.9,3.1,.47,-3.7
2016,36,20,18.4,7.5,12.4,58.7,24.6,41,.89,15.98,0,15.4,8.1,11.2,11.9,11.5,11.6,6.1,5.9,5,16,12.7,1.8,5.3,4.7,.58,-.8
2016,37,20,19.5,6.7,12.8,61.6,22.2,41.6,.93,16.23,0,16.1,8.6,11.9,12.3,11.9,12.1,5.1,4.6,360,24,13.1,2.2,5.1,4.4,.6,-.4
2016,38,20,22.8,6.7,15.8,64.7,16.2,34,1.31,16.27,0,17.1,9.1,12.9,12.7,12.3,12.4,7.2,6.7,360,20,15.7,3.6,7.2,6.2,.56,-1.2
2016,39,20,24.7,14.2,19.1,31.1,13.9,22.6,1.76,16.65,0,19,12.7,15.5,13.8,12.7,13.2,9.9,9.6,5,14,16.2,6.7,9.5,9,.49,-3
2016,40,20,25.9,8.2,19.4,64.2,13.5,25.3,1.76,16.8,0,20.4,14.2,16.9,14.8,13.8,14.2,7.4,7,6,18,15.1,5.3,8.2,7.5,.55,-1.6
2016,41,20,26.1,2.6,14.1,81.4,15.3,44.7,1.16,15.46,0,19.5,10.9,15.2,15,14.5,14.8,2.6,1.6,360,51,9.4,4.6,4.3,4.1,.63,.4
2016,42,20,26.8,1.5,13.6,84.9,14.5,47.1,1.14,17.19,0,19.7,9.7,14.6,15,14.4,14.7,2.3,1.6,3,44,10,4.7,4.6,4,.63,.4
2016,43,20,27.4,1,13.4,85.6,13.3,48.6,1.13,17.43,0,20,9.5,14.6,14.9,14.3,14.6,1.8,1.4,354,38,7.6,4.9,4.4,3.7,.64,.6
2016,44,20,28,.3,14.1,87.7,11.5,45.7,1.25,17.26,0,19.8,9.5,14.7,14.9,14.4,14.6,2.2,1.7,2,38,9.6,5.1,4.8,4.2,.6,-.2
2016,45,20,27.1,6,17.2,70.5,10.3,32.7,1.52,15,0,19.8,11.7,15.6,15,14.7,14.8,3.7,2.9,351,36,13.1,5.5,5.3,5.4,.57,-1.2
2016,46,20,27.5,14,21.1,55.5,18.7,29.1,1.84,16.92,0,21.8,14.8,17.6,15.8,15,15.3,6,5.7,1,17,14.1,8,7.5,7.2,.72,2.1
2016,47,20,29.1,7.9,18.6,72.6,13.8,40.9,1.47,17.99,0,22.6,14,17.9,16.3,15.8,16,3.3,2.6,354,37,11,6.7,5.6,5.3,.81,3.8
2016,48,20,28.5,2.8,16.6,91.4,17.8,48.2,1.32,17.8,0,22.5,12.1,17.3,16.5,16,16.3,2.1,1.5,175,41,10.2,5.6,4.6,4,.81,3.8
2016,49,20,25.7,10.9,20,75.9,22.3,42,1.43,15.23,0,23.7,17.3,19.8,17.3,16.4,16.8,3.7,1.6,196,61,11.4,5.8,5.1,4.6,.96,6.1
2016,50,20,25.9,6.5,15.3,88.2,27.2,57.5,.89,17.24,0,23.5,14,18.4,17.5,17,17.3,1.2,.6,157,56,4.4,5.1,3.5,2.8,.96,6.2
2016,51,20,27.7,3.9,14.8,89.3,16.1,50.5,1.14,18.22,0,22.5,12.8,17.5,17.5,16.9,17.2,1.7,1.4,5,38,8.6,5.4,4.4,3.7,.74,2.6
2016,52,20,27.9,3.3,15.4,90.9,14,47.4,1.27,18.58,0,22.3,12.3,17.2,17.3,16.7,17,2.4,1.8,6,41,8.5,5.4,5.1,4.4,.71,2.1
2016,53,20,26.2,3.8,15.3,86.8,10.2,42.5,1.3,18.87,0,21.7,12.7,17.1,17.2,16.7,17,3.1,2.4,8,39,12.9,4.8,5.7,4.8,.63,.1
2016,54,20,20.4,8,15.6,55.5,13.6,25,1.37,18.36,0,19.9,13.7,16.3,17.1,16.6,16.8,5.3,4.8,350,24,13.4,2.7,6.7,5.6,.43,-5
2016,55,20,23.6,1.2,13.8,80.8,12,38.4,1.15,19.29,0,21,11.6,16.1,16.8,16.2,16.5,2.8,2,354,43,7.2,3.4,5.1,4.3,.54,-1.8
2016,56,20,26.7,1.8,14,75.2,12.5,42.8,1.2,19.45,0,21.6,11,16.1,16.7,16.1,16.4,2,.8,18,62,7.9,4.7,4.8,4.1,.61,-.1
2016,57,20,32,3,15.1,88.6,10.1,49.3,1.23,18.83,0,22.9,11.6,16.9,16.6,16.1,16.4,.8,.2,303,69,4.2,6.9,3.9,3.2,.74,2.5
2016,58,20,31.7,3.4,15.9,88.6,9.9,49.7,1.27,18.39,0,23.1,12.5,17.6,16.9,16.4,16.7,.8,.1,337,77,2.7,7,3.8,3.2,.78,3.3
2016,59,20,28.8,3.9,15.4,85.7,14.9,50.3,1.15,15.48,0,21.4,12.6,17.2,17.1,16.7,16.9,1.5,.9,356,52,6.9,5.9,3.6,3.5,.8,3.6
2016,60,20,32.5,5.1,16.8,86.7,11.4,54.8,1.2,19.74,0,24.7,13.2,18.5,17.3,16.8,17,.8,.2,256,69,3,7.5,4.1,3.4,.96,6
2016,61,20,31.2,5.5,17.4,93.9,13.9,52.2,1.26,18.52,0,24.9,14.1,19.1,17.7,17.2,17.5,.8,.2,237,68,3,7.2,3.9,3.1,.95,6
2016,62,20,33.3,7.3,17.9,88.7,9.6,50.6,1.4,19.23,0,25.5,14.7,19.7,18.1,17.6,17.8,1,.1,295,77,4,8.1,4.1,3.6,.9,5.4
2016,63,20,29.5,5.1,15.8,89.8,18.9,56.3,1.03,17.14,0,23.8,14.3,19,18.4,17.9,18.2,1.2,.5,159,62,5.2,6.5,3.6,3.4,.94,5.9
2016,64,20,29.9,5.3,17,89.4,13.2,51,1.22,19.35,0,25.2,14.4,19.4,18.4,17.9,18.2,1.2,.7,151,50,3.7,6.7,4.2,3.6,.9,5.3
2016,65,20,25.6,5.9,16.4,88.4,25.6,56.7,1,13.97,0,22.8,14.8,18.9,18.6,18.1,18.4,2,1.4,164,43,8.3,4.8,3.4,3.3,1,6.8
2016,66,20,24.4,7.2,17.8,77.5,21.2,50.1,1.06,14.7,.51,21.9,17,19.4,18.6,18.4,18.5,3.7,2.1,210,53,13.1,4.5,4.3,4.1,1.01,6.6
2016,67,20,19.9,4,11.5,87.4,30,61.3,.61,15.35,0,20.5,12.6,16.5,18.7,17.8,18.2,2.1,1.7,166,38,7.7,2.1,3,2.9,.81,3.8
2016,68,20,23.9,1.6,13.1,96,15.8,56.9,.92,21.09,0,21.4,11.5,16.4,17.9,17.1,17.5,2.8,2.3,4,34,10.9,3.5,5.3,4.2,.74,2.6
2016,69,20,26.5,2,14.9,90.4,12.5,48.5,1.18,20.99,0,23,12.2,17.5,17.6,17,17.3,2.1,1.5,3,42,8.3,4.7,5.2,4.3,.71,2
2016,70,20,30.9,5.2,17.6,85.6,11.6,46.4,1.41,21.96,0,26,13.9,19.6,18,17.4,17.6,1,.4,166,62,2.9,7.1,4.9,3.9,.84,4.3
2016,71,20,27.8,7.2,17.1,90.8,13,50.3,1.25,15.37,0,22.9,15.4,19.1,18.4,18,18.2,3.3,2.4,194,43,15.6,6,4.7,5.1,.86,4.7
2016,72,20,23.1,8.2,14.7,81,22.5,50.2,.93,21.86,0,25,14.9,19.6,18.6,18.2,18.4,1.7,1,168,52,4.6,4,4.5,3.8,.81,3.9
2016,73,20,25.1,4.8,15.1,89.2,19.3,53.1,1.01,18.75,0,23.6,14.4,18.9,18.8,18.3,18.6,2,1.4,188,43,8.7,4.4,4.4,3.8,.84,4.4
2016,74,20,27.5,9.7,17.9,81.1,23.8,54.5,1.1,21.2,0,26.3,15.6,20.4,18.9,18.4,18.6,1.4,.6,183,60,4.6,6.4,4.5,3.9,1.06,7.7
2016,75,20,27.7,5.7,16.5,87.7,11.1,49.1,1.22,20.4,0,24.8,15.3,19.9,19.2,18.8,19,1.8,1.3,354,44,7.8,5.7,4.9,4.3,.82,3.9
2016,76,20,28.2,4,16,82.4,12.4,41.2,1.4,22.94,0,24.7,14.1,19.2,19.3,18.6,19,2.8,2.3,356,33,9,5.7,6.5,5.6,.64,.7
2016,77,20,33.2,4.3,18.1,79.2,6.7,32.9,1.81,23.29,0,26.7,13.9,20,19.1,18.5,18.9,1,.2,321,71,3.2,7.6,5.4,4.4,.57,-1.1
2016,78,20,33.9,5.3,18.4,78.9,8.9,42.6,1.63,23.23,0,27.5,15.4,21.2,19.5,19,19.2,1.5,1,349,44,6.1,7.9,5.6,5.1,.79,3.4
2016,79,20,33.6,6.7,20,77.8,7.6,36.6,1.94,22.55,0,28,16.2,21.9,20,19.5,19.7,1,.3,345,65,4.1,8,5.4,4.3,.71,1.9
2016,80,20,33.5,6.1,20.2,83.3,8.5,37.3,1.96,22.7,0,28.4,16.7,22.3,20.4,19.8,20.1,1.6,.7,168,59,7.4,8,6,5.2,.72,2.1
2016,81,20,32.8,6.7,20.9,79,7.4,31.4,2.1,21.23,0,28.1,17,22.4,20.6,20.2,20.4,2.3,1.6,189,46,8.1,7.9,6.4,6,.64,.4
2016,82,20,26.2,13.1,20.1,52,10.4,25.5,1.79,23.27,0,27.5,19,22.8,21,20.6,20.8,4,2.4,292,52,11.6,6.9,7.3,6.7,.59,-1.1
2016,83,20,23.5,5.4,15.5,58.3,10.7,28.2,1.4,24.68,0,24.8,16.2,20.5,21.1,20.4,20.8,3.9,3.5,356,25,10.5,3.7,7.3,6.1,.44,-4.4
2016,84,20,29,2.1,16,80.3,8.8,35,1.58,23.62,0,25.9,14.3,19.9,20.6,19.8,20.2,2.1,1.3,7,50,8.5,5.7,6.3,5.4,.51,-2.6
2016,85,20,31.1,2.8,17.5,81.2,5.6,36.3,1.73,24.17,0,27.2,14.7,20.6,20.2,19.6,20,1.7,.3,26,73,9.3,6.7,6.2,5.3,.58,-.9
2016,86,20,24.7,5,17.1,71.6,6.4,24.6,1.68,25.03,0,24.2,16,20.2,20.3,19.9,20.1,5.8,4.9,353,31,16,4.3,9.7,7.6,.39,-6.5
2016,87,20,27.8,3,16.4,65.2,8.3,32.1,1.53,23.26,0,26.2,14.1,20.1,20.2,19.5,19.8,1.8,.9,154,57,6.1,5.4,5.7,4.9,.54,-2
2016,88,20,26.7,8.9,18.9,62.9,16,33.7,1.56,18.36,0,25,16.7,20.7,20.1,19.8,20,4.7,3.8,191,34,14.1,5.8,6.7,6.5,.71,1.8
2016,89,20,20.6,8.9,15,68.6,16,33.1,1.17,21.9,0,24.9,16.5,20.5,20.3,19.9,20.1,3.6,2.7,227,41,11.4,3,5.8,5.2,.56,-1.5
2016,90,20,21.8,4,12.9,85.7,14.5,46.8,.95,22.96,0,25.3,14.6,19.8,20.3,19.6,20,1.7,.7,316,63,10.1,2.9,4.8,4,.63,.3
2016,91,20,25.6,3.7,15.1,90.3,11.3,44.1,1.26,24.69,0,25.3,14.2,19.6,20.1,19.4,19.8,2.4,1.7,12,43,9.9,4.4,6.4,5.1,.63,.2
2016,92,20,28.4,7.3,18.6,76.4,12.5,37.1,1.64,25.49,0,25.9,15.6,20.6,20,19.5,19.8,4.1,3.5,346,32,13.2,6.3,8.2,7.1,.69,1.5
2016,93,20,31.4,6.5,19,80.2,8.2,39.3,1.75,25.76,0,29,15.8,22,20.3,19.7,20,.8,.2,166,73,3.5,7.4,5.8,4.4,.72,2.1
2016,94,20,32.5,6.5,19.5,78.5,8.4,38.7,1.78,25.79,0,29.9,16.8,23,20.9,20.3,20.6,1,.5,175,55,4.2,7.8,6,4.7,.77,3
2016,95,20,33,6.7,20.1,86.6,9.7,39.4,1.74,25.95,0,30.6,17.7,23.9,21.5,20.9,21.1,1.1,.8,153,44,6.1,7.9,6.2,5.1,.85,4.3
2016,96,20,34.7,7.4,21.2,83.7,8.8,39.5,1.95,23.64,0,29.7,18.5,24,21.9,21.4,21.6,1.9,1.3,346,45,7.9,8.4,6.3,6,.85,4.6
2016,97,20,32.8,16.3,25.5,56.9,8.4,20.5,2.71,25.92,0,29.9,21.4,25,22.4,21.9,22,5.4,5,358,21,13.3,11.3,10.4,9.9,.64,.4
2016,98,20,30.4,14.1,22.8,75.3,14.4,38.8,1.83,11.56,0,26.1,20.5,23.6,22.6,22.2,22.4,2.2,.4,202,73,9.6,9.5,3.5,4.5,1.04,7.4
2016,99,20,24.3,14.9,18.5,100,40.3,80,.48,13.05,7.62,25.2,20.3,22.5,22.4,22.1,22.3,2.1,.4,356,73,9.1,6.8,2.6,3,1.67,14.6
2016,100,20,23.5,13.9,18.1,100,56,84.9,.35,13.84,2.79,24,18.8,21,22.2,21.5,21.8,2,.4,352,73,7.2,5.9,2.4,2.7,1.75,15.3
2016,101,20,19.3,12.5,15.2,98.8,64.5,87.1,.24,11.91,8.64,22.5,16.8,18.9,21.6,20.7,21.1,1.4,.3,268,72,6,3.1,1.7,2.2,1.49,12.9
2016,102,20,23.5,12.7,17.5,99.9,47.7,79.9,.48,19.03,0,26.4,17,20.6,20.7,20.2,20.5,1.1,.5,226,59,5.5,5.3,3.4,3.3,1.56,13.6
2016,103,20,28.9,9.5,19.1,100,24.9,68.9,.93,26.58,0,31.1,15.6,22.8,21.1,20.3,20.6,.9,.3,157,63,3.1,7,5.3,4.5,1.41,12
2016,104,20,29.5,11.5,20.7,96,19.8,60.9,1.18,26.43,0,32.2,17.9,24.7,22.1,21.1,21.5,1.6,1.2,172,40,6.5,7.9,6.1,5.1,1.39,11.8
2016,105,20,29.3,12.9,20.8,84.6,11.9,48,1.44,22.34,0,30.2,19.2,24.2,22.5,22.1,22.3,2.1,1.5,206,46,8.6,8.3,5.6,5.3,1.1,8
2016,106,20,24.3,9.4,17.9,84.8,12.7,38.4,1.41,25.55,0,26.7,17.8,22.3,22.7,22,22.4,5.2,4.5,352,30,18.4,4.7,8.3,6.7,.71,1.6
2016,107,20,26.1,11.5,19.1,67.6,13.3,30.8,1.64,27.93,0,27.3,17.4,22,22.3,21.6,21.9,5.4,5.2,354,16,15.4,6.2,9.2,7.9,.64,.6
2016,108,20,27.1,10,19.1,66.4,12.1,35.4,1.62,28.16,0,28.3,16.9,22.3,22,21.4,21.8,3.9,3.6,350,24,10.8,6.3,8.4,7.1,.72,2.2
2016,109,20,29.2,5.3,18.6,83,10,40.8,1.62,28.46,0,29.1,16.2,22.5,22.1,21.4,21.8,2.7,2,358,40,10.7,6.4,7.9,6.5,.75,2.8
2016,110,20,33.6,6.5,20,88.2,9,45.4,1.75,26.35,0,31.2,16.9,23.8,22.3,21.6,21.9,.9,.4,331,60,3.1,8.1,5.9,5,.9,5.3
2016,111,20,34.4,9.5,22,89.6,10.3,46.5,1.83,27.7,0,32.7,18.9,25.5,23,22.2,22.5,1.1,.4,199,63,5.8,8.9,6.6,5.5,1.08,8
2016,112,20,34.2,9.7,22.5,90.2,9.3,41.4,1.97,27.24,0,32.8,20,26.2,23.7,23,23.2,1.5,.9,170,49,7.2,8.8,6.9,5.9,.99,6.6
2016,113,20,32.6,10.1,23.6,84.3,12.2,36.1,2.2,27.71,0,32,20.5,26.3,24,23.5,23.7,3.2,2.7,186,33,10.6,8.5,8.7,7.5,.93,5.8
2016,114,20,29.5,13.3,21.6,56.2,9.3,31.9,1.88,28.98,0,32.2,21.7,26.7,24.4,23.9,24.1,2.7,1.6,324,52,8.4,8.6,7.7,6.9,.78,3.4
2016,115,20,30.5,6.4,20,87.8,10.9,40.3,1.7,25.71,0,31.8,19.6,25.6,24.6,23.8,24.2,1.7,1.1,197,48,8.6,7,6.4,5.6,.84,4.2
2016,116,20,23.1,10.3,18.3,71.3,13.7,37.7,1.36,27.2,0,29.4,21.1,24.9,24.5,23.9,24.2,3.4,2.9,253,32,11.2,4.3,7.2,5.8,.77,2.9
2016,117,20,27.7,7.8,18.1,79.7,16.3,44,1.32,28.28,0,31.3,18.7,24.7,24.2,23.4,23.8,1.4,.7,189,56,4.6,6.1,6.2,5.2,.87,4.7
2016,118,20,27.8,9.8,19,77.8,15.3,46.6,1.33,24.8,3.05,29.8,20.1,24.8,24.1,23.6,23.9,3.1,1.6,186,56,15.3,6.5,6.4,6,.97,6.5
2016,119,20,23.4,8.6,16.3,98.3,37.9,70.9,.64,20.48,.25,26.7,18.4,22.6,24.1,23.3,23.7,1.5,.3,10,72,7.1,4.2,3.7,3.6,1.27,10.5
2016,120,20,28.5,10.1,19.1,99,19.4,61.2,1.07,26.27,0,30.7,18.2,24.2,23.5,22.8,23.1,1.2,.3,177,70,5.4,7,5.5,4.8,1.25,10.1
2016,121,20,22,10.7,17.4,79.2,41.3,58.5,.85,15.88,0,24.5,19.7,22,23.6,23,23.3,4.4,3.7,14,34,10.9,3.9,4.1,4.1,1.15,9
2016,122,20,29.2,13.3,21.3,85.7,19.7,50.2,1.44,29.2,0,31.7,19.1,24.8,23.2,22.4,22.8,2.6,1.5,356,52,8.3,8.5,7,6.4,1.2,9.5
2016,123,20,30.9,10.5,21,89.9,16.1,52.9,1.47,28.81,0,32.4,20.2,26.2,24,23.2,23.5,1.6,1.3,342,37,11.8,8.2,6.9,5.8,1.21,9.7
2016,124,20,34.6,11.9,23.4,79.6,12.6,44.8,1.95,28.91,0,33.6,21.1,27.1,24.5,23.9,24.1,2.3,1.6,348,43,8.1,9.6,7.6,7.1,1.17,9.3
2016,125,20,35.3,11.6,23.6,87,10.5,45.2,2.01,28.32,0,34.6,22.1,28.1,25.2,24.5,24.8,1.7,1.2,179,46,8.7,9.7,7.4,6.6,1.16,9.1
2016,126,20,31.2,14.4,23.6,67,12.5,35.1,2.08,27.1,0,32.7,23.1,27.7,25.5,25.1,25.3,3.9,3.6,177,22,11.1,9.9,8.7,8,.94,6
2016,127,20,25.5,13.3,18.6,92.1,26.2,56.5,1,21.12,3.56,30.1,22.6,25.7,25.7,25.1,25.4,3.3,2.2,164,46,12.3,6.6,5.3,5.3,1.17,9.2
2016,128,20,26.7,11.6,18.9,93.5,23.7,61.1,.99,28.35,0,31.2,19.4,24.7,25.3,24.2,24.7,2,1.3,190,48,11.7,6.5,6.2,5.4,1.26,10.3
2016,129,20,28.9,10.1,19.5,92.9,19.6,58,1.16,25.5,0,31.9,19.6,25.4,24.8,24.1,24.5,1.6,1,169,48,6.9,7.2,5.7,5.1,1.23,9.9
2016,130,20,32,11.8,22.3,83.1,16.9,48.3,1.66,29.21,0,33.5,20.7,26.8,25,24.3,24.6,2.6,2.4,171,21,10.1,8.9,7.6,6.8,1.2,9.6
2016,131,20,34.5,13.3,24.8,75.3,16.3,39.7,2.23,29.29,0,35.1,22.2,28.5,25.7,25,25.2,2.4,2.1,163,30,8.8,10.3,8.3,7.4,1.1,8.3
2016,132,20,33.7,14.7,24.7,80,13.6,38.8,2.17,29.52,0,34,24,28.7,26.2,25.7,26,3.2,2.9,360,27,11.1,10.7,9,8.1,1.1,8.2
2016,133,20,38.8,13.8,27.1,66,6.6,29.5,3.05,30.36,0,35.8,23.1,29.2,26.5,25.9,26.2,2.1,1.3,351,50,9.5,11.3,8.8,8.1,.89,5.2
2016,134,20,40,11.9,27.3,78.8,5.8,33.2,3.13,29.98,0,37,23.8,30.3,27.1,26.4,26.7,1.9,1.2,164,50,9,10.6,8.9,7.9,.95,6
2016,135,20,38.5,18.7,29.9,73,10.5,28.6,3.31,26.4,0,36.8,26.6,31.5,27.8,27.1,27.4,3.2,3,175,24,9.7,13.4,9.2,9.1,1.09,8
2016,136,20,33.7,18.4,27,61.6,11.9,29.4,2.7,29.53,0,37,26.3,31.5,28.2,27.7,27.9,3.5,3,166,30,10.8,12.5,9.6,8.7,.98,6.6
2016,137,20,34.7,14.7,26,71.8,12,32.6,2.48,28.73,0,37.1,25.5,31.2,28.5,27.9,28.2,2.1,1.6,173,42,10.9,10.9,8,7.2,1.03,7.3
2016,138,20,30.1,17.5,25.2,57.7,20.4,31.6,2.28,19.88,0,31.7,26.6,29.3,28.6,28,28.3,5.3,5,7,19,13,11,8.2,8.2,.98,6.6
2016,139,20,35.5,14.8,25.6,78,11.3,39.6,2.4,30.03,0,35.7,24.3,29.8,28.1,27.4,27.7,2.7,1.8,358,47,9.7,11.1,8.8,8,1.12,8.3
2016,140,20,34.5,15.1,26.4,81,16.4,41,2.31,29.78,0,36.9,25.1,30.9,28.2,27.6,27.9,3,2.6,177,29,11.9,11.1,8.9,7.9,1.31,10.8
2016,141,20,32.4,19.2,26.6,51.1,10.4,25.1,2.73,27.2,0,34.8,26.1,30.3,28.5,28,28.2,6.3,5.5,186,28,15.4,12.6,11.3,10.8,.83,3.9
2016,142,20,27.6,13.1,21.1,61.7,9.8,31.9,1.81,30.75,0,34.5,24,29.1,28.5,27.7,28.1,3,2.4,204,37,9.9,7.6,8.4,7.2,.76,2.9
2016,143,20,30.3,10.2,21.1,77.9,8,35.4,1.83,31.05,0,35.4,22.7,28.8,28.1,27.3,27.7,1.3,.5,180,63,5.4,7.8,7.3,6,.8,3.5
2016,144,20,29.5,9.5,21.1,82.9,14.9,39.4,1.73,30.4,0,34.9,22.9,28.8,28,27.3,27.6,2.5,2.2,166,27,8.4,7.3,8,6.7,.93,5.8
2016,145,20,28.5,13.7,22.3,71,14.2,37.6,1.8,29.9,0,34.2,23.6,28.8,27.9,27.3,27.6,2.9,2.3,189,37,9.9,8.4,8.2,7,.97,6.5
2016,146,20,28.9,11.9,21.1,78.4,10.9,41.5,1.64,30.31,0,34.7,23,28.8,27.8,27.2,27.5,2.2,1.6,180,44,11.5,7.7,7.7,6.5,.97,6.4
2016,147,20,32.6,10,22,83.5,11.1,43.3,1.76,29.28,0,35.9,23,29.2,27.8,27.1,27.5,1.3,.7,159,56,6.7,8.6,6.9,6,1.06,7.7
2016,148,20,35.2,12,23.9,79,10.6,41.7,2.06,30.21,0,37.2,23.7,30.2,28,27.4,27.7,1.4,1,155,41,6.3,9.9,7.5,6.6,1.13,8.7
2016,149,20,34.7,13.9,25.7,76.2,11.6,37.8,2.31,30.12,0,37.5,25.1,31.1,28.4,27.8,28.1,1.6,1.2,187,41,7.5,10.5,7.9,6.8,1.18,9.2
2016,150,20,33,13.7,24.5,74.6,12.1,37.5,2.14,30.88,0,37.1,25.2,31,28.7,28.2,28.5,2,1.7,178,31,7.4,10.1,8.3,7,1.09,8.1
2016,151,20,37.3,11.2,25,80.3,8.4,37.9,2.39,29.6,0,38,24.4,31,28.9,28.2,28.6,1.1,.6,163,52,4.2,9.9,7.4,6.4,1.09,8
2016,152,20,40.2,14.4,28,88,8.8,40,2.81,30.61,0,39.3,26.2,32.6,29.2,28.6,28.9,1.6,.8,355,58,6.4,11.6,8.4,7.6,1.33,11.1
2016,153,20,43.3,16,29.7,76.6,6.2,38.9,3.24,30.92,0,40.6,27.1,33.7,29.8,29.1,29.4,1.1,.2,222,72,4.3,12.7,8.1,7.3,1.39,11.7
2016,154,20,45,18.9,31.1,73.7,4.9,35.5,3.48,30.06,0,41.5,28.2,34.6,30.4,29.8,30,1.1,.7,177,49,4.2,14,7.9,7.3,1.44,12.2
2016,155,20,46.1,16,31.7,81.1,5.3,32.8,3.88,30.62,0,42.2,28.6,35.3,31,30.3,30.6,1,.4,186,63,4.7,13,8.2,7.3,1.32,10.7
2016,156,20,47.9,15.8,33,80.8,3.9,26,4.77,30.85,0,42.7,28.8,35.6,31.4,30.8,31.1,1.5,.7,194,61,5.3,13,9.2,8.7,.97,5.8
2016,157,20,45.7,18.1,33.1,67.2,4.5,20.5,4.71,30.43,0,42.4,29.6,35.9,31.8,31.2,31.5,2.2,1.5,179,47,9.9,13.8,10.1,9.7,.87,4.5
2016,158,20,43.2,17.5,31.5,63.9,4.8,24.9,4.11,29.92,0,41.9,29.3,35.5,32,31.4,31.7,2.3,1.9,167,34,8.6,13.4,9.8,9.3,.94,5.8
2016,159,20,42.8,18.9,31.8,68.1,8.9,24.9,4.08,30.2,0,42.5,29.2,35.7,32.2,31.6,31.9,2.5,2.1,164,34,8,13.8,10.1,9.6,1.01,7
2016,160,20,42.8,20.8,32.6,63.9,10.6,28.1,3.97,27.59,0,42.4,30.5,36.3,32.4,31.9,32.2,2.8,2.5,155,27,9.1,14.6,9.6,9.6,1.24,10
2016,161,20,40.8,25.3,32.6,46.9,7,25.4,3.94,30.22,0,42.7,31.4,36.8,32.7,32.2,32.5,3.7,3.5,171,18,10.9,16.1,10.9,10.9,1.15,8.8
2016,162,20,39,22.4,31.1,59,14.7,33.8,3.21,24.42,0,41.3,30.7,35.9,33,32.4,32.7,3.6,3.4,171,20,9,15,8.6,9.3,1.45,12.4
2016,163,20,37.8,23.5,31.5,66.2,18,32.9,3.29,28.91,0,42.4,31.7,36.8,33,32.5,32.7,3.6,3.4,176,21,10,15.3,10,9.6,1.45,12.4
2016,164,20,36.4,19.3,28.8,66.4,11.7,32.3,2.89,30.75,0,41.7,30.2,35.8,33.1,32.5,32.8,3.3,3,172,21,9.4,13.4,9.8,9.1,1.18,9.3
2016,165,20,36.5,17.9,27.8,72,11.9,36.5,2.65,30.57,0,41.7,29.1,35.2,33,32.3,32.7,2.1,1.7,168,32,7.1,12.7,8.6,7.7,1.28,10.4
2016,166,20,36.4,17.5,27.9,70.2,11.2,33.4,2.79,30.99,0,41.3,28.8,35,32.9,32.2,32.6,2.9,2.7,163,21,8.7,12.5,9.6,8.7,1.16,9.1
2016,167,20,35.3,21,28.2,62.9,12.1,32.8,2.78,31.22,0,41,29.1,34.9,32.8,32.2,32.5,3.6,3.3,171,25,11.6,13.9,10.1,9.4,1.17,9.2
2016,168,20,35.5,17.7,27.3,69.5,14,37.4,2.47,30.95,0,41.4,28.9,34.9,32.7,32.1,32.4,2.6,2.2,184,33,8.2,12.4,8.8,8.1,1.31,10.8
2016,169,20,37.8,16,28.1,77.1,11,39.4,2.6,31.24,0,41.9,28.7,35.2,32.7,32.1,32.4,2.1,1.8,168,34,8.1,12.1,8.8,8,1.42,12.1
2016,170,20,43.2,17.1,30.1,79.6,7.1,31.9,3.38,28.3,0,41.9,28.9,35.3,32.8,32.2,32.5,1.2,.5,189,62,4.6,13.1,7.6,7.1,1.25,10.1
2016,171,20,46.9,20.2,33.4,75.6,6,34.6,4.11,30.35,0,44.4,30.3,37.1,33,32.4,32.7,1,.1,173,76,4.2,14.7,8.3,7.4,1.57,13.4
2016,172,20,50.5,21.5,36.6,69.8,4.7,26.9,5.51,29.88,0,45.4,32,38.5,33.7,33,33.3,1.6,.6,321,64,7.7,15.2,9.4,9,1.31,10.4
2016,173,20,42.2,26.7,32.9,64.6,15.3,38.6,3.2,26.47,0,44,34.3,38.7,34.2,33.7,33.9,2.7,2.3,161,30,8.1,16.6,8.3,8.9,1.92,16.6
2016,174,20,39.9,22.8,31.5,66.8,14.2,40.2,2.97,30.04,0,44.5,32.4,38.3,34.4,33.9,34.2,2.7,2.5,163,23,6.8,15.2,9.1,8.9,1.81,15.8
2016,175,20,41.4,20.9,30.9,64.6,10.2,40.2,2.92,30.54,0,44.6,32,38.1,34.6,34,34.3,2,1.7,164,27,6.1,14.5,8.7,8.3,1.74,15.1
2016,176,20,39,20.4,30.1,74.2,13.7,44.1,2.62,29.67,0,43.8,31.5,37.5,34.7,34,34.4,2.2,1.8,164,33,7.2,14.1,8.5,7.9,1.83,15.9
2016,177,20,41.1,21.4,31.1,83.8,12.7,45.7,2.76,30.51,0,44.8,31.7,38.1,34.6,34.1,34.3,1.3,1,159,38,3.7,14.7,8.1,7.4,2.01,17.4
2016,178,20,43.8,20.5,32.5,76.7,9.6,41.6,3.23,30.14,0,45.5,31.9,38.5,34.8,34.2,34.5,1.2,.9,161,40,4.3,14.5,8.1,7.5,1.99,17.1
2016,179,20,42.9,24.1,32.9,74.2,15.5,45.1,2.96,25.88,0,44.7,33.4,38.8,35,34.6,34.8,1.8,1.4,175,38,8.7,15.7,7.4,7.6,2.21,18.9
2016,180,20,46.4,25.9,36.6,69.6,10.4,33.6,4.46,28.58,0,46.8,34.7,40.5,35.5,34.9,35.1,1.9,.4,39,72,9,16.4,8.8,8.8,1.95,16.8
2016,181,20,38.8,24.1,32.8,75.5,20.4,46.6,2.79,27.77,0,45.7,34.7,40,35.7,35.3,35.5,2.1,1.5,168,44,6.1,15.5,8,7.6,2.29,19.6
2016,182,20,39,21.5,29.8,98.3,29.4,62.6,1.81,24.62,31.5,45.4,30.4,37.9,35.9,35.4,35.7,3.3,1.5,166,59,21.2,14.5,7,7.6,2.54,21.3
2016,183,20,36.1,21.5,28.5,99.1,31.3,70.5,1.36,24.32,6.1,35,27.7,31.2,35.7,33.3,34.3,1.5,.7,334,59,11.4,14.2,5.8,5.8,2.65,21.9
2016,184,20,39.9,22.4,30.5,91.4,26,60.2,2.01,29.16,0,34.6,27.8,31.2,33.3,32.2,32.7,2.4,2,350,34,21.4,15,7.6,8,2.52,21.1
2016,185,20,39.7,23.9,31.4,86.5,20,55.4,2.28,29.09,0,38.6,27.9,32.9,32.4,31.8,32.1,1.5,1.2,162,38,5.6,15.6,7.7,7.3,2.46,20.7
2016,186,20,40.6,23.1,32.2,81.1,18.2,46.8,2.76,30.3,0,40.9,28.8,34.4,32.8,32.1,32.4,1.6,1.3,166,38,6.5,15.3,8.3,7.7,2.2,18.8
2016,187,20,37.6,20.1,29.3,75.2,11.4,40,2.64,31.3,0,40.2,28.2,34,33.1,32.4,32.8,2.1,1.7,162,34,7.7,13.8,8.8,7.9,1.6,13.6
2016,188,20,36.3,20,28.4,67.9,11.9,39.8,2.47,30.8,0,39.6,27.4,33.2,33.2,32.2,32.7,3,2.7,165,25,8.8,13.6,9.2,8.5,1.54,13.1
2016,189,20,37,21.4,28.9,75.1,17.6,47.7,2.27,30.88,0,40.4,28.6,34.2,33,32.3,32.7,2.3,2.1,165,23,7.2,14.3,8.6,7.9,1.85,16.2
2016,190,20,38,20.3,29.6,76.5,14.5,43.7,2.57,30.8,0,40.7,28.6,34.5,33.3,32.5,32.9,2.1,1.8,171,33,6.7,14,8.7,7.9,1.76,15.4
2016,191,20,38.8,18.5,30.9,79.7,12.1,36,3.13,30.87,0,40.8,29.1,34.8,33.5,32.8,33.2,2.3,1.8,183,39,8.7,13.3,9.2,8.2,1.54,13
2016,192,20,43,19.3,33.2,74.4,6.9,27.4,4.24,30.98,0,40.6,29.5,35,33.7,33,33.3,2.9,2.3,227,38,10.1,14,10.6,10.2,1.18,8.7
2016,193,20,41.9,16.9,31.6,62.6,6.4,23.2,4.02,31.44,0,41.2,29.2,35.2,33.8,33,33.4,1.4,.5,163,65,4.5,12.9,8.9,7.7,.95,5.8
2016,194,20,42.4,18.4,31.1,71.1,6,27.9,3.94,31.05,0,41,29.2,35,33.9,33.2,33.5,2.2,1.8,170,36,7.8,13.6,9.9,9.1,1.02,6.9
2016,195,20,43.4,17.5,31.6,71.7,7.9,30.8,3.93,30.52,0,41.4,29.1,35.2,33.9,33.2,33.6,1.6,.9,179,52,6.6,13.3,9,8.1,1.17,9
2016,196,20,44.6,20.5,32.8,72.8,7.6,33.9,4.04,30.04,0,42.1,30.5,36.1,34.1,33.5,33.8,1.7,1.2,170,42,7.2,14.6,9.1,8.3,1.4,11.7
2016,197,20,44.6,19.6,32.9,76.3,7.8,31.8,4.2,30.2,0,42.1,30.5,36.2,34.4,33.8,34.1,1.9,1.3,171,44,8.3,14.3,9.5,8.7,1.28,10.4
2016,198,20,42.4,22.9,33.7,55.2,12.1,27.1,4.08,29.27,0,42,31.4,36.5,34.6,34,34.3,3.3,3,167,25,8.3,15.4,10.3,10.3,1.38,11.5
2016,199,20,40.6,24.5,33.5,57.1,12.5,29.6,3.93,28.61,0,41.5,32.1,36.7,34.8,34.3,34.6,3.9,3.7,153,17,11.8,15.8,10.8,10.5,1.42,12
2016,200,20,40.8,26,33.4,58.2,14.4,33.6,3.64,28.11,0,42.2,32.7,37.1,35,34.5,34.8,2.9,2.7,163,20,9.3,16.3,9.4,9.3,1.65,14.4
2016,201,20,43,24.9,33.8,65.3,11.6,36.5,3.68,28.69,0,42.8,32.5,37.5,35.3,34.7,35,2.1,1.8,174,30,7.1,16,8.8,8.5,1.81,15.8
2016,202,20,43.7,25.7,34.8,65.3,12.4,34.7,3.96,28.4,0,43.5,33.1,38.1,35.6,35,35.3,2.1,1.8,170,31,8.4,16.4,8.9,8.6,1.81,15.9
2016,203,20,45.6,24.1,35.2,81.3,12.4,39.2,3.99,28.04,0,44.3,33.8,38.8,36.1,35.4,35.7,1.1,.6,164,55,3.9,15.9,7.9,7.2,2.02,17.4
2016,204,20,46.1,24.1,35,72.7,8.1,33.3,4.19,29.03,0,44,33.8,38.8,36.3,35.7,36,1.7,1.2,166,44,5.9,15.9,8.8,8.3,1.76,15.4
2016,205,20,42.7,23.9,34.3,67.4,13.6,37.6,3.66,27.94,0,43.7,33.8,38.7,36.5,35.9,36.2,2.5,2.1,159,30,7.5,15.7,9,8.7,1.97,17.2
2016,206,20,41.4,25.6,34.1,71.1,21.6,41.2,3.35,26.92,0,43,34.4,38.6,36.6,36.1,36.4,3,2.7,166,27,8.4,16.2,8.9,8.9,2.13,18.4
2016,207,20,42.9,25.8,34.6,77.3,18.5,43.4,3.39,26.2,0,43.6,34.5,38.8,36.7,36.1,36.4,2.2,2,161,25,6.9,16.4,7.9,8.1,2.28,19.5
2016,208,20,45.8,26.3,35.9,78.5,12.4,39.9,4.03,26.98,0,44.7,34.7,39.5,36.9,36.3,36.6,1.1,.8,175,44,3.3,16.5,7.6,7.1,2.18,18.7
2016,209,20,46.7,27.3,36.8,70.2,12.1,39.8,4.18,27.19,0,45.1,35.5,40.1,37.3,36.7,37,1.8,1,170,54,9.6,16.8,8.4,8.3,2.3,19.6
2016,210,20,45.3,26.9,36.3,69,13.1,38.4,4.12,26.59,0,44.9,35.7,40.2,37.5,37,37.3,2.1,1.2,150,53,12.4,16.7,8.6,8.5,2.16,18.5
2016,211,20,43.5,27.5,35.2,68.6,20.8,42.6,3.48,23.48,0,43.6,35.8,39.8,37.7,37.2,37.5,2,1.7,162,32,5.9,16.8,7.2,7.6,2.39,20.2
2016,212,20,38.4,26.4,32.8,76.1,28.7,48.6,2.66,25.54,0,42.9,35.3,39,37.7,37.1,37.4,4,3.5,159,29,16.7,16.4,8.6,8.7,2.36,20.1
2016,213,20,39,25.7,32.6,80.4,23.8,54.4,2.43,24.16,0,43.2,34.7,38.7,37.5,36.8,37.1,2.6,2,161,38,8,16.1,7.1,7.3,2.59,21.6
2016,214,20,39.2,27,32.6,78.1,30.1,52.3,2.44,22.01,0,43.2,35.3,38.7,37.3,36.8,37.1,2.4,1.7,171,43,11.1,16.6,6.6,6.9,2.55,21.3
2016,215,20,38.8,23.9,32.4,85.2,27.5,52.2,2.47,25.4,0,43.5,34.4,38.6,37.2,36.6,36.9,2.5,1.7,158,46,13.3,15.5,7.6,7.3,2.47,20.9
2016,216,20,39,27,32.1,77.1,26.8,56.4,2.24,23.42,0,43.4,35,38.5,37.2,36.7,36.9,2.2,1.5,173,46,13.2,16.5,6.8,6.8,2.63,21.9
2016,217,20,37.6,23.6,29.9,93.5,27.9,65,1.72,25.88,7.37,41,32.7,36.7,37.1,36.2,36.6,2.8,2,342,42,16.2,15.3,7,7.1,2.62,21.8
2016,218,20,40.8,24.5,32.3,93.9,24.4,58.1,2.33,25.99,0,42.7,32.3,37.2,36.4,35.5,35.9,1.7,1.2,169,44,6.7,15.9,7,7,2.66,22
2016,219,20,40.7,25.9,33,77.5,22.5,49.5,2.73,27.24,0,43.5,33.4,38.1,36.4,35.8,36,1.7,1.3,177,39,6.3,16.3,7.6,7.3,2.42,20.5
2016,220,20,40.9,24.2,32.7,74.5,17.2,41,3.14,27.91,0,43.1,33.4,38,36.5,36,36.3,1.9,1.6,181,31,8.1,15.7,8.2,7.6,1.97,17.2
2016,221,20,40.9,20.9,31.2,78.6,13,39.7,3.09,28.39,0,42.4,32.6,37.3,36.6,35.9,36.2,2.1,1.7,177,36,7.6,14.5,8.5,7.9,1.68,14.6
2016,222,20,38.3,21.8,31,74.8,25.2,44.4,2.65,26.64,0,41.1,32,36.5,36.4,35.6,36,3.2,2.8,172,26,9.9,14.7,8.5,8.1,1.99,17.1
2016,223,20,37.7,26.8,31.8,73.5,30.5,54.6,2.22,25.24,0,41.8,33.5,37.3,36.1,35.6,35.8,3.5,3.4,171,16,7.6,16.4,7.6,7.9,2.54,21.3
2016,224,20,40.1,25.4,32.2,80.9,27,55.2,2.33,24.98,0,43,33.6,37.8,36.2,35.7,35.9,1.8,1.6,172,32,6.7,16.1,6.7,6.9,2.58,21.6
2016,225,20,43,24.5,33.1,84.5,18.5,52.2,2.74,24.5,0,43,33.8,38.1,36.3,35.8,36.1,1.1,.4,193,63,5.8,15.9,6.5,6.3,2.52,21.1
2016,226,20,45.7,22.7,33.7,89,9.2,46.3,3.54,27.21,0,43.7,33.3,38.3,36.5,35.9,36.2,.8,.3,14,67,3.5,15.5,7.2,6.5,2.11,18.1
2016,227,20,43,20.9,32.4,84.9,12.8,48,2.9,27.34,0,43.5,33,38.2,36.6,36,36.3,1.2,.7,166,54,3.6,14.7,7.4,6.8,2.25,19.2
2016,228,20,44,22.2,32.3,82.3,10.3,44.6,3.05,27.37,0,43.3,33.1,38,36.7,36,36.4,1.6,1.1,176,46,8.4,15.2,7.8,7.5,2.05,17.7
2016,229,20,44.9,20.7,32.4,80.6,8.3,35.9,3.56,27.66,0,42.8,32.3,37.4,36.6,35.9,36.3,1.3,.7,190,53,7.4,14.6,7.9,7.2,1.61,14
2016,230,20,42.6,23,33,73.8,13.2,38.9,3.32,24.92,0,42.7,32.7,37.5,36.4,35.8,36.1,1.7,1.2,172,46,9.4,15.4,7.3,7.1,1.93,16.6
2016,231,20,39,25.6,31.6,75.3,22,47,2.64,24.09,0,42.7,33.7,37.8,36.4,35.9,36.2,1.9,.7,177,64,10.1,16.1,7,6.7,2.13,18.4
2016,232,20,40.1,21.2,29.2,93.3,14.6,58.8,1.99,21.81,0,41.5,32.4,36.4,36.4,35.6,36,1.3,.8,182,50,8.1,14.6,5.5,5.7,2.24,19.2
2016,233,20,38.1,23.9,30.9,81.8,18.7,48.9,2.48,24.12,0,41.7,32.4,36.5,36,35.3,35.6,2.4,2,161,33,11.8,15.4,7.2,7.1,2.1,18
2016,234,20,35.5,22.6,29.2,82.7,23.4,52.9,1.97,11.78,0,36.8,33.2,34.9,35.8,35.2,35.5,1.8,1.2,160,49,10.4,14.7,3.3,4.3,2.12,18.2
2016,235,20,37.3,21.3,28.8,89.6,24.8,55.9,2,24.59,3.05,41.1,30.6,35.1,35.2,34.5,34.8,2,1,161,58,8.9,14.3,6.8,6.5,2.11,18.3
2016,236,20,37.4,21.8,28.4,90.8,22.8,60.1,1.82,23.16,.51,39.3,29.5,33.8,35,34.1,34.5,1,.4,347,60,7.5,14.5,5.5,5.3,2.19,18.9
2016,237,20,38.3,21,29.5,92.4,18,56.3,2.16,24.98,0,40.7,29.5,34.8,34.5,33.8,34.2,1.2,.8,159,46,4.7,14.3,6.5,5.8,2.17,18.7
2016,238,20,38.7,23,30.5,75.5,16.7,46.1,2.62,24.6,0,40.5,30.4,35.2,34.5,34,34.3,2,1.8,177,29,8.8,15.1,7.2,6.8,1.9,16.6
2016,239,20,35.6,20.3,29.1,88.7,25.8,48.4,2.26,23.5,4.57,39.3,30.6,34.8,34.6,34,34.3,2.7,2.2,168,35,10.2,13.7,7.2,6.6,1.88,16.4
2016,240,20,31.8,20.1,25,96.3,30.6,78.4,.8,10.73,1.27,33.9,28.9,31.1,34.5,33.3,34,1.5,.3,223,72,5.8,12.9,2.3,3.1,2.41,20.5
2016,241,20,38.7,18.3,27.6,99.5,16.9,62.2,1.91,18.04,0,38.9,26.1,31.9,33.3,32.2,32.6,.9,.2,258,71,4.2,13.2,4.3,4.5,2.05,17.8
2016,242,20,43.9,17.7,30.3,94.4,10.7,49,2.92,18.09,0,40.2,27.8,33.7,33,32.4,32.7,.8,.4,334,60,4,13.4,4.7,4.8,1.8,15.7
2016,243,20,42.1,18.3,31,90.5,12.2,44.8,3.05,18.31,0,40.6,29.3,34.8,33.5,32.8,33.1,1.1,.6,193,55,4.9,13.6,5.1,5.1,1.8,15.8
2016,244,20,43.1,20.1,31.4,88.7,12.6,45.3,3.06,12.91,0,39,30.2,34.2,33.7,33.2,33.4,.8,.4,191,56,4.9,14.3,3.6,4.1,1.84,16
2016,245,20,41.6,23.7,32.3,77.7,18.1,44.6,3.15,16.9,0,40.5,30.6,35.3,33.8,33.2,33.5,2.4,2.1,177,29,8.5,15.5,6,6.6,1.94,16.9
2016,246,20,41.4,25.9,33.3,67.3,15.7,39.2,3.46,16.63,0,40.8,32,36,34.2,33.7,33.9,3,2.6,175,28,10.9,16.3,6.5,7.5,1.86,16.2
2016,247,20,41,20.8,32.1,76.8,8.4,29.4,3.84,17.42,0,40.2,31,35.4,34.3,33.8,34.1,3,2.5,181,33,9.1,14.5,7.2,7.9,1.23,8.9
2016,248,20,38.2,18.8,29.5,46.1,8.4,21.7,3.5,17.85,0,38.9,29.7,34,34.3,33.6,34,3.3,2.8,172,30,9.4,13.4,7.3,8.2,.82,3.8
2016,249,20,37.3,14.4,26.8,77.8,5.6,28.8,2.95,17.52,0,38.4,27.9,32.9,34,33,33.5,1.4,1.1,166,37,6.3,11.3,5.2,5.1,.85,4.3
2016,250,20,38.5,12.5,26.6,74.7,6.4,30.1,3.02,17.19,0,37.7,26.7,32.1,33.5,32.5,33,1.1,.7,171,47,5.3,10.5,4.8,4.6,.85,4
2016,251,20,36.4,18.9,27.9,73.4,21.6,47.7,2.2,13.43,0,37.1,28.5,32.7,32.9,32.3,32.6,1.7,1.5,166,29,8.4,13.2,4.1,4.6,1.74,14.9
2016,252,20,38.8,21,29.7,83,20.9,50.3,2.42,15.92,0,39.4,29.1,33.9,32.9,32.4,32.6,1.6,1.4,158,32,5.8,14.4,4.7,5,1.95,17.1
2016,253,20,40.9,22.4,31.1,79.7,11.8,47.3,2.79,21.13,0,40.3,30.2,34.9,33.3,32.7,33,1,.8,159,33,3.4,15.1,5.6,5.1,1.95,16.9
2016,254,20,41.6,20.7,30.4,89.7,11.6,41.8,3.02,23.76,0,40.4,30.2,34.9,33.5,33,33.3,1.2,.7,172,52,4.8,14.4,6.6,5.8,1.6,13.8
2016,255,20,39.9,17.9,29.5,84.6,8.6,35.4,3.14,24.43,0,39.1,29.1,33.9,33.7,33,33.3,2,1.4,182,45,9,13.2,7.7,6.8,1.26,10.1
2016,256,20,37.4,17,28.3,72.1,9.9,31.6,2.96,24.38,0,37.8,28.3,32.9,33.4,32.7,33,3,2.6,182,32,9.5,12.5,8.3,7.8,1.1,8.2
2016,257,20,33.9,17.5,27,67.5,12.3,31.5,2.63,23.75,0,36,27.4,31.6,33,32.2,32.6,4.3,4,177,23,13.3,12.1,9.1,8.3,1.06,7.5
2016,258,20,34.8,11,23.5,85.3,6.2,37.5,2.16,24.71,0,36.2,25.6,30.6,32.5,31.5,32,.9,.2,128,72,3.2,9.5,5.9,4.7,.94,5.7
2016,259,20,36.4,10.1,22.6,86.6,7.2,44.1,2.04,24.41,0,35.8,24.5,29.8,31.9,30.9,31.4,.9,.2,233,71,3.5,9.5,5.8,4.8,1,6.6
2016,260,20,37.6,11.7,23.7,87.1,8.3,44,2.18,23.89,0,35.9,24.4,29.8,31.3,30.5,30.9,.9,.3,193,67,3.4,10.2,5.8,4.7,1.1,8.1
2016,261,20,39.8,11.1,24.9,88.9,7.3,44.4,2.44,23.79,0,36.2,24.5,30,31,30.3,30.6,.9,.3,283,66,3.7,10.3,5.9,4.9,1.15,8.8
2016,262,20,42.7,12.1,26,84.5,5.4,41.5,2.67,23.52,0,36.4,24.8,30.3,30.8,30.2,30.5,.8,.1,311,77,2.6,11.2,5.8,4.9,1.14,8.7
2016,263,20,38.1,14.6,26.4,84.9,12.2,44.1,2.32,18.22,0,35,25.6,30.3,30.8,30.2,30.5,1.4,.8,176,54,5.2,11.5,4.9,4.9,1.38,11.6
2016,264,20,29.4,21.4,24.1,97.3,38.4,71.8,.88,4.96,1.78,30.7,27.7,29.1,30.6,30.2,30.5,1.9,1.4,162,41,6,12.6,1.1,2.4,2.13,18.5
2016,265,20,30,20.9,24.2,98.6,53.9,84.8,.52,11.19,.51,30,26,27.8,30.2,29.5,29.8,1.5,1,331,47,5.4,12.7,2,2.7,2.54,21.3
2016,266,20,33.7,15.1,26,95.9,6,55.4,1.6,18.49,0,34,26.2,29.3,29.6,29.2,29.4,3.8,2.2,215,52,13,10.9,6.3,5.7,1.84,12.8
2016,267,20,29.6,8.7,19.7,85.4,11.5,43.2,1.58,22.45,0,32.3,22,27,29.7,28.8,29.2,1.7,1,360,52,7.1,7.1,5.7,4.7,.88,5
2016,268,20,31.7,9.1,20.7,90.1,14.4,47.6,1.69,22.49,0,31.5,21.6,26.4,29.1,28.2,28.6,2.6,2.2,353,32,10,8.1,6.6,5.7,1,6.8
2016,269,20,32.6,13.5,26.2,76.5,14.1,29,2.62,22.2,0,31.5,23.8,27.2,28.5,28,28.3,5.6,5.3,2,19,12.6,9.8,9.5,8.7,.9,5.4
2016,270,20,37.4,19.4,28.6,47,13.2,27.1,2.95,21.65,0,34.3,25,29,28.6,28.1,28.3,3.9,3.1,9,36,10.7,13.5,8,8.4,1.05,7.5
2016,271,20,34.1,17.2,23.9,86.9,27,59.7,1.36,12.49,0,31.3,25.5,28.1,28.8,28.5,28.6,1.3,.6,166,61,7.6,12,2.8,3.5,1.71,15
2016,272,20,35.1,15.2,24.6,95.7,23.7,61.3,1.55,20.59,0,34.6,24.2,29,28.7,28.2,28.5,1.2,.2,241,74,5.4,11.2,4.9,4.4,1.75,15.4
2016,273,20,35.6,17.7,26.3,89.3,22.4,55.6,1.8,19.35,0,35.1,26.1,30.3,29.2,28.7,28.8,1.2,.3,167,69,4.8,12.5,4.9,4.3,1.78,15.6
2016,274,20,36.8,15.4,26.2,88.7,19.4,51.8,2,20.05,0,36,25.7,30.5,29.5,29,29.2,1.2,.6,156,58,4.5,11.7,5.1,4.5,1.63,14.2
2016,275,20,35.8,18.1,26.4,86.8,20.1,50.2,1.96,18.29,0,35.6,26.4,30.5,29.6,29.3,29.5,1.4,1,169,43,8.1,12.7,4.8,4.4,1.63,14.2
2016,276,20,33.9,15.3,25.8,89.3,12.1,38.9,2.28,20.63,0,34.1,25.4,29.5,29.8,29.2,29.5,2.7,2.2,192,35,9.8,11,6.7,5.9,1.18,8.6
2016,277,20,29.1,11.9,21.5,83,8.8,32,1.92,20.6,0,32.1,23.8,27.7,29.5,28.8,29.1,2.2,1,313,60,8.2,7.8,5.8,4.9,.74,2.1
2016,278,20,29.5,7.6,18.2,91.1,10.7,50.4,1.31,20.69,0,31.7,21.3,26.2,29,27.9,28.4,1,.5,164,55,4.8,6.8,4.5,3.5,.94,6
2016,279,20,31.6,8.9,19.2,93.1,16.4,51.4,1.36,19.87,0,31.8,21.2,26.1,28.2,27.4,27.8,1.2,.8,160,47,3.8,8,4.5,3.8,1.05,7.6
2016,280,20,31.6,8.4,19.9,82.8,8.5,35.2,1.93,20.65,0,29.5,20.6,24.9,27.8,27,27.4,3.9,3.2,1,33,12.4,7.8,7.5,7.1,.64,.3
2016,281,20,33.5,10.2,23.2,77.3,9.2,25.3,2.45,19.61,0,29.6,21,24.9,27.2,26.5,26.8,4.4,3.9,8,29,11.8,8.9,8.2,8.2,.59,-.7
2016,282,20,34.5,10.9,22.8,75.8,9.4,40.9,2.03,18.35,0,31.2,20.9,25.8,26.8,26.3,26.6,1.5,.2,315,75,8,9.3,5,4.4,1.03,6.8
2016,283,20,37.4,12.6,24,89.8,16.2,48.8,1.91,19.03,0,32.9,22.4,27.3,27,26.5,26.7,.8,.2,153,71,3.5,10.4,4.5,3.6,1.34,11.2
2016,284,20,33.6,13.9,23.8,86.4,18.5,50.3,1.72,18.84,0,33,23.3,27.8,27.3,26.9,27.1,1.6,1.3,156,35,7.4,10.3,5,4.3,1.39,11.8
2016,285,20,31.9,15.3,24,80.6,22.5,45,1.77,18.9,0,32.8,23.5,27.8,27.5,27.1,27.3,1.8,1.2,160,46,6.7,10.5,5.1,4.3,1.34,11
2016,286,20,32.6,9.9,21.3,87,14.3,45.7,1.66,18.48,0,31.9,21.9,26.5,27.6,27,27.3,1.2,.8,165,51,5,8.5,4.5,3.8,1.08,8
2016,287,20,35.3,8.5,20.9,86.5,9.2,44.6,1.79,17.9,0,31,20.5,25.5,27.3,26.5,26.9,.7,.2,130,65,3,8.8,4,3.1,.97,6.4
2016,288,20,33.2,10.1,21,91.9,13.1,49,1.61,18.61,0,31.2,21.1,25.7,26.9,26.3,26.6,1.5,1,153,44,6.3,8.8,4.7,4,1.1,8.3
2016,289,20,31.8,10.3,21.7,87.6,19.5,47.3,1.68,18.39,0,30.7,20.9,25.5,26.7,26.1,26.4,2.2,1.6,169,41,6.8,8.4,5.1,4.6,1.12,8.5
2016,290,20,30.6,13.7,23.1,82,25.2,49.1,1.62,17.82,0,30.8,22,26.1,26.5,26.1,26.4,2.5,2.2,171,31,8,9.4,5.1,4.5,1.34,11.1
2016,291,20,32.7,12.7,23.2,85.2,19.8,46.2,1.78,17.87,0,31,21.8,26.1,26.6,26.1,26.4,2.5,1.5,190,51,8.6,9.6,5.3,4.9,1.22,9.9
2016,292,20,31.9,12,21.4,81.1,18.3,47.3,1.6,17.75,0,30.8,21.6,25.8,26.6,26.1,26.3,1.4,.5,161,66,4.4,9,4.2,3.7,1.11,8.4
2016,293,20,28.3,11.5,22.3,87.6,13.6,29.1,2.08,18.2,0,28.1,21.6,24.5,26.5,25.9,26.1,5.7,5.3,359,20,14,7.4,8,7.2,.7,1.5
2016,294,20,29.6,11.5,22.4,62.3,12.1,24.8,2.16,18.21,0,28.7,21.9,24.7,26,25.5,25.8,5.3,5,6,19,11.5,7.9,7.7,7.5,.64,.5
2016,295,20,35.5,8.8,20.8,80.5,9.9,39,1.91,17.42,0,29.4,19.1,23.9,25.8,25.1,25.4,1,.3,346,67,4.4,8.9,4.2,3.4,.84,4.1
2016,296,20,35.2,9.3,21.2,87.9,9.8,44.6,1.89,16.69,0,29.8,19.6,24.2,25.5,24.9,25.2,.9,.3,189,66,5.9,9.1,4,3.2,.93,5.7
2016,297,20,33.3,11.7,21.8,83.5,13.9,43,1.82,13.09,0,28.4,20.2,24,25.4,24.9,25.1,1.1,.1,185,77,5.2,9.3,3.3,3.1,1.01,7.1
2016,298,20,30.9,14.5,20.9,99.2,27.6,65.9,.99,8.72,7.37,27.3,21.4,23.9,25.2,24.8,25,1.7,.9,344,56,8.6,9.8,1.9,2.9,1.59,13.5
2016,299,20,29.6,14.5,21.1,100,37.4,82,.6,13.9,.25,28.5,20.4,24,25,24.6,24.8,1,.6,324,51,2.9,9.3,2.4,2.5,1.98,17.3
2016,300,20,31.2,14.6,21.6,99.4,34.6,74.6,.86,13.77,0,29.1,19.8,24,24.9,24.4,24.7,1.4,.8,334,53,4.7,10,2.8,2.9,1.84,16.2
2016,301,20,30.1,14.6,21.3,99.2,38.4,76.4,.76,10.49,0,27.6,20,23.6,24.8,24.4,24.6,.7,.2,292,70,3.4,9.6,1.8,2,1.88,16.4
2016,302,20,30.5,15.4,21.7,99.5,26.1,68.6,1,10.07,0,28.1,20.6,23.8,24.7,24.3,24.5,1.6,.9,152,54,5.2,10.1,2.3,2.8,1.69,14.8
2016,303,20,33.7,14.9,22.7,93.1,26.4,66.1,1.15,9.54,0,28.2,20.6,24.1,24.6,24.2,24.5,.6,.2,306,63,2.2,10.8,1.8,2.1,1.75,15.3
2016,304,20,31,16.2,23,97.5,28.3,64.3,1.19,7.38,0,26,21.4,23.7,24.7,24.4,24.5,2,1.5,193,42,8.4,10.7,2.2,3,1.7,14.8
2016,305,20,26.9,12.3,19.2,85.3,24.9,56.5,1.05,12.09,0,27.1,20,23.2,24.5,24.1,24.3,1.5,.9,144,50,4.2,6.9,2.7,2.7,1.23,9.8
2016,306,20,27,7.3,15.6,84.5,20.2,59.5,.89,11.03,0,25,17.1,20.6,24.3,23.4,23.9,1.2,.2,148,73,3.7,5.6,2,2.5,1,6.8
2016,307,20,25.7,11.7,19.7,76,21.5,40.7,1.48,13.61,0,24.3,17.5,20.6,23.5,22.9,23.2,4.6,4.2,348,23,12.5,6,5.3,5.1,.88,5
2016,308,20,28.9,15.3,23,70.6,17.2,31.7,2,13.31,0,25.9,19.4,22.1,23.1,22.7,22.9,5.6,5.4,9,18,12.6,9.3,6.4,6.8,.86,4.7
2016,309,20,30.7,9.9,19.3,91.7,24.5,59.3,1.13,12.35,0,26.9,18.2,22.3,23.2,22.8,23,1.2,.5,344,62,4.8,7.9,2.7,2.7,1.26,10.3
2016,310,20,30,10.6,19.4,89.7,26.8,59.7,1.15,12.63,0,27,18.3,22.3,23.2,22.8,23,1.2,.5,356,63,4.8,7.9,2.8,2.6,1.27,10.4
2016,311,20,30.5,8.8,18.3,95.5,26.2,63.2,1.01,12.23,0,26.7,17.8,21.9,23.2,22.7,23,.9,.3,137,63,2.8,7.6,2.3,2.3,1.26,10.3
2016,312,20,30.5,8.3,18.6,94.2,20.2,57.7,1.18,11.89,0,26.5,17.7,21.8,23.1,22.6,22.9,1.1,.7,321,52,3.2,7.5,2.5,2.5,1.14,8.9
2016,313,20,31.9,9.4,19.5,84.5,15.8,52.4,1.35,12.57,0,26.3,17.7,21.7,23,22.5,22.7,1.7,.7,355,62,6.2,8.2,3.2,3.3,1.11,8.4
2016,314,20,33.1,8.8,18.7,90,18,56.7,1.27,12.54,0,26.4,17.5,21.5,22.9,22.3,22.6,.6,.1,333,74,3.1,8.4,2.5,2,1.12,8.6
2016,315,20,30.9,7.5,17.3,91,14.1,56.5,1.16,12.69,0,25.8,16.9,21,22.7,22.2,22.5,.8,0,274,80,2.8,7.5,2.5,2.2,1.01,7.1
2016,316,20,31.5,5.5,16.6,91.6,13.9,54.8,1.19,12.33,0,25,16,20.2,22.5,21.8,22.1,.6,.1,331,75,2.2,7.2,2.3,1.9,.92,5.7
2016,317,20,30.9,5.9,15.7,92.3,17.5,60.5,.98,10.46,0,23.8,15.7,19.5,22.1,21.5,21.8,.6,.2,301,66,2,7.1,1.8,1.8,.99,6.7
2016,318,20,30.7,5.8,16.7,93.3,15.1,54.3,1.22,11.94,0,24.1,15.5,19.5,21.7,21.1,21.4,1.3,.7,347,55,5.4,7,2.8,2.8,.9,5.3
2016,319,20,29.3,5.3,15.8,86.4,17.1,55.9,1.07,11.59,0,24,14.9,19.1,21.4,20.9,21.1,.9,.2,292,72,3.7,6.4,2.3,2.2,.93,5.7
2016,320,20,30.1,4.8,15.2,93.4,16.3,59.5,1,10.99,0,23.1,14.5,18.6,21.2,20.6,20.9,.5,.1,236,76,2.1,6.7,1.9,1.7,.93,5.8
2016,321,20,25.7,7.6,16.2,89.8,21.1,53.8,1.03,9.33,0,22.1,15.6,18.6,20.8,20.4,20.6,1.8,.9,187,55,11.1,5.1,2.3,2.6,.92,5.5
2016,322,20,20.1,7.3,15.1,39.3,10.7,20.3,1.42,12.89,0,20.6,15.8,17.8,20.6,20.2,20.4,6.5,6.1,342,19,14,2.5,6.4,5.9,.33,-8.2
2016,323,20,21.1,5.6,13.6,55.2,11.5,26.4,1.23,12.69,0,19.9,14.2,16.4,20.3,19.6,19.9,5.3,5.1,12,15,12.7,2.8,5.3,5.3,.38,-6.4
2016,324,20,23,0,11.4,80.9,12.5,41.3,.96,10.57,0,19,11.1,15.1,19.7,18.8,19.2,.8,.1,305,76,3.9,3.1,2,1.7,.5,-2.9
2016,325,20,23.8,10.9,16.9,79.4,14.7,39.1,1.26,7.22,0,19.8,14.9,17.1,19,18.7,18.9,1.6,.6,186,63,7.6,4.8,1.9,2.6,.72,1.8
2016,326,20,22.2,7.7,16.4,96.7,31.6,66.8,.68,6.27,.76,19.4,15.6,17.6,19.2,18.9,19,2.1,1.1,172,56,6.1,3.5,1.3,1.8,1.22,9.6
2016,327,20,23.3,3.5,12.3,99.9,24.9,66.2,.69,11.39,0,20,12.2,15.8,19.2,18.5,18.8,1.9,1.4,356,41,7.6,3.5,2.5,2.4,.86,4.7
2016,328,20,23.5,1.2,11.2,93.2,21.9,61.6,.7,11.19,0,19.7,11.1,15.2,18.7,18.1,18.4,1,.3,172,68,4.7,3.3,2,1.8,.75,2.8
2016,329,20,21.3,4.9,15.4,84.9,14.6,29.8,1.3,11.63,0,18.8,13.2,15.6,18.3,17.9,18.1,5.9,5.5,1,20,11.9,2.8,5.5,5.1,.49,-3.4
2016,330,20,22.4,.6,11,75,12.7,39.8,.97,11.63,0,18.4,10.5,14.3,18.1,17.5,17.8,2.1,1.4,350,48,8.1,2.8,3.1,2.9,.46,-3.8
2016,331,20,16.6,-.4,9,84.5,24,51,.67,6.11,0,14.8,9.6,12.4,17.7,16.8,17.3,1.4,.9,187,50,9.1,.8,1.1,1.6,.55,-1.6
2016,332,20,19.5,2.2,10.8,99,27.6,64.3,.53,7.45,0,16.1,11.2,13.2,16.9,16.5,16.7,3.4,1.5,180,61,13,1.9,1.8,2.5,.8,3.8
2016,333,20,17.3,-.4,7,100,31.2,76.4,.35,8.04,0,15.7,8.7,11.7,16.6,15.9,16.2,1.7,.7,144,64,7.9,1,1.3,1.6,.72,2.2
2016,334,20,17.7,-2.2,7.2,99.7,17.3,58.6,.61,11.18,0,15.1,7.4,11.1,16,15.3,15.7,2.6,2.1,355,37,11.6,1.1,2.7,2.5,.51,-2.8
2016,335,20,18.3,-3.2,6.8,86.7,15.4,51.4,.63,11.06,0,15.2,6.9,10.8,15.5,14.8,15.1,1.9,.8,9,63,7.5,1.2,2.2,2.2,.45,-4.1
2016,336,20,17.9,-1.6,7.2,86.9,17.4,52.4,.63,8.67,0,14.1,7.4,10.5,15,14.5,14.8,1.7,1.1,358,49,7.4,1.1,1.8,2,.48,-3.4
2016,337,20,16.9,5.1,12.9,75.1,19.8,30.7,1.07,10.74,0,15.2,10.1,12.3,14.7,14.5,14.6,8.3,7.9,358,17,16.1,1.1,6,5,.44,-4.6
2016,338,20,17.2,8.5,12.2,39,14.4,27.7,1.05,10.9,0,15.5,10.5,12.6,14.9,14.7,14.8,6.5,6.1,356,20,13.2,1.4,4.9,5,.39,-6
2016,339,20,20.9,3.8,12.2,73.5,13.9,35.9,1.01,10.82,0,16.6,10,12.8,14.9,14.7,14.8,3.5,3.1,356,27,10.2,2.5,3.6,3.7,.48,-3.4
2016,340,20,20.5,-1.4,8.4,84.9,14.9,49.6,.69,9.78,0,15.7,8.1,11.7,15,14.5,14.8,1,.1,68,78,3.2,2,1.6,1.6,.5,-2.8
2016,341,20,20.7,.8,9.6,84.4,24.3,55.5,.67,7.85,0,15.3,8.9,11.6,14.7,14.3,14.5,1.5,.7,160,58,7.2,2.2,1.5,1.9,.62,.1
2016,342,20,17.1,.7,9.3,92.9,13,43.2,.79,10.78,0,14.1,8.3,10.9,14.6,14.1,14.3,3.9,3.4,351,30,12.7,.9,3.7,3.2,.44,-5
2016,343,20,17.9,-.4,8.6,78.8,13.7,43,.74,11.71,0,14.9,7,10.7,14.2,13.7,14,1.2,.6,319,54,5.6,1.2,2.2,1.6,.45,-4.5
2016,344,20,18.7,4.5,10.7,82.5,17.5,47.8,.76,7.82,0,15.2,10.1,12.2,14.1,13.9,13.9,1.7,1.1,341,47,6.3,1.7,1.8,2.1,.57,-1
2016,345,20,19.3,1.5,9.7,84.8,24.3,56.6,.63,10.12,0,15.5,8.4,11.8,14.2,13.8,14,.9,0,332,79,2.8,1.8,1.6,1.4,.64,.5
2016,346,20,23.9,5.2,13,89.5,28.7,61.7,.73,11.31,0,18,10.4,13.7,14.4,14,14.2,.9,.1,16,77,3,4,1.9,1.6,.87,5
2016,347,20,19.1,4.3,11,96.4,50,76.2,.38,7.24,0,15.4,10.4,12.9,14.7,14.4,14.6,.9,.6,342,51,3.2,1.9,.9,1.1,.98,6.6
2016,348,20,22.5,5.2,12.3,95.4,33.5,70.5,.55,10.52,0,17.6,10.4,13.6,14.6,14.4,14.5,.8,.1,320,75,3.1,3.3,1.6,1.4,.96,6.4
2016,349,20,24.7,4.9,12.8,95.5,33.2,70.5,.6,11.63,0,18.5,10.4,14,14.9,14.6,14.7,.9,.2,150,70,3,4.2,1.8,1.5,1,6.8
2016,350,20,20.5,5.3,13.1,97.2,46,74.5,.47,6.23,0,16.1,10.9,13.7,15,14.8,14.9,.8,.2,184,71,3.3,2.5,.7,1.1,1.11,8.3
2016,351,20,24.5,11.7,18.3,75.7,27.8,51.2,1.06,6.38,0,18.2,14,15.6,15.4,14.9,15.1,5.8,4,195,45,14.6,5.4,3.4,4.4,1.08,7.5
2016,352,20,13.8,-.6,9.1,73.6,12.8,31.2,.84,12.41,0,15.5,10,13.1,15.6,15.2,15.4,4.5,3.4,348,41,13.7,.1,4.1,3.1,.35,-7.9
2016,353,20,13.2,-1.5,7.7,73.5,14.7,31.5,.78,12.31,0,13,7.4,9.9,15.3,14.2,14.7,6,5.6,359,23,13.9,0,4.6,3.6,.3,-9.5
2016,354,20,15,4.7,9.7,39.2,13.6,23.3,.95,12.45,0,13.6,8.6,10.7,14.2,13.7,13.9,7.2,7,10,14,13.8,.5,5.5,4.9,.27,-10.6
2016,355,20,17.7,-1.7,8.9,75,14.3,35,.85,11.07,0,13.4,6.7,10,13.8,13.3,13.5,3.5,3,353,30,10.5,1.1,3.4,3.2,.37,-6.9
2016,356,20,16.5,5.2,10.1,98.7,21.2,59.4,.53,3.93,2.29,12.7,9.5,11,13.4,13.2,13.3,1.7,.9,331,57,8.4,.9,.8,1.6,.73,1.8
2016,357,20,11.3,8.3,9.9,100,80.2,94.2,.07,2.27,10.92,11.8,10.4,11.1,13.4,13.3,13.4,3,2.6,3,31,12.1,0,0,.5,1.15,9
2016,358,20,14.4,8.8,11.2,100,80.3,95.5,.07,2.98,0,13.5,10.6,11.9,13.4,13.3,13.3,1.4,1.1,173,38,7.5,.4,0,.6,1.27,10.5
2016,359,20,15,6.1,11.3,96.7,46.6,76.5,.31,3.82,9.14,13.1,9.1,11.7,13.6,13.4,13.6,3.4,2.7,183,38,12.1,.5,.6,1.2,1.04,7.2
2016,360,20,12.7,.1,6.1,97.4,40.6,76.2,.26,10.76,0,13.1,5.1,8.8,13.6,12.8,13.2,1.6,1.1,156,45,5,0,1.4,1.1,.7,1.9
2016,361,20,13.1,-1.7,6,100,45.3,74.2,.32,9.45,0,9.9,4.3,6.9,12.9,11.9,12.4,3.4,2.9,4,29,10,0,1.8,1.6,.66,1
2016,362,20,14.1,4.6,9.2,75.6,29.1,48.7,.63,11.58,0,11.6,5.1,7.9,11.9,11.4,11.6,5.4,5.2,360,17,11.5,.2,3.4,3.1,.55,-1.4
2016,363,20,16.5,-1.3,8,97,32.7,64.1,.5,10.9,0,12,4,7.8,11.6,11,11.3,3.2,2.7,353,32,11.3,.7,2.5,2.1,.65,.8
2016,364,20,19.2,4.5,12.1,87.1,27.1,53.2,.75,11.75,0,14.3,6.8,9.9,11.5,11.1,11.3,4.5,4,355,28,13.2,1.9,3.6,3.2,.71,2
2016,365,20,16.3,1.9,9.1,99.3,40.6,81.8,.26,6.06,1.27,12.4,6.9,9.6,11.7,11.5,11.6,1.2,.5,336,61,4.4,.7,.5,1,.93,5.7
2016,366,20,14.2,5.6,9.8,100,70.8,92.3,.11,6.35,.25,12.5,8.2,10.5,11.9,11.6,11.8,1.2,.8,336,49,3.3,.3,.4,.8,1.12,8.5
