2016,1,22,17.3,-2.4,8.1,84.9,31,53.8,.62,12.07,0,13.6,6.4,9.8,12.7,12.4,12.6,1.6,.6,55,64,5.8,.9,2.2,1.8,.56,-1.5
2016,2,22,20.3,5,12.9,70.6,23.8,41.7,.94,12.27,0,15.3,9.6,12,12.9,12.5,12.7,3,2.6,85,30,8.3,2.4,3.3,3.1,.6,-.3
2016,3,22,21.5,5.9,14.7,64.7,20.9,36.2,1.17,11.59,0,15.9,10,12.8,13.3,12.9,13.1,2.8,2.5,96,26,8.3,3,3.5,3.3,.57,-1
2016,4,22,17,9.6,13,93.6,27.5,60.9,.63,3.74,7.11,14.3,12.1,13.5,13.9,13.3,13.7,4,3.6,104,27,9.6,1.5,1.4,2.6,.87,4.5
2016,5,22,15.9,9,11.4,98.3,66.6,90.9,.14,6.45,10.41,14.8,11.7,12.9,14,13.9,13.9,2,1.6,117,36,6,1,.6,1.1,1.22,9.8
2016,6,22,15.8,7.3,10.8,97.4,45.5,80.6,.27,9.41,8.64,13.6,11.2,12.4,14.1,13.9,14,2.5,.9,196,65,8.5,.8,1.3,1.5,1.03,7.4
2016,7,22,9.6,4.7,7.7,95.9,80.5,91.6,.09,2.17,7.11,11.2,9.2,10.4,14.1,13.7,13.9,2.7,1.9,156,45,10.4,0,0,.4,.96,6.4
2016,8,22,11.7,3.1,7.1,99.9,66.4,88.9,.13,6.05,0,11.1,8,9.4,13.7,13,13.3,1.6,1.1,141,44,4.1,0,.3,.9,.89,5.3
2016,9,22,15.4,.9,7.6,100,47.7,81.5,.25,12.82,0,13.1,7.1,9.9,13,12.7,12.9,1.1,.8,122,47,3.8,.5,1.6,1.3,.83,4.3
2016,10,22,12.3,1.1,6.5,100,50.8,83.6,.19,7.88,0,11.5,7.2,9.2,12.8,12.5,12.7,1,.4,318,63,4.3,0,.7,.9,.8,3.7
2016,11,22,14.7,-.5,6.6,99.9,26.5,70.5,.37,13.35,0,11.8,6.1,8.9,12.6,12.2,12.4,1.3,.5,333,63,4.7,.3,2,1.4,.65,.7
2016,12,22,18.8,-2.3,7.2,97,24.7,63.7,.5,13.32,0,12.1,5.2,8.4,12.3,11.8,12.1,1,.2,50,74,4.2,1.4,2,1.6,.6,-.3
2016,13,22,18.4,-.6,7.4,94.2,22.5,64.6,.48,13.45,0,12.3,5.5,8.7,12,11.7,11.9,1.5,.4,10,70,5.3,1.4,2.2,1.9,.62,.2
2016,14,22,18.2,-.5,7.5,96.4,26.5,68.6,.45,12.84,0,12.8,5.6,8.9,11.9,11.6,11.8,1,.6,116,53,2.8,1.3,1.8,1.6,.67,1.1
2016,15,22,15.9,.9,6.8,96.2,32.2,72.3,.35,8.21,0,11.4,6.4,8.7,11.9,11.6,11.7,1.6,.7,125,61,5.4,.6,1.1,1.6,.68,1.5
2016,16,22,15.6,-.8,7.5,98.4,34.1,72.4,.37,11.4,0,12.2,5.6,8.9,11.7,11.4,11.6,.8,.1,12,74,3,.5,1.5,1.2,.72,2.2
2016,17,22,17.8,1.5,9.1,97.7,34.3,70.9,.44,13.51,0,14,7.1,10.2,11.8,11.5,11.6,1.4,.5,113,65,4.3,1.2,2.1,1.7,.78,3.4
2016,18,22,20.9,1.2,9.3,96.4,28.1,70.8,.46,10.39,0,13.7,7.3,10.2,12,11.8,11.9,1.1,.4,111,66,3.5,2.3,1.5,1.7,.8,3.6
2016,19,22,19.2,.8,10.1,95.1,28.7,66,.54,12.83,0,14.5,7.4,10.8,12.2,11.9,12.1,1.4,.1,119,78,10.6,1.7,2.1,1.8,.78,3.3
2016,20,22,20.4,3.2,11,91.7,32.8,64.3,.57,13.36,0,15.7,8.8,12,12.5,12.1,12.3,1.3,.2,134,73,4,2.2,2.3,1.9,.81,3.9
2016,21,22,21.4,1.7,11,96.7,10.7,50.1,.87,13.57,0,15.2,8.3,11.6,12.8,12.5,12.7,1.5,.9,51,53,8.4,2.6,3,2.4,.55,-2.1
2016,22,22,22.1,2.4,12.2,76.5,14.6,42.9,.94,13.57,0,15.9,8.5,11.9,12.9,12.7,12.8,.9,.3,350,68,3.7,2.9,2.6,1.9,.57,-1.1
2016,23,22,22.7,3.6,11.8,80.9,16.9,49.6,.83,12.33,0,16,9.1,12.4,13.1,12.8,13,1,.2,31,71,4.1,3.2,2.3,2,.65,.8
2016,24,22,18.3,1.9,9.8,88.6,24.8,56,.63,14.01,0,16,9.3,12.4,13.3,13,13.2,1.6,.6,140,63,6,1.4,2.6,2.1,.64,.6
2016,25,22,18.2,1.7,9.5,88.7,23.5,56.3,.64,13.81,0,15.9,9,12,13.4,13.1,13.3,1.3,.4,127,66,3.7,1.4,2.4,1.9,.61,0
2016,26,22,19.8,1.7,11,67.7,9.5,30.3,1,14.76,0,15.8,8.7,11.9,13.4,13.1,13.3,1.6,.8,16,57,6.1,2,3.2,2.6,.37,-6.8
2016,27,22,20.5,1.3,11.3,69.2,13.7,32.9,.99,14.58,0,16.2,8.4,11.9,13.3,13.1,13.2,1.3,.4,73,69,5.5,2.2,3.1,2.3,.42,-5.3
2016,28,22,22.1,.8,9.6,83.5,14.2,49.9,.76,14.22,0,16.2,8.6,12,13.4,13.1,13.2,1.3,.1,355,77,3.9,2.8,2.7,2.3,.54,-1.7
2016,29,22,21.6,-.4,9.7,88.4,19.1,54.3,.72,13.64,0,15.8,8.4,11.9,13.4,13.1,13.3,1.3,.4,84,66,4,2.5,2.5,2.2,.59,-.4
2016,30,22,24.1,.7,12.3,90.1,14.6,50.8,.92,14.45,0,17.1,9,12.7,13.4,13.2,13.3,1.7,.8,144,58,4.8,3.5,3,2.8,.65,.8
2016,31,22,24,4.8,15.4,89.9,18.2,45.3,1.14,12.63,5.84,17.2,10.6,14.1,13.7,13.3,13.6,4.3,3.5,195,36,15.5,3.9,4.1,4.5,.73,2.2
2016,32,22,11.2,3.4,7.5,85,46.3,60.9,.41,3.59,.25,15.7,8.9,11.1,14.1,13.7,13.9,4,3.7,249,21,16.6,0,.9,1.9,.63,.4
2016,33,22,10.5,-2.6,3.8,91.7,23.3,60.1,.37,15.55,0,12.1,5.7,8.6,13.8,12.7,13.2,1.8,.9,291,57,6,0,2.3,1.8,.45,-4.2
2016,34,22,13.2,-4.2,3.6,95.5,19.4,61.3,.41,15.88,0,12.4,4.4,8,12.7,12,12.4,1.3,.2,336,76,4.8,0,2.4,1.8,.44,-4.6
2016,35,22,15.7,-3.6,5.9,85.6,12.6,49,.58,14.41,0,12.4,4.7,8.3,12.1,11.7,11.9,1.5,1,333,45,4.9,.5,2.5,2.1,.41,-5.4
2016,36,22,18.3,.9,9.3,78.1,12,37.8,.87,16.05,0,14.1,5.7,9.5,11.8,11.6,11.7,1.7,1.2,20,47,7.2,1.4,3.5,2.7,.39,-6.2
2016,37,22,24.8,2.1,12.9,62,9.1,29.5,1.17,16.36,0,16.2,7.9,11.4,12.1,11.7,11.9,1.8,1.2,40,48,8.7,4,3.8,3.4,.41,-5.6
2016,38,22,24,1.6,12.6,73.1,14.2,41.5,1.07,16.45,0,17.1,8.1,12.3,12.5,12,12.4,.9,.2,303,73,4,3.6,3.3,2.4,.56,-1.4
2016,39,22,27.6,5.8,17.7,67.4,10.1,29.8,1.6,16.61,0,19,10.5,14.3,13.2,12.5,12.9,1.9,1.1,64,51,8.1,5.7,4.5,3.8,.57,-1.4
2016,40,22,29.6,8.8,19.6,51.5,12.5,24.8,1.81,16.61,0,20.6,12.7,16.1,14,13.2,13.7,2.5,1.8,54,41,8.8,7.2,5,4.8,.56,-1.7
2016,41,22,28.7,5.3,16.4,67.7,13.1,38.4,1.34,16.64,0,20.8,12.4,16.3,14.7,14,14.4,1.2,.4,23,65,4.4,6.1,3.7,3.1,.68,1.2
2016,42,22,26.9,4.3,15,77.5,16.5,47.5,1.1,16.93,0,20.7,12.5,16.3,15.1,14.7,14.9,1.2,.3,69,69,2.7,5.1,3.6,2.9,.76,2.8
2016,43,22,28.3,4.8,15.1,80.4,14.4,47.7,1.16,17.25,0,20.8,12.3,16.2,15.4,15.1,15.3,1.4,.4,93,67,3.3,5.8,3.7,3.3,.75,2.6
2016,44,22,27,5.2,15.5,76.9,13.1,42.2,1.25,17.33,0,21.1,12.7,16.5,15.6,15.3,15.5,1.2,.3,96,69,3.3,5.3,3.8,3.1,.68,1.3
2016,45,22,25.4,3.3,14.3,80,15.9,47.2,1.06,16.75,0,20.7,12.6,16.4,15.9,15.6,15.8,1.3,.5,128,64,4.2,4.3,3.6,3,.72,2.1
2016,46,22,25.6,4.2,14.9,78.3,14.7,46.7,1.12,17.26,0,21,12.8,16.6,16,15.8,15.9,1.5,.2,257,76,5.4,4.6,3.9,3.2,.73,2.3
2016,47,22,29,5.3,16.2,78.6,14.8,46.4,1.24,17.65,0,21.8,13.2,17.2,16.2,15.9,16.1,1.4,.3,102,74,3.6,6.1,3.9,3.5,.79,3.4
2016,48,22,30.6,5.2,17.8,75.2,11.2,40.7,1.52,17.71,0,22.6,13.9,17.9,16.5,16.1,16.4,1.3,1,123,37,4.8,6.9,4.2,3.6,.75,2.7
2016,49,22,28.2,8.6,17,63,13.4,41.6,1.23,11.24,0,20.7,14.8,17.7,16.9,16.5,16.8,1.6,.8,128,58,6.3,6.5,2.7,3.4,.8,3.5
2016,50,22,28.6,7.7,16.4,78.2,11.9,46.3,1.18,12.13,0,21.3,15,17.7,17,16.8,16.9,1.2,.3,26,70,4,6.5,2.6,3,.81,3.8
2016,51,22,26.4,4.6,15.3,80.5,18.5,46.1,1.15,17.48,0,22,13.7,17.6,17.1,16.8,17,1.2,.1,358,76,3.8,5,3.7,3.1,.75,2.6
2016,52,22,29,4,15.9,82.8,13.2,44.2,1.24,18.16,0,22.5,14,17.9,17.2,16.9,17,1.3,.5,122,64,4.7,6,3.9,3.5,.73,2.3
2016,53,22,23.7,3.3,15.2,81.4,14,39.5,1.26,18.23,0,21.4,13.8,17.6,17.3,17.1,17.2,2.7,1.4,276,57,9,3.6,4.8,4.2,.6,-.5
2016,54,22,21,5.3,13.5,60.9,12.1,32.3,1.11,18.3,0,20.8,13.9,17.2,17.4,17.1,17.2,1.7,1.3,333,38,5.5,2.7,4.2,3.3,.49,-3.2
2016,55,22,23.6,4.4,14.3,59.5,11.3,30.6,1.24,18.87,0,21.1,13,16.6,17.3,16.9,17.1,1.6,.9,38,53,5.4,3.8,4.3,3.6,.47,-3.6
2016,56,22,26.4,3.6,15.3,65.3,11.1,33.5,1.33,18.94,0,21.7,12.8,16.9,17.1,16.8,17,1.1,.7,358,51,4,4.8,4.2,3.2,.56,-1.4
2016,57,22,28.4,4.6,16.5,68.8,11.1,37.1,1.45,18.99,0,22.9,13.7,18,17.2,16.9,17.1,1.5,.2,101,76,3.2,5.9,4.4,3.8,.64,.5
2016,58,22,29.2,4.9,16.8,75.3,10.3,34.9,1.5,18.72,0,23.2,14.5,18.5,17.5,17.1,17.4,1.2,.3,83,69,4.5,6.3,4.3,3.7,.61,-.2
2016,59,22,29.1,3.8,16.2,76.5,10.5,39.1,1.41,18.71,0,23.3,14.5,18.6,17.8,17.4,17.6,1.3,.5,142,63,4.1,6.1,4.3,3.8,.64,.5
2016,60,22,29.2,5.8,17.1,76.1,11.1,39,1.47,18.57,0,23.8,15.3,19.2,18,17.7,17.9,1.3,.5,142,64,3.8,6.4,4.3,3.8,.69,1.4
2016,61,22,31.4,5.5,17.4,76.6,10.9,40.5,1.49,18.09,0,23.9,15.4,19.4,18.2,17.9,18.1,1.2,.4,134,67,3.6,7.3,4.1,3.8,.72,2.1
2016,62,22,30.7,5.8,17.5,76.8,11.1,41.3,1.48,18.52,0,24,15.7,19.6,18.5,18.2,18.4,1.5,.5,121,66,4.8,7,4.4,4.2,.74,2.5
2016,63,22,32.5,6.3,18,77.7,8.4,36.1,1.66,17.97,0,24.4,16,19.9,18.7,18.4,18.6,1,.4,104,65,2.6,7.6,4.2,3.7,.64,.5
2016,64,22,31.9,6.7,19,68.6,5.9,30.8,1.83,19.17,0,24.8,16.2,20.2,18.9,18.6,18.8,1.3,.4,113,68,4.6,7.6,4.8,4.1,.59,-.7
2016,65,22,28,6.1,18.4,64.1,10.2,29.4,1.7,16.39,0,23.7,16.6,20.1,19.1,18.8,19,1.6,.7,122,61,4.6,6,4.2,4,.56,-1.4
2016,66,22,26.3,11.7,18.6,61.4,11,32,1.58,14.97,0,23.5,18,20.4,19.2,19,19.1,2.3,1,202,62,7.5,6.4,4.3,4.5,.64,.3
2016,67,22,20.7,5.2,13.9,76.3,13.9,41.6,1.03,17,0,21.9,16.2,19.1,19.4,19,19.2,2.5,1.1,269,60,10.3,2.5,4.1,3.8,.61,-.3
2016,68,22,20.5,5.6,13.2,87.8,19.4,47.8,.9,21.84,0,22.1,15.4,18.6,19.1,18.7,19,2.2,1,291,60,7.6,2.5,4.7,3.8,.67,1
2016,69,22,24.4,3.7,15,71.5,10.1,34,1.33,20.98,0,22.8,14.6,18.4,18.9,18.5,18.7,2.1,.2,165,78,6.1,3.9,5.1,4.3,.51,-2.7
2016,70,22,29.8,5.6,16.9,72.8,7.7,33.7,1.62,21.44,0,24.4,15.3,19.4,18.8,18.5,18.7,1.5,.5,141,64,4.5,6.6,5.1,4.4,.53,-2.1
2016,71,22,30.9,7.4,18.6,68,7.8,29.5,1.83,17.7,0,23.6,16,19.7,19,18.7,18.9,2.3,1.1,164,58,9.4,7.4,5.3,5.5,.54,-1.7
2016,72,22,19.9,8.2,14.9,62.5,22.3,38.8,1.08,21.34,0,23.1,17,19.8,19.2,18.9,19.1,3.1,2,257,48,10.3,2.5,5.1,4.4,.64,.4
2016,73,22,25.1,2.9,14.8,79.6,14,40.4,1.22,21.26,0,23.8,15,19.2,19.2,18.9,19.1,1.3,.3,132,72,5.3,4.2,4.6,3.7,.6,-.3
2016,74,22,26.1,7.7,16.6,67.8,18,39.3,1.3,21.13,0,24.5,16.3,20.1,19.2,18.9,19.1,1.9,.7,134,65,5.8,5.2,5,4.4,.7,1.8
2016,75,22,28.4,6.4,17.4,80,10.6,39.9,1.5,21.43,0,25.2,16.5,20.6,19.4,19.1,19.3,1.4,.2,184,75,5.9,6.1,5,4.2,.67,1
2016,76,22,29.7,5.5,18.1,70.3,7.4,28.8,1.78,22.22,0,25.7,16.5,20.8,19.6,19.3,19.5,1.3,.1,75,79,4.9,6.6,5.4,4.5,.5,-3
2016,77,22,30.1,5.8,18.4,67.6,6.8,28.6,1.83,22.42,0,25.9,16.8,21.1,19.9,19.6,19.8,1.7,.4,136,71,9.9,6.8,5.8,4.9,.51,-2.7
2016,78,22,29.4,5.2,18.5,69.4,8.3,28.8,1.82,22.6,0,26,17,21.3,20.1,19.8,20,1.7,.4,158,72,6.3,6.4,5.9,4.9,.53,-2.1
2016,79,22,29.5,8,19.6,60.3,9.8,27.9,1.89,22.63,0,26.6,17.8,22,20.3,20,20.2,1.6,.2,98,75,5.5,7,5.8,4.8,.58,-1
2016,80,22,32.3,8.6,20.4,62.6,7.2,27.9,2.07,22.36,0,26.9,18.2,22.3,20.6,20.2,20.5,1.7,1.2,139,41,6.3,8.1,6,5.2,.58,-.7
2016,81,22,32.2,9.4,20.8,63.8,8.9,29,2.03,21.56,0,27.3,18.5,22.6,20.8,20.5,20.7,1.5,.5,139,65,6.1,8.2,5.7,4.9,.64,.5
2016,82,22,25.4,9,18.6,63.3,13.3,30.2,1.65,22.88,0,25.4,19.3,22.3,21.1,20.8,21,4.2,2.8,250,47,11.4,5.2,7.5,6.4,.59,-.7
2016,83,22,21.7,5.7,14.7,65.3,8.8,27.4,1.32,23.95,0,24.4,17.5,20.8,21.1,20.7,20.9,2.7,2,297,41,7.4,3,6.1,5,.42,-5.6
2016,84,22,24.8,3.1,15.1,57.7,9,25.5,1.47,23.78,0,25,15.9,20.2,20.8,20.3,20.6,1.4,.3,318,71,6.3,4,5.6,4.2,.4,-6
2016,85,22,27.1,3.6,16.8,66.3,9,25.5,1.66,23.7,0,25.5,16.4,20.7,20.5,20.2,20.4,1.9,.3,163,73,6,5.1,6,5.1,.43,-5
2016,86,22,27,5.5,18.4,60.6,9.6,24.9,1.78,23.71,0,25.9,17.3,21.4,20.6,20.3,20.4,2.1,.3,233,75,8.1,5.3,6.4,5.2,.48,-3.4
2016,87,22,29.8,6.5,18.7,64.5,9.2,30.5,1.75,23.7,0,26.7,17.5,21.8,20.7,20.5,20.6,1.7,.8,148,59,7.5,6.8,5.9,5.1,.59,-.5
2016,88,22,27.2,9.3,19.3,64.1,15.1,34.5,1.62,19.67,0,24.9,18.7,21.9,20.9,20.6,20.8,4,3.3,194,36,14,6.2,6.4,6.3,.73,2.3
2016,89,22,19.1,10,14,63.5,21.1,42,.95,12.43,0,22.2,18.9,20.3,21,20.7,20.9,2.6,2,246,40,8.4,2.4,3,3.7,.67,.9
2016,90,22,19.1,7.3,13.2,69.6,17.3,38.2,1,19.61,0,23,16.9,19.7,20.7,20.2,20.5,1.6,.1,217,78,5.4,2.1,4,3.6,.56,-1.4
2016,91,22,22,2.9,12.5,73.2,15.7,38.6,1.03,24.3,0,24,15.1,19.3,20.3,19.9,20.1,1.8,.4,124,70,6.3,2.9,5.2,4.3,.52,-2.3
2016,92,22,24.8,4.5,15.8,71.7,13.7,32.9,1.36,24.27,0,25.2,16,20.3,20.1,19.8,20,1.8,1.1,129,53,5,4.2,5.6,4.7,.55,-1.5
2016,93,22,28.7,5.5,17.7,72.9,11,33.8,1.58,24.65,0,26.3,16.9,21.3,20.3,20,20.1,1.7,.5,120,68,6.2,6.2,6,5.1,.62,0
2016,94,22,32.1,7.9,19.9,67.3,8.2,26.9,1.98,25.07,0,27.9,17.8,22.5,20.6,20.2,20.5,1.3,.3,14,73,4.7,7.9,6.2,5.2,.56,-1.3
2016,95,22,32,7.1,20.3,64.8,7.8,28,2.07,25.44,0,28.5,18.4,23.2,21.1,20.6,21,1.4,.5,116,66,6.1,7.7,6.3,5.3,.57,-1.1
2016,96,22,30.9,8,21.1,63.6,8,25,2.09,22.71,0,28.2,19.7,23.7,21.5,21.1,21.4,1.6,.3,127,73,5.2,7.5,6,5.3,.58,-1.1
2016,97,22,34.5,10.4,22.8,65,4.4,25.2,2.4,25.06,0,29.7,19.9,24.5,21.9,21.5,21.8,1.3,.5,340,64,5.8,9.1,6.6,5.5,.62,-.1
2016,98,22,31.2,14.7,22.6,87,7.8,29.8,2.06,12.47,1.02,26.7,22,24.4,22.3,21.9,22.2,2.1,1.3,178,50,10.8,10,3.8,5,.78,2.7
2016,99,22,26.2,13.7,19,99.5,30.1,70.8,.77,19.69,4.32,27.1,20.7,23.5,22.5,22.2,22.4,2,.8,147,63,8.4,7.2,4.2,4.1,1.49,12.8
2016,100,22,27.5,13.1,19.6,94.6,20.1,55.9,1.18,24.53,0,28.2,19.9,23.6,22.4,22.1,22.2,1.6,1.2,144,41,6.3,7.5,5.5,4.8,1.17,9
2016,101,22,20,9.9,13.9,96.9,44,76.2,.41,11.18,7.11,23.3,17.8,20.6,22.4,22,22.3,2.2,1,169,61,10.5,2.9,1.8,2.6,1.2,9.6
2016,102,22,24.4,7.8,16,98.9,25.5,66.8,.75,24.72,0,26,15.6,20.3,22,21,21.5,1.3,.1,100,79,6.1,4.5,4.7,4.1,1.14,8.8
2016,103,22,25.9,9,18,96.2,22.2,59.5,1.02,23.94,0,27,17.2,21.8,21.3,21,21.2,1.3,.3,169,72,6.5,5.5,5.1,4.3,1.13,8.7
2016,104,22,28.6,9.9,19.8,89.1,20.5,51.4,1.37,26,0,29,18.5,23.4,21.6,21.2,21.4,1.3,.2,83,74,5.3,7,5.8,4.8,1.07,7.9
2016,105,22,30.5,9.5,21,87.1,14.8,44.1,1.68,25.55,0,29.7,19.5,24.3,22.1,21.6,21.9,1.6,.4,197,68,6.9,7.7,6.1,5.3,.97,6.4
2016,106,22,24.7,10.4,18.2,73.2,9.4,37.1,1.45,25.69,0,27.3,20.1,23.6,22.5,22.1,22.4,4,2.4,268,51,13.2,5.2,7.6,6.4,.72,1.3
2016,107,22,24.8,5.8,17,82,12.8,35,1.39,26.52,0,27.4,18.4,22.7,22.5,22.1,22.3,1.7,.5,291,69,9.1,4.4,6.1,5,.62,.1
2016,108,22,25.8,11.3,19.9,62.4,12.3,26.1,1.78,26.67,0,28.6,20,23.9,22.4,22.2,22.3,2.2,.9,43,61,6.9,6,6.8,5.7,.58,-.7
2016,109,22,27.2,8.9,19,68.6,11.1,32,1.68,27.18,0,28.8,19.3,23.9,22.6,22.4,22.5,1.6,.4,288,69,7.9,6.1,6.6,5.3,.63,.3
2016,110,22,29.6,8.4,20.6,67.3,8.2,28.6,2,26.45,0,29.6,19.5,24.4,22.8,22.5,22.7,1.4,.1,135,79,6.3,7.2,6.5,5.3,.62,0
2016,111,22,33.1,8.9,21.5,62.7,7.1,30.3,2.14,27.37,0,30.7,20.1,25.2,23,22.7,22.9,1.4,.2,99,75,4.9,8.4,6.9,5.9,.68,1.2
2016,112,22,35.7,9.8,23,64.1,5.2,26.2,2.45,26.84,0,31.5,20.9,25.9,23.4,23,23.3,1.4,.3,147,71,5.4,9.1,7,6.2,.64,.5
2016,113,22,35.4,11.8,24.1,59.8,7.1,23.7,2.62,26.99,0,31.7,21.9,26.6,23.9,23.4,23.7,2.2,1,178,60,8.1,9.8,7.9,7.3,.62,-.1
2016,114,22,29.3,12.3,22,72.2,13.5,31.9,1.97,26.59,0,30.7,22.8,26.5,24.2,23.9,24.1,3.1,1.6,247,56,10.1,8,7.9,6.9,.8,3.4
2016,115,22,29.8,11.7,20.7,53.2,6.9,23.5,2.08,27.93,0,30.5,21.3,25.7,24.4,24,24.2,2,1,171,58,6.7,8.1,7.4,6.4,.51,-2.7
2016,116,22,25.4,11,19.2,63,6.6,29.1,1.69,27.59,0,28.2,22.1,25,24.4,24.1,24.2,4,2.7,240,46,13,5.7,8.5,7.1,.59,-1.8
2016,117,22,23,7.3,16.5,79.3,14.5,35.3,1.32,27.15,0,28.3,20.2,24,24.2,23.7,24,2.1,1.1,234,56,8.4,3.8,6.3,5.2,.62,0
2016,118,22,27.5,6.9,18.3,77.1,11.7,34.8,1.61,24.33,0,28.5,19.7,23.9,23.9,23.5,23.7,1.5,.9,158,52,5.9,5.7,5.7,5.1,.64,.5
2016,119,22,22.6,10.5,16.9,58.6,16.9,33.5,1.35,25.45,0,27.4,20.5,23.8,23.7,23.4,23.6,2.9,1.7,265,51,9.9,4.2,6.5,5.7,.62,.2
2016,120,22,24.5,10.4,18.2,64.6,23.6,39.6,1.36,22.86,0,27.3,20.3,23.6,23.6,23.2,23.4,2.5,1.3,230,55,7.8,5.1,5.7,5.2,.79,3.6
2016,121,22,25.8,10.8,17.8,89.8,17.6,48.1,1.21,18.36,0,26.3,20.3,23.3,23.5,23.2,23.3,3.1,1.3,134,62,13.2,5.8,4.9,5.2,.91,5.4
2016,122,22,25.2,10.2,17.6,92.7,24,57,1.01,20.07,0,26.9,19.9,23,23.3,22.9,23.1,1.3,.8,111,49,5.1,5.4,4,4,1.07,7.8
2016,123,22,29.9,10.4,20.8,82.5,12.4,40.8,1.73,28.02,0,30.4,20.1,24.9,23.2,23,23.1,1.3,.1,57,76,5.2,7.8,6.5,5.5,.88,5
2016,124,22,33.6,12.9,23.3,64.7,11,34.9,2.14,27.83,0,32,21.6,26.5,23.8,23.2,23.5,1.1,.5,302,60,4.7,9.8,6.8,5.7,.9,5.4
2016,125,22,37.8,12.7,26,68.7,6.5,27.1,2.92,28.25,0,32.7,22.8,27.6,24.4,23.7,24.1,2.3,1,131,60,9.5,10.6,8.5,7.9,.76,2.9
2016,126,22,34.9,12.3,25.3,64.6,6.4,23.3,2.82,28.28,0,32.3,23.7,28,24.9,24.4,24.7,3.1,2.3,180,41,11.5,9.9,9.1,8.5,.65,.6
2016,127,22,26.5,13.1,20,69.7,14,37.6,1.56,28.09,0,30.5,23.9,27,25.2,24.9,25.1,3.2,2.3,224,44,11.1,7,7.7,6.7,.83,4
2016,128,22,24.8,10.2,17.9,94.1,21.2,53.6,1.1,27.06,3.05,29.5,21.7,25.4,25.2,24.8,25,2,.1,294,79,12.7,5.1,5.8,5.2,1.01,6.9
2016,129,22,24.5,12.9,18.7,89,23.6,51.2,1.16,20.58,.25,27.8,21.9,24.8,24.9,24.5,24.8,1.6,.2,218,75,8.9,5.9,4.4,4.4,1.04,7.4
2016,130,22,28.6,11.1,20.5,73.3,14.4,40,1.65,28.36,0,30.8,20.8,25.5,24.6,24.2,24.4,1.7,.2,114,75,6.2,7.3,6.8,5.8,.87,4.9
2016,131,22,31.7,11.7,22.8,62.1,12.5,31.6,2.13,28.59,0,32.2,22.2,27,24.7,24.4,24.5,1.6,.2,352,74,6,8.9,7.2,6.2,.8,3.6
2016,132,22,33.5,14.6,24.7,53.9,10.7,26.6,2.52,28.32,0,33.3,23.4,28.1,25.1,24.7,25,1.7,.5,30,69,6.3,10.6,7.6,6.6,.76,2.9
2016,133,22,37.5,13.8,26.5,55.5,5.9,22.6,3.1,28.71,0,34.2,24,28.9,25.6,25.1,25.4,1.7,.4,129,70,5.4,11,8.1,7.2,.67,1
2016,134,22,38.2,14.6,27.6,57.1,6.7,21.4,3.27,27.75,0,34.4,25,29.7,26.1,25.6,25.9,1.9,.2,252,77,7,11.5,8.1,7.4,.71,1.8
2016,135,22,37.6,17.2,29,46.3,11.7,20.4,3.44,26.69,0,34.9,26.2,30.4,26.6,26.1,26.4,2.7,1.8,200,48,9.6,12.6,8.9,8.5,.79,3.3
2016,136,22,34,14.9,26.2,63.6,6.9,21.1,2.93,29.4,0,34.1,26.1,30,27,26.6,26.9,3.3,2,217,51,11.6,10.9,9.7,8.8,.63,.2
2016,137,22,32.7,14.1,24.1,63.7,9.6,26.6,2.44,29.15,0,34.2,25.1,29.5,27.1,26.8,27,2.6,1.1,182,62,7.9,10.1,8.3,7.6,.71,1.9
2016,138,22,31.5,14.8,24.1,59,11.9,28.6,2.32,27.77,0,33.8,25.6,29.6,27.2,26.9,27,3.1,1.4,256,60,10.8,10.2,8.4,7.7,.8,3.6
2016,139,22,28.9,17.3,22.8,64.6,24.2,39.5,1.77,24,0,33.3,26.3,29.5,27.3,27,27.2,1.8,.3,30,73,9.9,10.3,6.2,5.7,1.05,7.7
2016,140,22,33,14,24.3,70.1,14,34.1,2.26,28.88,0,34.7,24.9,29.6,27.3,27,27.1,1.2,.2,292,75,5.9,10.2,7.2,6,.93,5.8
2016,141,22,35.9,17.5,27.5,55.5,7.4,23.1,3.13,29.02,0,34.5,26.2,30.2,27.4,27.1,27.3,4.2,3.2,190,39,11.3,12.5,10.5,10.2,.74,2.2
2016,142,22,32.9,14.7,25,59.9,9.2,22.8,2.64,28.25,0,33.2,26.1,29.6,27.6,27.4,27.5,4.4,3.4,199,40,12.6,10.5,10.1,9.5,.64,.4
2016,143,22,31,13.2,22.8,58.1,11.9,29.3,2.19,29.36,0,33.1,24.6,28.8,27.6,27.2,27.4,2.8,1.6,208,52,11.5,9.2,8.5,7.5,.73,2.3
2016,144,22,31.8,12.9,22.7,55.9,8.7,24.4,2.33,30.19,0,33.5,24.3,28.8,27.4,27.1,27.2,2.1,.8,123,105,7.3,9.4,8.1,7.1,.59,-.9
2016,145,22,31.3,11.6,22.8,54.6,9,24.2,2.33,30.86,0,33.7,24.3,28.9,27.4,27,27.2,2.4,1.1,220,60,9.2,8.7,8.6,7.4,.6,-.6
2016,146,22,32.2,12.1,23.1,54.6,6.3,24.5,2.41,30.54,0,33.2,24.3,28.7,27.4,27.1,27.2,3.6,2.8,196,38,10.9,9.2,9.7,8.8,.6,-1.1
2016,147,22,27.5,12.1,20.6,59.2,13,32.8,1.78,30.11,0,33,24.1,28.5,27.3,27,27.2,2.2,.3,144,75,7.8,7.1,7.7,6.5,.75,2.8
2016,148,22,32.5,11,23.5,69.2,9.4,26.5,2.4,30.46,0,34.1,24.1,29,27.3,27,27.1,1.6,.2,88,75,6.5,8.9,7.8,6.6,.68,1.2
2016,149,22,35.6,12.1,26.1,63.4,6,21.1,3.01,30.6,0,35.2,25,29.9,27.4,27.1,27.3,2.1,1,193,59,8.3,9.9,8.8,7.8,.62,-.1
2016,150,22,36,13.8,26.4,59.5,5.4,20.9,3.07,31.13,0,35.6,25.8,30.6,27.7,27.3,27.6,2.2,1,197,59,8.2,10.8,9.2,8,.61,-.5
2016,151,22,33.6,15,25.5,40.1,6.2,16.2,2.92,31.22,0,35.5,26,30.6,28,27.7,27.9,1.9,.5,232,70,8.1,10.9,8.9,7.4,.49,-3.2
2016,152,22,34.8,13.4,26.4,51.9,7.1,18.8,3.09,30.32,0,35.5,25.5,30.5,28.2,27.9,28,2,.5,273,70,7.4,10.3,8.8,7.5,.57,-1
2016,153,22,36.7,19.1,29.3,47,9.6,19.2,3.53,30.15,0,37,27.6,32.1,28.4,28,28.2,2.2,.6,248,69,6.9,13.3,9.2,8.1,.71,2.1
2016,154,22,38.7,17.3,30,46.9,5.3,17.1,3.81,30.6,0,37.9,27.9,32.7,28.8,28.4,28.7,1.9,.1,166,79,6.2,12.7,9.2,7.9,.66,.9
2016,155,22,41.5,18.1,31.3,46.6,4.9,16.2,4.22,31.03,0,38.8,28.3,33.4,29.2,28.8,29.1,1.9,.3,297,74,6.7,13.4,9.5,8.4,.68,1.5
2016,156,22,44.3,19.4,32.5,42.3,4.5,15.9,4.57,30.1,0,39.7,29.2,34.2,29.7,29.2,29.5,1.9,.4,206,71,6.8,14.1,9.4,8.7,.69,1.6
2016,157,22,44.1,18.6,33,42.4,4.8,15,4.76,30.42,0,40,29.7,34.7,30.1,29.7,30,2,.4,171,72,6.3,13.9,9.8,8.9,.68,1.2
2016,158,22,43.3,18.8,32.2,43,3.4,14.5,4.56,30.47,0,39.9,30,34.8,30.5,30.1,30.4,2.6,1.3,172,56,9.6,13.9,10.3,9.8,.6,-.5
2016,159,22,40.4,19,30.7,39.1,6.8,15.1,4.07,31.16,0,39.7,29.7,34.6,30.8,30.5,30.7,2.3,.5,134,72,6.7,13.6,9.9,9,.62,0
2016,160,22,40.4,19.3,31.3,64.4,10.9,28.7,3.57,29.05,0,40.4,30.4,35.2,31,30.7,30.9,1.8,.3,296,74,6.4,13.8,8.6,7.8,1.22,9.7
2016,161,22,37.7,21.3,30.5,67,18.3,33.2,3.13,28.72,0,40.1,31.1,35.5,31.3,30.9,31.2,2.2,1.2,302,53,6.7,14.3,8.4,7.9,1.38,11.7
2016,162,22,35.3,22.9,29.4,70.3,24.9,40.4,2.58,22.95,0,38.3,31.6,34.8,31.5,31.2,31.4,2.5,1.5,308,50,8.5,14.7,7,7,1.61,14
2016,163,22,37.5,20.1,29.5,83.6,15.9,43.9,2.65,27.34,0,39.5,30.5,34.9,31.5,31.2,31.4,1.8,.8,164,61,9.1,13.8,7.5,7,1.66,14.4
2016,164,22,38.5,17.9,29.7,68.1,8.1,25.9,3.39,30,0,39.7,30.4,35,31.6,31.4,31.5,2,1,227,56,9.5,13,9,8,.97,6.2
2016,165,22,36.1,19.8,28.4,49.7,7.7,21.3,3.28,30.59,0,39.2,30.2,34.5,31.7,31.4,31.6,2,1,222,57,8.8,13.5,9.1,7.8,.74,2.4
2016,166,22,37,15,27.5,61.4,4.4,20.2,3.24,31.43,0,39,28.9,33.8,31.7,31.3,31.5,2,1.1,160,55,7.7,11.5,9.1,8,.65,.5
2016,167,22,37.3,17,28.1,40.5,4.9,18.4,3.38,31.23,0,38.7,28.8,33.7,31.6,31.2,31.4,2.5,1.3,194,55,9.1,12.4,9.7,8.7,.65,.7
2016,168,22,38,15.6,28,60.6,7.8,25.2,3.19,30.94,0,39.7,28.7,34,31.5,31.1,31.3,1.6,.6,98,65,4.7,11.9,8.6,7.5,.85,4.2
2016,169,22,39.6,18,29.4,57.6,6.9,22.1,3.53,31.18,0,40.3,29.3,34.6,31.6,31.3,31.4,1.4,.4,85,67,4.7,13.2,8.7,7.4,.83,4
2016,170,22,39.8,15.7,30.3,60.2,6.5,23.1,3.7,30.7,0,40.7,29.5,35,31.7,31.4,31.6,1.5,.3,276,71,6.1,12.2,8.8,7.4,.93,5.6
2016,171,22,42.9,18.3,32.6,60.2,10.5,24.7,4.01,30.52,0,42,30.7,36.1,32,31.6,31.9,1.4,.7,312,59,4.6,13.7,8.9,7.8,1.23,9.4
2016,172,22,44.4,21.8,34.8,56.1,7.8,20.7,4.73,28.09,0,42.3,32.3,37,32.4,32,32.3,2.6,1.4,162,54,7.2,15,9.6,9.6,1.1,8.2
2016,173,22,42.3,23.5,33,54.9,11.1,29.9,3.79,28.15,0,42.8,33.4,37.9,32.9,32.4,32.7,1.9,.6,164,66,5.8,15.5,8.4,8.2,1.43,12.2
2016,174,22,41.8,24.6,33.4,48.7,11.3,27.3,3.95,28.83,0,43,33.5,38.1,33.3,32.9,33.2,1.7,.4,231,70,7.5,15.9,8.6,8,1.35,11.3
2016,175,22,40.4,24.7,32,46.6,12.8,28.9,3.56,20.23,0,40.5,33.8,37,33.6,33.3,33.5,2.4,2.2,146,27,8.1,15.9,7,7.7,1.33,11.1
2016,176,22,42,25.2,32.9,56.1,11.6,29.9,3.77,25.87,0,42.3,33.3,37.2,33.6,33.2,33.4,1.8,.6,134,65,6.3,16.1,7.7,7.7,1.4,11.9
2016,177,22,39.9,23.5,32.5,59,14.9,32.6,3.53,28.56,0,43,33,37.9,33.6,33.4,33.5,1.5,.2,64,75,4.8,15.4,8.1,7.4,1.52,13.2
2016,178,22,38,24.5,31.3,63.1,19.6,37.9,2.96,14.19,0,39,34.2,36.4,33.9,33.6,33.8,1.6,.7,126,61,4.4,15.7,4.2,5.2,1.69,14.8
2016,179,22,42.9,24.7,33.8,64.9,14,34.5,3.78,26.49,0,42.9,33,37.6,33.7,33.4,33.6,1.7,.4,53,72,14.1,16,7.8,7.7,1.68,14.7
2016,180,22,43.8,24.6,35,71.9,14,32.9,4.1,28.47,0,44.2,34.7,39.1,34,33.5,33.8,2,.8,122,63,12.4,15.9,8.7,8.5,1.71,14.9
2016,181,22,40.5,23.6,32.2,77,22.8,42.9,2.95,22.57,1.02,42.4,35.2,38.5,34.4,34,34.3,2.8,1.6,119,54,13.1,15.5,6.9,7.9,1.99,17.3
2016,182,22,31.5,22.3,26.3,93.2,45.8,75,.93,10.75,3.05,37,31.9,33.4,34.5,33.7,34.2,1.5,1.1,138,44,10.6,13.9,2.1,3.2,2.52,21.2
2016,183,22,31.6,22.5,26.6,93.6,46.6,71.3,1.06,18.26,3.3,35.8,30.1,32.4,33.8,32.7,33.2,2,1.4,100,45,6.4,14,4.3,4.7,2.44,20.7
2016,184,22,39.1,23,30.4,88.6,22.5,50.4,2.42,28.56,0,40.3,29.8,34.5,32.7,32.2,32.5,1.6,1,89,49,6.7,15.2,7.5,7.3,2.05,17.8
2016,185,22,41.5,21.6,31.4,87.4,16.3,44.7,2.92,27.58,0,41.2,31.2,36,32.7,32.4,32.6,1,.3,106,67,4.8,14.8,7.1,6.7,1.87,16.3
2016,186,22,40.5,21.7,31.9,80.2,14.8,39.2,3.23,29.41,0,42.2,32,36.9,33.1,32.7,33,1.4,.1,174,77,8.8,14.8,8.1,7.3,1.71,14.9
2016,187,22,41.5,22.6,31.9,61.7,11.3,31,3.57,29.17,0,42.3,32.4,37.1,33.5,33.1,33.3,1.8,.6,154,65,6.9,15.2,8.5,8,1.37,11.5
2016,188,22,40.2,21.9,31.7,54.2,15.1,31.9,3.41,28.23,0,41.9,32.1,37,33.7,33.4,33.6,1.9,.7,180,64,6.1,14.8,8.2,7.8,1.46,12.4
2016,189,22,40.6,23.8,32.1,65.4,14.5,36.8,3.27,28.4,0,42.8,33.4,37.9,33.9,33.6,33.8,1.4,.4,248,67,5.6,15.6,7.8,7.2,1.67,14.6
2016,190,22,41.3,22.5,32,60.8,12.1,30.1,3.64,29.56,0,43,33.1,37.9,34.2,33.9,34.1,1.4,.2,350,76,6.7,15.2,8.4,7.5,1.32,11
2016,191,22,40.5,23.2,32.6,56,11.1,28.2,3.82,29.45,0,43.2,33.3,38.1,34.4,34.1,34.2,1.4,.3,317,73,6.6,15.3,8.5,7.3,1.3,10.8
2016,192,22,41.9,22.3,33.1,62.6,10.3,23.7,4.22,29.32,0,43.3,33.6,38.2,34.6,34.3,34.4,2.1,.6,263,68,9,15.1,9.2,8.5,1.07,7.6
2016,193,22,42.5,23.6,32.8,38.4,8.3,19,4.38,29.68,0,42.7,33,37.7,34.7,34.3,34.5,2.5,.9,210,65,9.6,15.6,9.9,9.5,.87,4.8
2016,194,22,43.2,20.2,32.2,56.3,8.2,21.7,4.21,29.8,0,42.9,32.5,37.5,34.7,34.3,34.5,2.2,.6,132,70,6.3,14.3,9.3,9,.91,5.5
2016,195,22,41.5,22,33,47.2,11.1,22,4.21,29.08,0,43.2,33,37.9,34.7,34.4,34.5,1.7,.4,29,71,6.8,15,8.8,7.8,1.03,7.3
2016,196,22,41.9,23.8,33.9,54.5,11.3,23.5,4.36,28.76,0,43.6,34,38.6,34.8,34.5,34.7,2,.4,315,73,6.9,15.6,9,8.3,1.14,8.8
2016,197,22,41.8,23.8,34.1,48.3,10.9,22.9,4.42,28.57,0,43.7,34,38.7,35,34.7,34.8,2,.6,358,69,6.2,15.7,9,8.3,1.14,8.8
2016,198,22,40.3,25.8,33.8,53,13.4,27.4,4.05,27.89,0,43.8,34.7,39,35.1,34.9,35,2.2,.3,231,74,6.1,16.2,8.8,8.3,1.36,11.4
2016,199,22,38.2,27.2,33,49.5,18,29.6,3.64,20.1,0,41.2,35,37.9,35.3,35,35.2,2.6,.8,190,68,7.2,16.6,7,7.6,1.45,12.5
2016,200,22,40.2,26.6,32.2,75.6,18.4,42,3.06,26.14,3.81,43.5,34.7,38.3,35.2,34.9,35,2.2,.6,158,70,14,16.5,7.8,7.8,1.9,16.5
2016,201,22,40.5,23.7,32.6,84.5,17.8,42.4,3.21,27.89,0,41.9,32.3,36.9,35.2,34.7,35,2.1,.2,103,77,8.6,15.5,8.2,8,1.88,16.3
2016,202,22,42.1,25.2,33.4,78,14.5,37.8,3.59,27.65,0,43,33.8,38.2,35,34.7,34.9,2.1,.8,121,62,7.6,16.1,8.3,8.2,1.75,15.1
2016,203,22,42.8,25.5,35.3,61.3,14.2,30.5,4.32,28.38,0,44.4,34.8,39.4,35.2,34.9,35.1,1.5,.5,18,67,6.8,16.3,8.5,7.7,1.61,14
2016,204,22,42.9,29,35.8,42.9,14,26.4,4.56,27.4,0,44.8,36.2,40.2,35.7,35.2,35.5,2.4,.3,64,76,9,17.1,9.1,9,1.48,12.7
2016,205,22,41.5,26.6,34.3,59.8,14.9,31.7,3.96,27.66,0,44.1,35.6,39.7,35.9,35.6,35.8,2.1,.6,318,68,6.9,16.6,8.7,8.2,1.61,13.9
2016,206,22,39.8,25.4,33.7,62,19.2,32.9,3.68,27.56,0,43.6,35.7,39.5,36.1,35.8,35.9,3.1,1.3,267,62,9.2,16.1,9.2,9,1.64,14.4
2016,207,22,40,25.5,33.5,58.6,19.7,33.4,3.65,26.74,0,43.9,35.6,39.6,36.1,35.8,36,2.4,.6,302,69,7.9,16.2,8.4,8.2,1.66,14.5
2016,208,22,42.1,24.7,34.3,68.7,15.5,32.3,3.98,26.75,0,44.3,35.5,39.7,36.2,35.9,36,2.3,.6,231,69,11.4,16,8.5,8.3,1.62,14.1
2016,209,22,41,27.1,34.3,58,18.2,34.2,3.81,26.16,0,44.4,36,40,36.3,36,36.2,2.6,.4,168,75,10.9,16.7,8.6,8.6,1.76,15.5
2016,210,22,41,25.4,33.8,61.9,17.3,34.6,3.73,23.68,0,43.6,35.6,39.3,36.4,36.1,36.2,2,.5,337,71,7,16.1,7.4,7.4,1.71,15
2016,211,22,41.3,24.1,33,85.2,19.4,41.7,3.32,27.21,2.54,44.5,35.7,39.8,36.3,36.1,36.2,2.7,.5,145,72,14.7,15.7,8.3,8.5,1.92,16.7
2016,212,22,37.5,23.8,30.2,83.7,28,51.6,2.26,24.8,0,40.8,33.2,36.9,36.4,35.8,36.2,2.4,.1,129,79,7.9,15.3,7,7.1,2.13,18.4
2016,213,22,36.5,25.3,30.9,69.4,29.8,47.8,2.46,25.12,0,42,33.9,37.8,35.9,35.5,35.7,2.3,.8,284,65,8.8,15.9,7.2,7,2.08,18.1
2016,214,22,35.3,22.9,29.3,82.7,29,54.1,2.07,24.84,0,41.9,34.1,37.7,35.7,35.4,35.5,2.3,.8,208,66,10,14.8,6.7,6.6,2.11,18.3
2016,215,22,33.6,24.8,28.4,86.6,45.5,65.4,1.4,19.99,0,40.4,34.7,37.1,35.6,35.3,35.5,2.6,1.4,132,55,9.9,15.4,5.3,5.6,2.5,21.1
2016,216,22,36.3,24.8,28.9,82.4,32.7,62.8,1.6,20.54,0,41.3,33.8,36.8,35.4,35.1,35.2,2,1,151,58,8.3,15.7,5.5,5.8,2.43,20.6
2016,217,22,36.4,24.5,29,84.3,33.1,62.1,1.66,21.29,0,40.7,33.3,36.4,35.2,34.8,35,1.9,1.7,130,28,5.5,15.5,5.6,5.9,2.41,20.5
2016,218,22,37.3,26.3,30.8,75.8,27.1,52.1,2.27,24.54,0,41.8,34.1,37.4,35,34.8,34.9,2.4,.6,20,70,11.5,16.3,7,7.1,2.23,19.1
2016,219,22,41.2,23.6,32.3,78.3,14.2,43.6,3.12,27.31,0,43.3,33.6,38,35.1,34.8,35,1.7,1.3,141,38,6.7,15.5,7.7,7.4,1.92,16.6
2016,220,22,41.5,25.4,33.7,65.1,15.5,36.2,3.68,26.99,0,43.7,34.4,38.8,35.3,35,35.2,1.8,1.4,143,37,7.3,16.2,8,7.6,1.76,15.4
2016,221,22,42.6,22.9,33.4,64.8,9.8,28.2,4.06,27.31,0,43.7,34.2,38.8,35.6,35.3,35.5,1.6,.3,161,73,5.4,15.4,8.2,7.5,1.29,10.5
2016,222,22,35.6,24.6,29.9,79.1,29.4,49.2,2.22,21.22,0,40.8,35.1,37.7,35.8,35.5,35.6,2.5,1.6,187,47,14.4,15.5,6,6.4,2.04,17.7
2016,223,22,38.1,24.9,30.1,81.1,27.9,57.3,2.04,25.08,.25,42.5,33.9,37.6,35.5,35.2,35.4,1.9,1.3,157,45,8.4,15.9,6.6,6.7,2.34,19.9
2016,224,22,36.1,23,27.7,93.6,35.7,71.7,1.2,21.66,3.56,39.6,33.2,36,35.4,35,35.3,1.5,.7,130,57,7,14.9,4.9,5.4,2.58,21.6
2016,225,22,37.2,23.3,30.1,89.7,21.5,54.4,2.22,26.26,0,41.3,32.1,36.3,35.1,34.7,34.9,1.6,.3,331,72,8.8,15.1,7,6.5,2.17,18.5
2016,226,22,40.3,22.9,31.3,83.1,19.7,44.4,2.86,26.53,0,42.5,32.7,37.2,35,34.7,34.8,1.9,1.2,133,50,9.1,15.2,7.5,7.3,1.9,16.4
2016,227,22,40.4,23.2,31.4,66.6,13.7,35.3,3.24,26.86,0,42,33,37.2,35.1,34.8,34.9,2.3,1.8,131,38,7.8,15.3,8.1,8,1.52,13.2
2016,228,22,41.9,24.2,33,62.4,14.5,32.9,3.65,26.45,0,43,33.3,37.8,35.1,34.9,35,1.6,1.3,124,37,5.6,15.8,7.8,7.2,1.57,13.7
2016,229,22,43,23.6,32.9,64.1,12.2,33.9,3.71,26.04,.25,43.2,33.5,38,35.3,35,35.2,2.1,1.5,108,45,13.5,15.6,8.1,8,1.55,13.4
2016,230,22,41.9,24.8,32.8,68.8,10.9,32.6,3.68,26.15,0,42.8,34.1,38,35.4,35.2,35.3,1.6,.7,141,59,6.7,15.9,7.8,7.1,1.48,12.5
2016,231,22,37.5,25.7,31.5,49.7,16.6,29.9,3.35,21,0,41.1,34.6,37.4,35.5,35.2,35.4,2.6,2.2,322,29,10.4,16.1,7,7.3,1.35,11.4
2016,232,22,36.2,24.6,31,53.4,19,31.8,3.19,25.45,0,41.7,33.3,37.2,35.4,35,35.2,2.9,1.2,272,62,9.6,15.6,8.2,8,1.38,11.6
2016,233,22,36,22,29.1,73.7,20.5,43.6,2.52,25.41,0,41.6,33.1,37.2,35.3,35,35.1,1.9,.3,12,74,10.1,14.5,7.2,6.6,1.64,14.2
2016,234,22,35.9,21.1,28.7,77.4,21.5,44.5,2.41,24.8,0,41.7,33.2,37,35.2,34.9,35.1,1.8,.8,195,60,9.1,14.1,6.8,6.3,1.64,14.3
2016,235,22,37.5,19.8,28.2,81.1,18.6,47.4,2.34,23.51,0,40.7,32,36.2,35.2,34.8,35,1.5,.3,222,73,6.7,13.7,6.3,6,1.66,14.4
2016,236,22,35.3,22.7,28.9,82,20.9,40.8,2.54,21.72,.25,39.2,32,35.6,34.9,34.6,34.8,2.9,1.7,349,53,9.7,14.7,6.6,7.1,1.54,13.3
2016,237,22,37.3,19.9,29.1,69.5,18,37.3,2.82,25.79,0,40.8,31.2,35.7,34.7,34.3,34.5,1.9,.9,334,60,15.8,13.7,7.5,6.8,1.38,11.7
2016,238,22,37.9,20.2,30.2,58.2,16.9,31.7,3.21,24.54,0,40.8,31.7,36.1,34.5,34.2,34.4,1.9,.5,291,70,7.8,13.9,7.4,6.7,1.27,10.4
2016,239,22,37.1,24.2,29.7,70.1,20.8,39.3,2.65,20.35,.25,40.4,33.3,36.1,34.5,34.3,34.4,2.3,1.2,105,55,8.8,15.5,6.4,6.6,1.59,13.8
2016,240,22,35.5,21.9,28.4,70,12.2,35.3,2.78,24.08,0,39.8,31.4,35.2,34.4,34,34.3,1.7,.4,1,72,7.6,14.4,6.8,6.2,1.21,9
2016,241,22,36.9,17.1,28.2,66.5,10.9,28.6,3.08,25.51,0,39.8,30.2,34.8,34.2,33.8,34,1.7,.2,294,76,6.9,12.4,7.4,6.4,.97,6.3
2016,242,22,39.8,18.9,30,57.3,9,25.2,3.58,25.56,0,40.6,30.5,35.3,34,33.7,33.8,1.5,.8,157,57,5,13.6,7.5,6.5,.92,5.6
2016,243,22,41,21,30.8,51.5,13.5,29.4,3.45,23.16,0,40.2,31.4,35.6,34,33.7,33.8,3,1.7,87,53,17.4,14.5,8.2,8.5,1.23,9.9
2016,244,22,40,23.2,31.8,74.9,16.5,34.3,3.39,23.72,4.06,40.8,31.9,35.9,34,33.7,33.9,2.9,1.4,105,58,16,15.3,8,8.1,1.5,12.7
2016,245,22,38.6,24.2,30.6,81.2,23.2,49.3,2.51,21.01,0,39.2,31.1,34.7,34,33.7,33.9,1.9,.6,145,67,8,15.6,6.1,6.2,2.03,17.6
2016,246,22,39.6,22.6,31.2,75.8,19.8,42,2.96,23.29,0,40.3,30.9,35.2,33.9,33.6,33.8,1.5,.9,129,49,5.9,15,6.6,6.1,1.76,15.3
2016,247,22,39.6,20.8,30.6,68.1,10.1,32.2,3.36,24.27,0,39.8,31.1,35.2,33.9,33.7,33.8,2.7,1.8,170,47,9.7,14.3,8.1,7.9,1.26,9.8
2016,248,22,38.6,17.9,28.9,39.7,3.8,17.1,3.63,26.2,0,38.8,29.4,34,33.9,33.5,33.8,2.4,1.4,167,52,7.4,13,8.7,7.8,.59,-.9
2016,249,22,39.6,16.1,28.8,51.7,7.2,20,3.53,25.22,0,39,28.9,33.7,33.7,33.2,33.5,2.1,1,158,58,7.1,12.4,7.8,7.2,.7,1.7
2016,250,22,37.1,20.7,29.8,63.2,10.8,27.8,3.19,22.43,0,38.8,29.8,34.2,33.4,33.1,33.3,2.4,1.3,156,54,9.1,14.1,7.1,6.9,1.16,8.1
2016,251,22,29.4,21.6,25.5,93.4,50.5,72,.97,10.15,.25,35.1,31.3,32.8,33.4,33.1,33.3,2.7,.6,213,71,7.6,12.7,2.6,3.3,2.32,19.9
2016,252,22,33.7,20.6,26.9,94.5,33.1,62.6,1.55,21.42,0,37.5,29.1,32.8,33.1,32.5,32.8,1.9,.3,295,75,6.5,13.5,5.4,5.2,2.09,18.1
2016,253,22,37.3,20.5,29.2,77.9,15.2,43,2.63,22.47,0,39,30,34.1,32.7,32.5,32.6,1.9,.5,307,70,6.4,13.9,6.5,6.1,1.59,13.4
2016,254,22,40.1,19.6,30.5,71.2,13.7,34.1,3.26,23.34,0,39.9,30.2,34.8,32.9,32.6,32.8,1.5,.9,138,51,5.6,13.9,6.7,6,1.34,11.1
2016,255,22,38.5,20.7,30.1,70.5,11,33.2,3.22,23.47,0,39.6,30.8,35,33.1,32.8,33,2.2,.4,226,73,6.7,14.1,7.5,6.9,1.25,9.8
2016,256,22,35.9,21.3,27.4,80.4,23.4,47.7,2.1,18.62,1.78,38.7,31.2,34,33.2,33,33.1,2.7,2.2,141,34,11.7,14.2,5.6,6.2,1.66,14.5
2016,257,22,35,18.6,27.4,88.7,21.8,49.5,2.1,16.59,0,34.8,28.2,31.4,33.1,32.4,32.8,3.4,2.1,163,50,9.9,12.9,5.6,6.2,1.68,14.6
2016,258,22,35.3,18,27.2,84.5,17.7,44.3,2.28,22.67,0,37.2,28.5,32.5,32.5,32,32.3,2,.7,184,64,7.6,12.6,6.4,5.8,1.47,12.4
2016,259,22,34.3,15.9,25.6,75.1,8.5,31.5,2.57,23.97,0,36.9,27.7,32,32.2,31.8,32.1,1.7,.2,8,76,6.3,11.4,6.7,5.6,.89,4.8
2016,260,22,35.9,12.7,24.7,67.4,7.7,29.6,2.65,23.9,0,36.6,26.5,31.3,32,31.5,31.8,1.5,.8,112,57,4.5,10.3,6.4,5.6,.75,2.6
2016,261,22,39,14.6,26.3,60.8,7.1,26,2.96,23.8,0,37.1,26.6,31.5,31.7,31.3,31.5,1.1,.6,136,53,4.6,11.6,6.4,5.2,.77,3.2
2016,262,22,39.6,15.6,27.3,64.1,7.7,26,3.12,23.64,0,37.5,27,31.9,31.6,31.3,31.4,1.2,.2,18,74,3.7,12.2,6.6,5.4,.81,3.8
2016,263,22,37.5,15.9,26.7,61.3,10.6,33.4,2.61,17.24,0,35.4,27.5,31.5,31.5,31.3,31.4,1.9,.5,212,69,5.8,11.9,5.3,5.5,1.11,7.9
2016,264,22,31.5,22.1,26.8,77.2,34.9,52.2,1.76,12.33,0,34.2,29.9,31.8,31.4,31.2,31.3,2.4,1.6,313,47,6.5,13.8,3.9,4.4,1.81,15.9
2016,265,22,37,20.1,28.4,81,22.7,52.7,2.16,20.6,0,37.7,28.9,32.8,31.3,31.1,31.2,1.9,1.1,203,52,7.9,13.8,5.8,5.5,1.88,16.4
2016,266,22,32.3,21,26.2,88.2,34.2,63.3,1.33,18.64,0,36.1,30.3,33.1,31.5,31.2,31.4,2.2,1,218,60,8,13.4,4.9,4.7,2.12,18.4
2016,267,22,28.2,12,22.7,88.1,9.1,42.7,1.7,19.36,0,34.1,28.3,31,31.6,31.3,31.5,2.4,1.4,279,52,7.9,7.4,5.5,4.7,1.12,6.2
2016,268,22,30.3,9.8,20.8,61.8,9.7,28.4,2.02,22.71,0,33.7,24.1,28.7,31.3,30.5,31,1.4,.2,290,76,4.8,7.7,5.8,4.6,.62,0
2016,269,22,35.2,12.7,24.7,62.9,10.1,26.5,2.62,22.04,0,34.8,24.8,29.5,30.6,30.1,30.4,1.4,.4,331,68,6.2,10.2,6.1,5,.73,2.3
2016,270,22,30,20.8,25,53.2,17.7,36.2,2.05,10.41,0,31.3,28,29.3,30.3,30.1,30.2,3.9,3.6,108,23,11.1,12.6,4.5,5.9,1.14,8.7
2016,271,22,30,18.6,23.6,70.4,27.5,41.8,1.77,16.13,0,31.6,25.9,28.2,30.1,29.6,29.9,3.4,2.8,102,34,13,11.5,5.2,5.8,1.2,9.6
2016,272,22,34.2,16.9,25.9,78.3,24,48.3,1.98,17.52,0,33.8,26,29.7,29.6,29.4,29.5,2.3,1.8,123,38,7.8,11.9,5.2,5.1,1.51,13.1
2016,273,22,34.1,20.9,25.6,91.3,25.6,57.1,1.58,15.82,.76,33.8,28.1,30.2,29.7,29.4,29.6,1.4,.5,21,65,8.1,13.7,4,4.1,1.79,15.6
2016,274,22,36.7,17.4,25.5,87.8,21.5,56.9,1.72,18.5,4.57,35.4,26.6,30.1,29.8,29.5,29.6,1.6,.7,111,59,10.1,12.5,4.7,4.8,1.71,15
2016,275,22,35.8,16.7,25.6,91.3,14.3,51,1.99,20.88,0,33.9,24.9,29,29.8,29.4,29.6,1.4,.9,125,46,4.8,12.1,5.3,4.7,1.48,12.5
2016,276,22,30.8,16.3,22.2,95.9,30.8,66.7,.96,9.69,2.54,29.2,25,27,29.5,29.1,29.4,1.7,.7,42,62,6.9,10.7,2.1,3.1,1.76,15.1
2016,277,22,28.1,11.7,20.8,99,10.7,51.8,1.41,21.41,0,30.5,23.1,26.3,29.2,28.4,28.8,2,.7,269,64,8.8,7.3,5.5,4.4,1.14,7
2016,278,22,28.9,7.6,18.8,82.2,10.6,37,1.65,21.01,0,30.2,20.6,25,28.5,27.8,28.2,1.4,.4,116,68,5.6,6.6,5.1,4,.69,1.3
2016,279,22,33.2,9.5,20.5,74.1,12.6,40.2,1.79,20.35,0,30.8,21,25.6,27.9,27.5,27.7,1.5,.5,150,64,5.8,8.6,5.2,4.5,.84,4.3
2016,280,22,32.1,12.9,21.8,72.7,14.6,38.4,1.85,20.31,0,31.8,22.7,26.8,27.6,27.4,27.5,1.2,.2,109,73,4.4,9.4,5,4.1,.93,5.8
2016,281,22,36.5,10.8,23.4,73.9,11.3,36.2,2.29,20.11,0,32,22.2,26.8,27.7,27.4,27.5,1.3,.3,62,72,7.8,9.6,5.3,4.6,.88,5
2016,282,22,36.9,22.9,28.5,50.2,15.1,29.7,2.82,19.01,0,33.6,25.9,29.1,27.8,27.5,27.7,3,2.4,92,36,8.7,14.9,6.6,6.9,1.14,8.7
2016,283,22,36.1,16.9,25.9,71.1,14.4,40.7,2.29,19.21,0,34.1,25.4,29.4,28.1,27.8,28,1.1,.7,122,49,4.9,12.2,5,4.1,1.25,10.1
2016,284,22,36,15.6,25,75.9,10.8,38.3,2.32,19.37,0,33.5,25.1,29,28.4,28.1,28.3,1.4,.8,149,53,5.4,11.6,5.3,4.5,1.07,7.6
2016,285,22,35.5,13.2,24.4,68.8,9.2,33.7,2.45,19.68,0,32.9,24.2,28.3,28.5,28.2,28.3,2,.9,168,61,8,10.4,6,5.4,.88,4.9
2016,286,22,34,11.2,22.8,63.1,8.6,26.5,2.36,17.69,0,31.4,23.4,27.3,28.4,28,28.2,1.7,.6,127,65,5.4,9.2,5.1,4.7,.64,.5
2016,287,22,33.6,10.8,22.1,60.2,9,27.6,2.29,19.55,0,31.8,22.5,26.8,28.1,27.6,27.9,1.6,.6,128,65,4.3,9,5.4,4.6,.63,.4
2016,288,22,36.7,12.1,23.2,58.7,7.5,26.5,2.5,19.27,0,32,22.6,26.9,27.8,27.4,27.6,1,.2,88,72,3.6,10.1,5,3.8,.64,.4
2016,289,22,35.3,11.8,23.5,67.2,9.8,28,2.49,19.24,0,32,22.8,27,27.6,27.3,27.5,1.6,.6,125,63,6.1,9.8,5.5,4.8,.69,1.5
2016,290,22,34.1,11.9,23.3,63.7,11.9,28.7,2.32,18.08,0,31.5,23,27,27.6,27.3,27.4,1.5,.5,127,66,5.2,9.5,5.1,4.4,.76,2.8
2016,291,22,33,12.5,22.4,66.2,12.6,36.1,2.03,18.62,0,31.4,23.1,26.9,27.5,27.2,27.4,1.9,.5,171,70,6.8,9.5,5.2,4.6,.87,4.8
2016,292,22,33,12.5,22.8,63.3,14,34.5,2.08,18.37,0,31.5,22.9,26.8,27.4,27.1,27.3,1.5,.5,107,67,5.8,9.4,5,4.2,.88,5
2016,293,22,32.8,12.5,22.5,73.7,13.3,33.9,2.09,18.27,0,31.2,22.9,26.7,27.3,27,27.2,1.6,.1,108,79,4.6,9.5,5,4.2,.83,4.2
2016,294,22,35.5,11.6,25.4,50.9,7.7,19.4,2.96,18.22,0,30.9,22,26.4,27.2,26.9,27.1,2.2,1.8,79,36,7.2,9.7,6.2,5.6,.55,-1.5
2016,295,22,35.8,18.2,27.4,53.1,11.8,22,3.03,17.41,0,32.2,24.7,28,27.1,26.9,27,2.5,1.9,103,41,6.8,12.8,6.2,5.8,.76,3.1
2016,296,22,38.2,15.2,25.6,59.6,11.3,31.4,2.6,17.29,0,32.4,24,27.8,27.3,27.1,27.2,1.5,.7,144,60,6.9,11.8,5.2,4.6,.93,5.8
2016,297,22,37.3,13.7,25,65.2,11.5,32.3,2.48,17.03,0,32.2,23.9,27.7,27.4,27.1,27.3,1.3,.8,119,53,4.5,10.9,4.7,4.2,.92,5.7
2016,298,22,32.5,17.2,24.7,65,22.3,41.7,1.98,11.37,0,30.5,24.9,27.6,27.4,27.2,27.3,1.5,.6,130,60,4.2,11.6,3.2,3.4,1.25,10.1
2016,299,22,33.2,15.9,24.5,83.4,21.8,49.8,1.77,16.67,0,32.3,25,28.3,27.4,27.2,27.3,1.2,.6,83,59,3.5,11.2,4.2,3.5,1.44,12.3
2016,300,22,34.7,14.6,24.4,78.9,15.7,43.8,2,16.89,0,32.1,24.1,27.8,27.5,27.2,27.4,1.6,.3,1,73,4,10.9,4.6,4.1,1.23,10
2016,301,22,38.2,15.6,26.8,72,11.9,34.5,2.74,14.88,0,31.7,24.3,27.8,27.5,27.2,27.4,2.1,1.8,112,31,9.6,12,4.9,5.2,1.05,7.6
2016,302,22,34.6,19,25.6,61.3,14.2,36.2,2.28,11.88,0,31.1,25.7,28.2,27.5,27.3,27.4,1.9,1.1,154,51,6.1,12.9,3.8,4.2,1.12,8.5
2016,303,22,35.8,14.5,24.5,73,13.7,37.6,2.27,16.52,0,31.8,23.6,27.4,27.5,27.1,27.3,1.3,.7,114,54,3.5,11.1,4.4,3.8,1.04,7.4
2016,304,22,34,14.9,23.7,69.5,16.9,39.6,2.01,14.62,0,30.9,24,27.1,27.3,27.1,27.2,1.9,1,138,55,6.1,10.9,4.3,4.2,1.09,8.1
2016,305,22,30,13.5,21.6,71.6,26.5,47,1.5,12.92,0,29.2,23.2,26.1,27.2,26.9,27.1,1.8,.5,157,68,6.2,9,3.5,3.4,1.17,9.1
2016,306,22,27.5,12.5,20.1,74.5,24.6,44.8,1.43,15.67,0,29.2,22.7,25.7,26.9,26.6,26.8,1.3,.3,282,73,5.8,7.2,3.7,3,1,6.9
2016,307,22,27.6,8.6,18.7,79.2,22.8,45.9,1.36,15.95,0,28.4,20.9,24.4,26.6,26.2,26.5,1.6,.1,330,78,5.9,6.2,3.9,3.2,.92,5.7
2016,308,22,28.4,15.4,20.6,91.7,27.7,56.5,1.2,11.64,12.19,27.5,22,24.2,26.2,25.9,26.1,4,2.6,47,48,13.6,9.1,3.8,4.6,1.29,10.6
2016,309,22,26,11.9,17.8,99.6,37.2,77.2,.6,13.78,.51,25.5,19.3,22,25.9,25.2,25.6,1.2,.3,132,69,7.6,6.3,2.5,2.3,1.51,13.1
2016,310,22,26.5,11.3,18.1,99.8,29,72.7,.73,15.43,0,26.3,18.6,22,25.2,24.7,25,1,.1,254,75,4.1,6.3,2.9,2.4,1.43,12.2
2016,311,22,27.7,10.4,18.7,98,30.3,67.2,.91,14.82,0,26.6,18.6,22.2,24.8,24.4,24.6,1.2,.4,112,64,4.1,6.6,2.9,2.5,1.36,11.5
2016,312,22,27.5,10.6,18.8,94.7,30.9,65.3,.95,15.15,0,26.4,18.7,22.2,24.5,24.2,24.4,1.3,.4,329,67,4.8,6.6,3.2,2.6,1.33,11.2
2016,313,22,30.3,12.5,22,87.6,14.7,39.8,1.85,15.38,0,26.4,19.3,22.5,24.4,24.1,24.3,2.8,2.5,94,27,10.9,8.6,5.1,4.6,.92,5.5
2016,314,22,27.2,13.8,21.7,61.1,12.9,24.5,2.03,15.62,0,25.7,19.6,22.3,24.3,24,24.2,3.4,3.2,86,21,9.6,7.7,5.7,5.2,.61,-.3
2016,315,22,25.9,13.2,20.5,47.4,19.5,28.7,1.76,15.14,0,25.4,19.6,22,24.1,23.9,24,3.9,3.5,83,28,10.6,6.8,5.6,5.2,.69,1.4
2016,316,22,27.8,13.4,20.8,63.1,18.6,35.7,1.67,14.82,0,25.7,19.2,22,23.9,23.7,23.8,2.5,2,74,35,8.3,7.8,4.4,4,.84,4.5
2016,317,22,27.6,11.6,20,65,16.8,36.4,1.61,14.73,0,25.3,18.6,21.6,23.8,23.5,23.7,2.2,1.7,103,39,7.9,7,4.3,3.8,.81,3.8
2016,318,22,28.8,9,18.4,73.4,17.3,43.2,1.43,13.82,0,25,18,21.3,23.6,23.3,23.5,1.2,.1,32,79,4.1,6.8,3.3,2.7,.83,4.3
2016,319,22,28.9,7.2,17.4,82.9,13.9,45.6,1.37,14.86,0,24.8,17.3,20.8,23.4,23.1,23.3,1.3,.2,134,75,4,6.5,3.4,2.9,.78,3.4
2016,320,22,31.5,8.1,18.4,72.6,9.4,37,1.65,14.7,0,24.9,17.1,20.6,23.2,22.8,23,1.7,.6,117,66,5.4,7.8,4,3.6,.68,1.3
2016,321,22,28.7,9.4,17.9,70.7,10.9,37.8,1.49,10.95,0,23.5,17.6,20.5,23,22.7,22.9,1.7,1,133,53,5.5,6.9,3,3.2,.7,1.8
2016,322,22,20.5,4,14.7,67.8,9.6,31,1.24,14.58,0,22.6,17.4,19.7,22.8,22.5,22.6,2.3,1,290,62,7.6,2.4,3.9,3.1,.48,-3.7
2016,323,22,24,1.7,12.4,70.9,7.8,32.6,1.19,14.76,0,21.5,13.9,17.5,22.5,21.8,22.2,1.5,.1,339,77,4.4,3.5,3.4,2.7,.39,-6
2016,324,22,28.2,7.5,18.9,62.8,11.5,25.3,1.87,13.97,0,22.6,14.9,18.6,21.8,21.4,21.6,2.4,2,102,35,8.1,6.2,4.7,4.2,.48,-3.3
2016,325,22,24.5,10.8,17.2,87.3,21.6,50.8,1.02,5.41,0,21,17.6,19.5,21.6,21.4,21.5,2,.8,309,63,6.8,5.2,1.4,2.6,.98,6.1
2016,326,22,20,10.4,15.8,91.8,41.6,72.8,.52,10.34,.76,21.2,17.6,19.4,21.6,21.5,21.5,3.1,1.5,254,58,10.6,3,2.2,2,1.3,10.8
2016,327,22,20.3,5.7,13.1,95.7,33.5,67.1,.6,13.8,0,21.4,15,17.9,21.5,21,21.3,1.3,.4,8,67,4.7,2.4,2.4,1.8,.97,6.5
2016,328,22,23,4.7,13.1,92.5,25.2,60.9,.73,13.99,0,21.2,14.3,17.5,21,20.6,20.9,1.4,.8,332,50,4.6,3.5,2.7,2.2,.86,4.8
2016,329,22,26.3,3.4,13.8,85.1,6.9,42,1.17,14.35,0,20.9,13.9,17.1,20.7,20.3,20.6,1.5,.7,22,57,6.9,4.7,3.3,2.8,.56,-2
2016,330,22,26.1,6.5,18.3,64,11.3,21,1.79,13.17,0,21.4,14.7,17.6,20.4,20.1,20.3,2.5,2.1,86,34,7.2,5.1,4.5,4,.41,-5.5
2016,331,22,22.4,12.1,17.1,54.6,24.2,33.6,1.32,5.47,0,19.5,16.6,17.9,20.3,20.1,20.2,2.7,2,121,40,10.7,4.5,2.4,3.5,.65,.7
2016,332,22,17.1,6.8,12.4,95.8,33.9,56.3,.69,12.03,4.83,19.6,15.5,17.6,20.2,20,20.1,3.8,2.7,251,43,17.4,1.2,3,2.7,.77,3.2
2016,333,22,14.5,3.8,9.3,99.2,39.8,77.7,.31,10.5,0,17.4,13.2,15.4,20,19.5,19.9,1.7,1.2,152,46,5.8,.3,1.5,1.3,.88,5.1
2016,334,22,14.9,2.3,7.9,97.6,20.6,64.7,.46,13.32,0,17,11.3,13.9,19.5,18.9,19.2,1.8,1.2,323,47,6.2,.4,2.2,1.7,.65,.4
2016,335,22,15.5,-1,7.2,90.7,19.2,54.8,.57,13.5,0,16.3,9.2,12.5,18.9,18.1,18.5,1.2,.5,332,61,5.6,.5,2.3,1.6,.5,-2.8
2016,336,22,16.3,-1.4,7.2,90.7,20,56.1,.57,12.03,0,16,9.3,12.2,18.1,17.5,17.8,1.2,.5,102,60,3.9,.7,1.9,1.6,.51,-2.5
2016,337,22,15,1,8.1,88.9,23.3,55.1,.56,10.15,0,15.7,10.3,12.7,17.5,17.1,17.3,1.8,.6,317,67,5.3,.4,1.8,1.8,.56,-1.3
2016,338,22,19.5,1,10.2,89.8,21.6,49.9,.76,12.97,0,16.6,9.5,12.8,17.2,16.9,17,1.9,1.3,342,48,7.7,1.8,2.8,2.3,.57,-1
2016,339,22,21.3,2,12.1,74.5,12.7,31.2,1.06,13.37,0,17.4,10.9,13.6,16.9,16.8,16.9,1.7,.4,45,70,8.8,2.5,3.1,2.6,.41,-5.6
2016,340,22,20.1,1.3,9.7,78.3,14.6,45.1,.8,12.24,0,16.8,10,13.1,16.9,16.6,16.8,1.5,.7,120,61,4.9,2,2.5,2.1,.5,-2.8
2016,341,22,21.2,1.3,10.4,76.6,26.6,52.8,.69,11.29,0,17.2,10.7,13.5,16.8,16.5,16.7,1.6,.8,139,58,5.8,2.4,2.2,2.1,.65,.6
2016,342,22,18,3,10.8,90.3,47.7,69.9,.44,9.86,0,16.8,11.2,14,16.7,16.6,16.6,1.2,.1,75,79,4.4,1.4,1.5,1.4,.9,5.3
2016,343,22,19,2.1,10.4,94.4,37.7,69.8,.47,12.38,0,17.4,10.9,13.9,16.7,16.5,16.6,1.3,.4,5,68,4,1.7,2,1.5,.85,4.6
2016,344,22,20.7,3,11.4,89.2,30,61.7,.63,12.13,0,17.9,11,14.2,16.7,16.5,16.6,1,.2,54,70,2.7,2.4,2,1.6,.79,3.6
2016,345,22,22,3.1,11.4,82.5,27.1,59.3,.67,11.97,0,17.9,11.1,14.3,16.7,16.5,16.6,.9,.3,87,68,3.1,2.9,2,1.6,.76,3.1
2016,346,22,23.2,5.2,13.1,84,25.7,56.2,.8,11.73,0,18.7,12.2,15.1,16.7,16.5,16.6,1.2,.5,128,59,4.2,3.6,2.2,1.9,.8,3.7
2016,347,22,23.2,5.5,13.6,87,27.9,58.1,.8,12.02,0,19.3,12.5,15.5,16.8,16.6,16.8,.9,.5,112,55,2.8,3.6,2.1,1.6,.85,4.6
2016,348,22,23.2,6.7,13.5,86.4,31.4,61.8,.73,10.58,0,19.2,13.2,15.9,17,16.8,17,.8,.4,121,59,2.8,3.8,1.8,1.5,.91,5.6
2016,349,22,24,5.8,13.4,86.6,30,62.7,.7,10.82,0,19,12.8,15.6,17.2,17,17.1,.9,.2,55,69,2.7,4,1.8,1.6,.93,5.8
2016,350,22,25,4.2,14.4,85.4,22.3,56.8,.88,11.05,0,19,12.3,15.6,17.2,17,17.1,.8,.2,82,69,2.7,4.3,2,1.6,.88,4.9
2016,351,22,22.5,12.3,16.8,92.7,31.8,66.2,.73,9.25,3.05,19.7,15.4,17.2,17.4,17,17.2,2.5,1.5,168,51,11.1,4.7,2.2,2.3,1.22,9.8
2016,352,22,17.9,2.8,10.3,90.9,23.9,53,.62,12.31,7.11,17.2,11.7,14.7,17.5,17.3,17.4,3.3,2.2,273,47,12.8,1.3,2.5,2.6,.66,.4
2016,353,22,15,-1.9,6.3,95.8,23,64.3,.43,12.73,0,14.5,8,11,17.3,16.4,16.9,1.2,.5,328,61,5.2,.3,1.9,1.4,.58,-.8
2016,354,22,21,3.2,13.2,76,18.7,35.5,1.09,12.21,0,15.8,8.5,11.7,16.4,15.7,16,2.5,2.3,50,24,7.6,2.5,3.4,3,.51,-2.6
2016,355,22,21.5,6.1,13.5,77.3,21.6,50.8,.83,10.56,0,17,11,13.8,15.8,15.7,15.8,.8,.3,329,64,3.8,3,1.9,1.5,.77,3
2016,356,22,19.8,11.2,15.4,97.1,54,75.3,.44,4.45,1.52,16.8,14,15.2,16.1,15.8,16,1.6,1.1,110,47,6.6,3,.6,1.3,1.32,10.9
2016,357,22,19,11.5,15.1,98.2,66.5,89.9,.18,5.97,13.97,17.9,15,16.3,16.5,16.1,16.3,2.6,.2,263,77,9.1,2.7,.7,1.1,1.55,13.4
2016,358,22,17.3,7.3,12.8,99,63.6,88.7,.19,8.03,0,18,13.9,15.5,16.6,16.5,16.6,.7,.2,30,68,4,1.4,.8,.9,1.3,10.8
2016,359,22,17.3,4.5,9,99.2,45.5,86.7,.2,7.69,8.64,15.1,10.6,12.6,16.7,16.3,16.5,3,1.9,188,50,16.2,1.2,1.2,1.7,.98,6.6
2016,360,22,11.9,1.9,6.3,98.1,40.7,77.3,.25,10.12,2.03,12.7,7.6,10.1,16.3,15.4,15.9,1.6,.6,148,65,8.8,0,1.1,1.2,.72,2.2
2016,361,22,14.9,-.6,6.7,97.5,36.5,74.3,.32,12.1,0,12.5,6,9.1,15.4,14.6,15,1.3,1,329,38,4.8,.4,1.7,1.3,.7,1.9
2016,362,22,19.4,1.2,9.6,97,35.6,73.1,.43,12.47,0,14.4,6.7,10.2,14.6,14.1,14.4,1.2,.2,346,73,3.9,1.8,1.9,1.5,.85,4.4
2016,363,22,15.9,3.2,9.1,97,45.3,83,.24,6.85,0,12.9,8.5,10.7,14.3,14.1,14.2,1,.4,103,61,2.8,.7,.6,1,.95,6.1
2016,364,22,23.4,6.9,13.4,97.2,22.7,66.6,.67,10.87,0,16.3,10,12.6,14.3,14.1,14.2,1.5,1.1,104,43,7.1,3.9,2.1,2.1,.94,6
2016,365,22,20.8,7.3,14.2,96.8,39.3,68,.57,10.11,.51,16.8,10.8,13.6,14.6,14.2,14.5,1.7,.8,123,57,6.3,2.8,1.9,1.7,1.09,8
2016,366,22,15.6,10.6,12.6,100,65.3,88.7,.18,4.66,0,15.2,13.5,14.3,15.1,14.6,14.9,1.5,.8,168,57,4.8,1,.3,1,1.29,10.7
