2016,1,23,18.1,-2.8,5.6,58.6,22.6,40.3,.64,12.1,0,13.8,5.8,9.4,13.4,13.2,13.3,1.8,1.7,324,25,5.4,1.2,2.4,2.3,.35,-7.4
2016,2,23,20.4,-1.2,8.5,67.2,23.8,43.8,.77,12.16,0,14.6,7,10.5,13.3,13.2,13.2,1.8,1,51,55,7.2,2,2.7,2.4,.47,-3.8
2016,3,23,20.8,2,12.2,70.6,26.5,43.1,.96,9.16,0,14.6,8.8,11.7,13.5,13.2,13.4,3.7,3,88,36,10.7,2.4,3.2,3.5,.58,-.8
2016,4,23,15.8,6.2,10.7,98.3,29.7,73,.35,2.85,5.59,13.2,11.3,12.2,13.9,13.5,13.7,2.2,1.7,86,37,7.2,.8,.3,1.3,.94,5.3
2016,5,23,13.2,9.6,11.5,100,89.8,98.1,.03,3.28,6.35,13.3,11.7,12.4,14,13.9,13.9,2.5,2.1,101,31,7.3,.1,0,.5,1.33,11.1
2016,6,23,14.9,7.4,11.2,99.3,57.1,83.3,.24,10.39,11.43,13.8,10.6,12.3,14.1,14,14.1,2.8,2,207,42,8.8,.5,1.5,1.3,1.1,8.3
2016,7,23,12.3,5.5,9.8,97.4,52.5,84.8,.19,5.2,3.56,12.4,9.9,11.3,14.1,13.9,14,2.7,2,214,42,9.5,0,.4,.9,1.02,7.2
2016,8,23,13.4,2.5,7.1,99.7,50.3,82.9,.22,10.65,0,12.8,7.9,10,13.9,13.4,13.7,1.4,.9,286,50,6.8,.1,1.4,1.2,.82,4.1
2016,9,23,14.7,-.7,6.8,100,42.2,81.6,.25,12.63,0,13.3,6.2,9.6,13.4,13,13.2,.8,.2,161,71,4,.3,1.6,1.1,.79,3.5
2016,10,23,13.7,4.9,9,97.2,54,81.7,.24,6.41,0,12.7,8.9,10.5,13.1,13,13,1,.3,344,67,4.4,.1,.5,1,.92,5.8
2016,11,23,14.8,1.5,7.4,96.8,33.7,74.1,.34,13.1,0,13,6.9,9.7,13.1,12.9,13,1.6,1.1,300,45,5.5,.3,2,1.5,.73,2.5
2016,12,23,16.3,-.7,6.6,98.6,27.7,70.5,.4,13.38,0,12.4,5.6,8.8,12.9,12.5,12.8,1.9,1.6,322,28,5.8,.7,2.2,1.8,.64,.7
2016,13,23,21,-1.6,7.8,97.6,19,65.1,.58,13.41,0,13.4,5.4,9.1,12.6,12.3,12.5,.9,.5,348,53,3.6,2.2,2.1,1.7,.62,.2
2016,14,23,18.8,-1.9,7.3,95.7,28,67.7,.47,12.89,0,13.2,5.7,9.3,12.5,12.2,12.4,.8,.3,271,66,3.1,1.4,1.9,1.5,.64,.7
2016,15,23,20,3.1,8.9,91.1,32.2,67.5,.48,10.32,0,13.4,7.2,9.8,12.4,12.2,12.3,1.2,.3,76,70,5.2,2.1,1.5,1.7,.73,2.5
2016,16,23,18.2,-.7,8.6,94.1,29.3,66.5,.5,11.76,0,13.6,6.2,9.9,12.5,12.3,12.4,1,.1,248,75,4,1.3,1.7,1.5,.7,1.8
2016,17,23,20.4,-.1,9.2,94.7,26.5,65.3,.56,13.52,0,14.8,6.9,10.6,12.5,12.3,12.4,1.2,.7,314,54,5.6,2,2.3,1.9,.71,2
2016,18,23,19.5,1.5,9,91.6,29.1,70,.46,9.01,0,13.6,7.7,10.3,12.7,12.5,12.6,1.2,.2,359,74,4.8,1.9,1.3,1.6,.77,3.2
2016,19,23,22.5,1.2,10.6,94.6,25.4,65.8,.6,12.02,0,15.1,7.1,10.9,12.7,12.5,12.6,1.2,.4,329,68,6.6,3,2,2,.79,3.4
2016,20,23,21.6,1.8,11.2,94.4,32.4,65.7,.61,13.35,0,16.5,8.4,12.2,12.9,12.6,12.8,1.5,1,283,47,7.5,2.7,2.5,2.1,.83,4.2
2016,21,23,22.2,2.6,11.3,86.3,11.8,51.9,.84,12.92,0,16,8.5,12,13.2,12.9,13.1,1.7,.4,2,71,7.2,2.9,2.7,2.5,.6,-.6
2016,22,23,22.9,-.5,10.3,82.8,11.6,50.3,.85,12.8,0,16.1,7.8,11.7,13.3,13.1,13.2,1,.3,60,66,5.8,2.9,2.5,2.1,.54,-1.8
2016,23,23,21.4,1.7,10.6,83.4,18.9,53.9,.76,10.11,0,15.3,8.6,11.8,13.4,13.1,13.2,.9,0,351,80,4,2.6,1.8,1.8,.63,.3
2016,24,23,20.1,1.6,10.4,82.5,20.5,48.3,.79,14.17,0,16,8.4,11.9,13.4,13.2,13.3,2.9,2.6,298,29,8.5,2.1,3.6,3.2,.55,-1.4
2016,25,23,22.3,1.3,10.4,78.6,15.2,45.9,.84,14.15,0,16.8,8.3,12.1,13.4,13.2,13.3,1.8,1.1,308,52,7,2.8,3.1,2.8,.52,-2.1
2016,26,23,21.4,-1,9.7,70.6,8.7,37.8,.93,14.6,0,16.4,7.8,11.8,13.5,13.2,13.4,1.6,.5,325,66,6,2.4,3.1,2.6,.38,-6.5
2016,27,23,21.6,-1.2,9.4,72.4,12.3,39.2,.92,14.44,0,16.6,7.5,11.7,13.4,13.1,13.3,1.4,.9,322,50,4.2,2.5,3,2.5,.4,-5.6
2016,28,23,22.4,.8,9.8,70,16.2,44.4,.88,13.02,0,16.7,8.3,11.9,13.4,13.2,13.3,1.2,.4,316,65,4.1,2.9,2.5,2.3,.48,-3.3
2016,29,23,23.9,0,10.7,79.3,16.7,45.2,.92,14.24,0,17.2,8.1,12.3,13.4,13.2,13.3,1.1,.2,87,73,4,3.3,2.8,2.3,.52,-2.2
2016,30,23,23.5,2.4,13,77.9,18.7,45.7,1,13.05,0,17.4,9.4,13.2,13.6,13.3,13.5,1.8,1.2,182,47,6.2,3.4,3,2.9,.62,.2
2016,31,23,23.6,5.7,15.7,70.9,25.2,43.5,1.12,14.65,0,18.7,10.9,14.8,14,13.5,13.8,5.4,3.8,215,44,16.8,3.8,5,4.9,.75,2.8
2016,32,23,12.5,2.8,8.9,63.8,28.4,43.6,.66,5.57,0,15.5,10.4,12.8,14.3,13.9,14.2,6.3,5.5,269,28,15.7,0,2.7,3.2,.49,-3.1
2016,33,23,13.1,-.6,5.7,62.9,15,37.2,.63,15.5,0,14.2,7.1,10.3,14.2,13.5,13.9,3.1,2.9,301,22,8.7,0,3.4,2.9,.32,-8.8
2016,34,23,15.2,-2.8,5.2,59.8,14.8,36.6,.66,15.52,0,14.3,5.6,9.6,13.5,12.9,13.2,1.6,.5,315,65,6.3,.4,2.8,2.3,.29,-9.8
2016,35,23,19.4,-4,6.8,62.4,13.2,36.8,.8,15.4,0,15.1,5.6,10,13,12.6,12.8,1.4,.5,282,65,5.4,1.5,3,2.4,.32,-8.5
2016,36,23,21.1,1.7,10.8,61.6,12.3,33.2,1.02,15.86,0,16.3,7.5,11.5,12.8,12.6,12.7,1.8,.5,33,69,8.2,2.4,3.7,3,.38,-6.2
2016,37,23,25.1,-2.8,10,65.1,7.3,34.9,1.05,16.17,0,16.9,7.2,11.8,13,12.8,12.9,1.6,.9,331,52,5.7,3.6,3.7,3.3,.36,-7
2016,38,23,25.5,.4,12.9,58.3,10.9,32.3,1.24,16.2,0,17.8,8.4,12.9,13.2,12.9,13.1,1.7,1.2,318,42,5.8,4.1,3.9,3.4,.43,-4.8
2016,39,23,28.2,3.8,15.3,58,9.8,31.7,1.48,16.44,0,19.3,10.1,14.4,13.7,13.2,13.4,2.1,1.7,317,36,6.2,5.6,4.5,4.2,.48,-3.3
2016,40,23,31.9,2.5,16.1,59.7,8.1,30.4,1.59,16.6,0,20.2,11,15.3,14.2,13.6,14,2,1.5,328,40,5.7,6.9,4.5,4.6,.49,-3.1
2016,41,23,30,3.1,15.8,65,10.1,33.1,1.54,16.28,0,20.8,11.4,15.9,14.6,14.2,14.5,1.2,.6,346,56,5.2,6.3,3.9,3.3,.51,-2.4
2016,42,23,31.9,3.4,16,71.7,9.9,33.8,1.55,16.8,0,21.1,11.9,16.2,15.1,14.6,14.9,1.1,.5,327,58,3.8,7,3.8,3.3,.54,-1.8
2016,43,23,30,4,15.9,62.2,11.4,34.8,1.51,16.84,0,21.4,12.1,16.5,15.4,15,15.3,1.1,.1,350,76,5,6.4,3.9,3.2,.56,-1.2
2016,44,23,30.4,4.1,16,69.3,10.9,34,1.5,17.07,0,21.7,12.5,16.9,15.7,15.4,15.6,1.6,.9,298,54,4.6,6.6,4.2,3.9,.55,-1.6
2016,45,23,29.5,4.4,16.4,55.8,8.7,29.2,1.59,16.58,0,21.7,12.7,17,15.9,15.6,15.8,2.2,.9,309,63,9.6,6.4,4.7,4.6,.48,-3.2
2016,46,23,29.9,7.8,19,56.5,12,29,1.79,17.14,0,22.7,13.8,18,16.2,15.9,16.1,2,1.2,271,53,6.3,7.2,4.9,4.4,.59,-.6
2016,47,23,30.5,5.9,18.2,65.5,14.2,35.1,1.67,17.43,0,23.5,14.4,18.6,16.6,16.2,16.5,1.2,.2,312,73,4,7,4.3,3.5,.65,.9
2016,48,23,31.3,5.7,17.7,65.8,12.8,35.5,1.67,17.54,0,23.4,14,18.5,16.9,16.6,16.8,1.4,.5,113,65,8,7.2,4.4,3.8,.63,.4
2016,49,23,26.4,9.8,17.9,62.2,16.5,33.8,1.48,10.54,0,21.5,15.8,18.4,17.2,16.9,17.1,1.7,.6,132,65,5.7,5.8,3,3.4,.66,1
2016,50,23,27.5,9.8,16.7,61.2,12.2,37.4,1.38,11.8,0,22,15.4,18.1,17.3,17.1,17.2,1,.2,235,71,3.8,6.4,2.7,2.8,.65,.8
2016,51,23,31.2,5.7,16.8,68.1,13.6,37.1,1.51,17.71,0,23.8,14,18.5,17.3,17.1,17.2,1.3,.6,288,58,4,7.1,4.2,3.7,.63,.4
2016,52,23,29.6,5.7,17.4,59.2,9.3,30.7,1.67,18.24,0,24,14.5,18.9,17.5,17.2,17.4,2.5,2,300,35,8.2,6.5,5.4,5.1,.53,-1.9
2016,53,23,28,7,18.2,47,11.4,23.8,1.77,18.24,0,22.8,14.9,18.6,17.7,17.5,17.6,4.3,3.8,311,27,13.3,6,7,6.6,.46,-4
2016,54,23,23.7,6,14.4,46.6,7.5,21.4,1.42,16.36,0,21.9,14.4,17.6,17.8,17.5,17.6,3.4,2.7,343,38,10.9,4,5.5,5.3,.32,-8.8
2016,55,23,25.9,2.8,13.4,49.8,10,27.5,1.35,18.98,0,22.3,12.4,16.8,17.6,17.2,17.5,2.1,.7,297,66,7,4.5,4.8,4.4,.37,-6.8
2016,56,23,28.8,2.4,15.2,52.5,10.5,25.4,1.57,18.87,0,23.3,12.8,17.6,17.4,17.1,17.3,1.4,.7,331,58,5,5.8,4.6,3.9,.39,-6
2016,57,23,31.5,3.9,16.6,58.7,8.9,28.9,1.74,18.92,0,24.3,13.6,18.5,17.5,17.2,17.4,1.2,.4,63,67,6.2,7,4.7,3.9,.46,-3.8
2016,58,23,31.5,5.3,17,60.2,9.2,31.7,1.67,18.72,0,25.3,14.8,19.5,17.8,17.4,17.7,.9,.3,229,68,3.9,7.3,4.4,3.4,.53,-1.9
2016,59,23,29.9,4.7,17.1,61.3,11.1,30.6,1.66,17.12,0,24.6,15.2,19.7,18.1,17.8,18,1,.4,224,60,4.8,6.5,4.1,3.3,.53,-1.9
2016,60,23,31.2,7.3,18.8,55.1,10,29.2,1.84,18.64,.25,26.3,16.1,20.7,18.5,18.1,18.3,1.1,.5,229,58,6,7.5,4.6,3.7,.57,-.9
2016,61,23,31.8,7.5,19.1,62.8,10.8,30.5,1.88,17.75,0,26.1,16.6,21.1,18.9,18.5,18.7,1,.2,198,74,4,7.7,4.3,3.6,.59,-.5
2016,62,23,33.2,7.4,19.1,59.1,10,30.6,1.93,18.95,0,27.3,16.9,21.6,19.2,18.8,19,1,.3,181,69,4.2,8.1,4.6,3.8,.59,-.7
2016,63,23,32.6,7,18.9,57.5,9.4,28.1,1.91,17.19,0,26.5,17.2,21.5,19.5,19.2,19.4,.8,.1,127,77,4.2,7.8,4.2,3.3,.53,-1.9
2016,64,23,32.1,6.3,19,56.4,7.4,27.4,1.97,18.91,0,27.1,17,21.8,19.7,19.4,19.6,1,.2,202,73,4.9,7.6,4.7,3.7,.51,-2.7
2016,65,23,27.8,6.1,18.4,54.2,12,28.3,1.74,14.7,0,24.6,17.1,21,19.9,19.6,19.8,1.4,.8,175,54,5.5,5.8,3.9,3.7,.55,-1.7
2016,66,23,26.1,10.6,19,57.8,18.1,36.9,1.46,12.96,0,24.2,19.2,21.3,19.9,19.8,19.9,3.8,2.6,236,45,13.6,5.9,4.7,5.2,.8,3.5
2016,67,23,20.5,3.5,12.4,63,19.3,41.6,.93,14.56,0,21.4,15.8,18.8,20,19.6,19.8,2.9,2.1,236,43,9.7,2.4,3.8,3.8,.58,-.9
2016,68,23,25.3,4,14.3,69.4,14.8,39.1,1.21,20.49,0,23.8,14.5,18.8,19.6,19.1,19.4,3.7,3.3,291,24,11.6,4.4,6,5.5,.56,-1.2
2016,69,23,28.5,6.5,17.5,43.6,8.3,24.4,1.73,21.01,0,26.2,15.5,20.4,19.3,19.1,19.2,2.3,1.6,314,45,8,6.3,5.8,5.3,.44,-4.5
2016,70,23,33.6,8.2,19.2,49.3,8.3,24.7,2,21.31,0,28,16.9,21.9,19.6,19.2,19.4,1,.3,264,70,4.3,8.4,5.2,4.2,.48,-3.3
2016,71,23,28.7,7.8,18,53.2,11.7,30.2,1.68,14.99,0,24.9,17.7,21.2,19.9,19.5,19.8,2.1,1.5,219,43,12.2,6.5,4.3,4.7,.58,-1
2016,72,23,25.1,7.3,16,60.1,15.1,35,1.33,21.75,0,26.2,17,21.3,20,19.8,19.9,2.5,2.1,284,33,11.9,4.7,5.5,4.9,.59,-.5
2016,73,23,24.5,3.7,15,64.5,18.6,37.8,1.25,20.7,0,26.1,16.1,20.8,20.1,19.8,20,1.6,1.1,199,43,7.4,4,4.9,3.9,.6,-.3
2016,74,23,26.5,8.7,18,59.2,23,39,1.4,21.21,0,27.4,17.5,22,20.1,19.9,20,1.7,.6,186,65,5.6,5.7,5,4.2,.77,3.1
2016,75,23,30.5,7.3,18.4,65.6,9.1,34.6,1.72,21.51,0,27.9,17.7,22.5,20.3,20,20.2,1.4,.6,258,60,5.9,7.4,5.4,4.5,.64,.3
2016,76,23,32.5,8.2,19.8,44.7,7,20.2,2.14,22.6,0,29.1,17.9,23,20.6,20.3,20.5,1.8,.6,266,65,4.6,8,6.2,5.5,.41,-5.4
2016,77,23,33.2,6.3,19.7,42.9,6.1,20.5,2.15,22.94,0,29.5,18.3,23.5,20.9,20.5,20.8,1.2,.6,261,59,4.8,7.9,5.9,4.7,.41,-5.5
2016,78,23,34.7,7.3,20.1,47.5,7.7,23.4,2.16,22.78,0,30,18.6,23.9,21.2,20.9,21.1,1.4,.7,253,58,6.7,8.4,6.1,5.2,.5,-3
2016,79,23,33.9,10.6,21.8,46.4,9.8,26.9,2.21,22.58,0,30.7,19.8,24.9,21.5,21.1,21.4,1.6,.9,211,52,5.9,9.1,6.2,5.3,.64,.6
2016,80,23,33.6,10.8,21.9,47.5,8.9,25.1,2.31,22.47,0,31.1,20.3,25.3,21.9,21.5,21.7,1.4,.8,192,53,6.3,9,6.1,5,.58,-.7
2016,81,23,33.1,10,22,52.8,7.6,23.8,2.38,22.28,0,30.5,20.4,25.2,22.2,21.8,22,2,1.5,212,39,8.1,8.7,6.8,5.8,.54,-1.9
2016,82,23,27.2,12.1,19.8,35.2,14.9,24.7,1.81,22.84,0,29.3,21.1,24.8,22.4,22.1,22.3,3.1,2.7,301,29,8.7,6.9,6.8,6.2,.56,-1.3
2016,83,23,24.5,6.1,16,39.2,8.1,19.2,1.61,24.32,0,28.4,18.4,23,22.4,22,22.2,3.5,3,327,31,10.9,4.3,7.3,6.3,.31,-8.9
2016,84,23,28.1,4.5,17.3,36.2,7.3,19.5,1.81,24.19,0,29.1,17.6,23,22.1,21.7,21.9,1.8,.9,267,55,7.1,5.7,6.3,5.1,.35,-7.6
2016,85,23,30.9,6.3,18.9,42.8,6.1,20.7,2.01,24.12,0,29.6,18.4,23.7,22,21.7,21.8,1.7,.8,250,58,7.6,7.2,6.5,5.3,.4,-5.8
2016,86,23,30.9,8.5,19.5,49.6,6.6,19.3,2.08,24.24,0,30.3,19.2,24.3,22,21.8,21.9,2.1,.9,303,62,9.2,7.7,6.9,5.9,.39,-6.5
2016,87,23,29.9,4.7,18.3,44.3,6.4,18.9,1.99,24.66,0,30.1,18.2,23.8,22.2,21.9,22,1.5,.9,205,52,5.8,6.6,6.4,5,.35,-7.6
2016,88,23,27.5,12,20.6,51.1,17.3,30.1,1.77,17.86,0,26.7,20.4,23.7,22.2,22,22.1,5.1,4.4,208,30,12.8,7,6.9,7.1,.72,2.1
2016,89,23,20.6,8.7,14.9,53.9,14.5,31.8,1.21,22.36,0,26.4,19.3,22.7,22.2,21.9,22.1,3.3,2.6,240,38,9.4,2.9,5.9,5.2,.51,-2.5
2016,90,23,21.9,5.4,14.1,56.3,17.9,34.5,1.15,24.53,0,27.8,17,22,22,21.6,21.8,1.7,.5,209,68,8.4,3,5.4,4.3,.53,-2.1
2016,91,23,24.8,6.1,15.8,60.5,12.6,30.2,1.42,24.33,0,28.4,17.8,22.8,21.8,21.5,21.6,1.8,1.2,271,47,9.9,4.4,5.9,4.7,.48,-3.3
2016,92,23,28.5,6.9,17.5,50.6,14.2,28.2,1.62,24.88,0,29.3,18.2,23.4,21.8,21.5,21.7,1.9,.8,136,61,6.7,6.3,6.2,5.3,.53,-2.1
2016,93,23,29.5,7.5,19,54.8,10.1,26.8,1.9,25.21,0,30.6,18.9,24.4,21.9,21.6,21.8,1.4,.5,158,66,6.5,6.9,6.4,5.1,.51,-2.5
2016,94,23,31.2,7.7,20.1,52.6,9.1,25.4,2.13,25.51,0,31.6,19.4,25.1,22.2,21.9,22.1,1.5,.4,147,69,5.7,7.5,6.7,5.4,.5,-2.8
2016,95,23,33.6,7.9,21.3,53.1,6.5,24.4,2.37,25.57,0,32.4,20,25.8,22.5,22.1,22.4,1.3,.8,177,51,6.3,8.3,6.8,5.4,.5,-2.7
2016,96,23,35,9.8,22.3,47.5,7.6,23.6,2.43,22.59,0,31.7,21,26.1,22.8,22.5,22.7,1.6,.6,245,62,6.9,9,6.3,5.7,.56,-1.4
2016,97,23,36.1,13.1,25.3,40.7,5.7,18.8,2.98,24.08,0,33,21.9,27.1,23.1,22.8,23,2.1,.2,123,77,6.4,10.5,7.5,6.8,.52,-2.6
2016,98,23,33.1,18,24.5,79.1,8.3,26.2,2.42,10.14,.25,28.4,24,26.1,23.5,23.1,23.4,2.8,1.3,224,60,12.5,12.2,4.2,6.1,.74,1.8
2016,99,23,27.2,14.5,20,88.2,28.7,63.9,.95,17.45,.51,27.7,21.9,24.6,23.5,23.2,23.4,3.8,1.7,168,61,11.3,8.1,4.7,4.9,1.43,12.3
2016,100,23,28.2,11.1,19.7,89.7,18.7,53,1.3,23.21,0,30.5,20.3,25,23.3,22.9,23.1,2.3,1.7,188,44,9.2,7,5.9,5.2,1.1,8.2
2016,101,23,19.1,11.7,15.5,92.7,42.7,68,.59,9.58,4.32,25.2,19.6,22.3,23.2,22.9,23.1,3,2.1,177,45,10.9,2.8,1.9,2.7,1.19,9.3
2016,102,23,26.6,11,18,92.1,27.1,61.2,.97,25.64,0,28.9,17.4,22.5,23,22.2,22.5,1.9,.9,122,59,6.5,6.3,5.4,4.9,1.18,9.3
2016,103,23,29.4,11.6,20.5,79.4,22.9,49,1.46,26.05,0,31.5,19.3,25,22.5,22.2,22.4,1.9,.9,240,60,7.5,7.8,6.3,5.5,1.09,8.1
2016,104,23,30.7,11.1,21.6,75.6,17,42.1,1.79,26.24,0,33,20.5,26.3,22.9,22.4,22.7,1.5,.6,180,63,6,8.3,6.6,5.4,.97,6.5
2016,105,23,31.6,11.1,21.9,67.8,11.9,36.8,1.97,26.03,0,32.7,21.4,26.8,23.3,22.9,23.1,2.4,1.7,202,42,8.2,8.6,7.4,6.5,.86,4.6
2016,106,23,26.5,12.7,19.5,53,8.9,25.7,1.8,26.26,0,29,21.3,25,23.6,23.3,23.5,5.2,4.7,303,26,14.1,6.9,9.3,8.2,.53,-2.4
2016,107,23,27.8,9.6,18.9,45.8,9,24.1,1.83,27.29,0,30,19.3,24.3,23.5,23,23.3,3.5,3,307,29,10.7,6.4,8.1,7.2,.48,-3.3
2016,108,23,30.5,13.6,22.7,34.4,8.5,17.5,2.42,27.34,0,32.1,20.8,26,23.3,23,23.1,3.1,1.9,10,50,10.7,9.3,8.5,7.6,.46,-4
2016,109,23,30.9,10,20.9,49.7,6,24,2.17,27.75,0,32.3,20.9,26.4,23.5,23.2,23.4,2.3,1.6,296,43,9.4,8.1,7.9,6.7,.51,-2.7
2016,110,23,33.5,8.8,22.4,50.1,6.7,22.4,2.45,27.44,0,33.3,20.9,26.9,23.7,23.4,23.6,1.7,.8,284,61,8.5,8.5,7.5,6.3,.53,-2.2
2016,111,23,35,10.1,23.5,53.3,5.9,25,2.64,27.71,0,34.6,21.9,28,24,23.6,23.9,1.4,.7,199,56,6.7,9.1,7.5,6.1,.59,-.6
2016,112,23,37.8,10.8,23.8,55.1,6.3,24.6,2.7,26.56,0,34.9,22.6,28.4,24.4,24,24.2,1.4,.7,218,59,6.3,10,7.3,6.4,.61,-.3
2016,113,23,35,12.1,24.7,47.1,9.3,23.6,2.74,27.59,0,34.4,23.2,28.7,24.7,24.3,24.6,3.1,2.4,205,39,10.2,9.8,9,8.4,.65,.8
2016,114,23,29.4,14.1,22.2,56,8.6,26.8,2.12,27.51,0,33.1,24,28.3,25,24.7,24.9,3.4,2.6,267,41,11.4,9,8.5,7.6,.65,.4
2016,115,23,31.2,8.3,22,46.1,7.5,21,2.35,27.99,0,33.8,21.8,27.6,25,24.7,24.9,2.7,2,211,42,7.9,7.8,8.3,7.3,.5,-2.9
2016,116,23,25.7,14.4,20.7,45.6,7.6,24.7,1.91,27.98,0,31,23.8,27.2,25,24.8,24.9,5.3,4.7,242,27,13.1,7.3,9.6,8.3,.57,-1.6
2016,117,23,25.5,8.8,17.7,56.3,15,33.6,1.49,27.6,0,31.2,20.8,25.8,25,24.5,24.8,2.3,1.6,286,44,8.8,5.2,7,5.8,.63,.4
2016,118,23,28.3,8.5,19.9,58.7,13.6,31.9,1.8,27.44,0,32.4,20.9,26.4,24.7,24.3,24.5,2.8,2,192,43,9,6.4,7.6,6.5,.68,1.4
2016,119,23,25.2,11.4,17.8,55.5,17.3,37.2,1.37,23.87,0,30.6,21.9,26.1,24.6,24.4,24.5,2.2,1.4,258,48,7.9,5.7,5.8,5.3,.72,2.3
2016,120,23,28,10,19.5,64.7,18.6,39,1.56,27.53,0,31.7,21.1,26.2,24.5,24.2,24.4,2.5,1.4,276,54,10.1,6.7,7.2,6.2,.83,4.2
2016,121,23,27,12.2,18.4,72.7,26.6,47.7,1.19,20.01,0,29.5,21.9,25.3,24.5,24.2,24.4,2.9,.8,174,69,14.1,6.8,5.1,5.5,.98,6.6
2016,122,23,28.9,8.6,18.3,83.7,19.3,49.6,1.29,26.49,0,32,20.1,25.7,24.3,23.9,24.2,1.3,.4,122,68,6.8,6.9,5.8,5.1,.95,6.2
2016,123,23,32.8,10.2,21.9,70.6,14.7,37.7,1.95,28.3,0,34.4,21.7,27.8,24.3,24,24.2,1.3,.2,190,74,6.1,8.7,6.9,5.8,.89,5.3
2016,124,23,36.3,11.9,23.9,68,10.7,34.4,2.34,28.36,0,36.4,23.3,29.5,24.8,24.3,24.6,1,.3,134,67,6.1,10.1,7.1,5.9,.89,5.2
2016,125,23,37.3,11.5,25.2,64.6,8.7,30.2,2.74,28.76,0,36,24.1,29.8,25.3,24.8,25.1,2.5,1.7,177,46,11,10.1,8.9,8.2,.82,4
2016,126,23,33.1,13.4,24.4,53.7,11,26.8,2.45,28.07,0,34.2,24.7,29.2,25.7,25.3,25.5,4.6,4.2,194,24,14.3,9.9,10.1,9.3,.76,2.9
2016,127,23,26.1,12.9,18.4,80.5,23.1,52.4,1.11,23.23,0,32.5,23.7,27.4,25.8,25.5,25.7,3.2,2.3,197,43,11.5,6.7,5.9,5.7,1.06,7.7
2016,128,23,26.6,10.2,18.4,87.3,26.5,54.8,1.11,24.37,0,32.2,21.7,26.6,25.6,25.1,25.4,1.9,.3,172,75,9.1,6,5.4,5,1.09,8.2
2016,129,23,27.4,9.8,19.3,83.3,21.7,49.2,1.34,26.24,0,33,22.1,27.4,25.3,25,25.2,1.8,1.3,201,41,6.4,6.4,6.1,5.3,1.01,7
2016,130,23,29.2,11.1,21,70.3,18.2,41.1,1.7,28.74,0,35.2,22.4,28.5,25.4,25.1,25.2,1.5,.9,188,50,6.7,7.6,6.9,5.7,.95,6.1
2016,131,23,31.6,12.1,23.2,70.4,13.2,38.7,2.01,29.16,0,36.1,23.7,29.6,25.6,25.2,25.5,1.9,1.4,187,42,6.1,8.9,7.5,6.4,.99,6.7
2016,132,23,38.7,13.7,24.8,66.6,7.9,35.2,2.48,29.07,0,37.6,24.6,30.7,26,25.6,25.8,1.2,.3,185,72,5.6,11.2,7.3,6.6,.93,5.7
2016,133,23,40.9,12.9,26.8,66.4,9,33.2,2.99,29.39,0,39.3,25.3,32,26.5,26,26.3,.9,.3,310,143,3.6,11.1,7.6,6.4,.98,6.5
2016,134,23,38.7,14.3,27,59.2,7.4,32.5,2.92,29.32,0,39.5,26.3,32.7,27,26.5,26.8,1.4,.7,203,58,5.4,11.4,8.1,7,1.02,6.9
2016,135,23,36.5,18.9,27.6,59.7,13,33.9,2.72,27.04,0,38.5,28.1,33,27.5,27,27.3,2.5,2,198,36,9,13.2,8.3,7.8,1.16,9
2016,136,23,31.7,14.4,23.7,64.9,17.6,38.9,1.99,29.04,0,37.3,26.4,31.6,27.8,27.5,27.6,2.6,2,203,40,8.4,10,8,7.1,1.07,7.9
2016,137,23,31.7,14.9,23.5,68.6,17.6,42,1.86,28.9,0,37.8,25.9,31.5,27.8,27.5,27.7,2,1.7,197,34,6.5,10.3,7.4,6.6,1.15,9
2016,138,23,31.4,15,22.1,83.4,22.2,48.4,1.53,23.07,2.29,37.2,26.2,30.7,27.9,27.6,27.7,2.9,.4,257,75,14.6,10.2,6.3,6.5,1.23,9.9
2016,139,23,31.5,16.3,23.1,88.8,20.9,53.9,1.54,27.15,0,35.7,24.3,29.6,27.8,27.3,27.5,1.6,.2,68,75,8.2,10.9,6.3,5.9,1.41,11.9
2016,140,23,34.7,13.7,24.8,84.1,16.5,45.4,2.09,28.92,0,38.5,24.9,31.3,27.5,27.2,27.4,1.4,.7,187,56,5.4,10.5,7.3,6.3,1.27,10.5
2016,141,23,33.1,17.2,25.9,62.6,18.3,34.9,2.36,29.04,0,36.8,26.5,31.5,27.7,27.4,27.6,3.8,3.3,192,30,11.1,11.7,9.4,8.6,1.11,8.3
2016,142,23,29.1,13.4,22.4,74.1,16.7,39.3,1.79,29.17,0,36,25.7,30.6,27.9,27.6,27.7,2.9,2.3,208,37,8.7,8.5,8,6.9,1.01,7
2016,143,23,30.7,11.6,21.3,66.4,11.2,32.9,1.93,29.67,0,37.2,24.6,30.4,27.8,27.4,27.6,1.5,.6,217,63,6.2,8.5,7.3,6.2,.75,2.8
2016,144,23,30.5,10.5,21.3,62.7,11.9,34.8,1.91,29.8,0,36.9,24.2,30.3,27.8,27.4,27.6,1.8,1,202,55,6.1,8.1,7.5,6.4,.81,3.8
2016,145,23,29.2,12.5,21.4,58.2,11.2,34.1,1.86,29.7,0,35.8,25,30.1,27.7,27.4,27.5,2.8,2.3,205,34,8.1,8.1,8.2,7.1,.81,3.8
2016,146,23,29.4,9.4,21,65.9,12.4,33.8,1.89,29.41,0,35.5,23.6,29.3,27.6,27.2,27.4,2.7,1.8,237,47,8.5,7.2,8.1,7,.77,3
2016,147,23,32.4,11,21.4,70.2,12.6,37,1.85,29.36,0,36.9,24.1,30.1,27.5,27.1,27.3,1.7,.4,253,69,7.2,8.8,7.2,6.5,.86,4.7
2016,148,23,34,12.3,23.5,67.6,12.8,37.1,2.19,29.44,0,38.3,24.8,31.2,27.5,27.2,27.4,1.3,.6,160,62,5.4,9.7,7.3,6.3,.96,6.3
2016,149,23,34.4,13.2,25.1,62.4,12,33.2,2.48,29.51,0,39,25.9,32.2,27.8,27.4,27.6,1.5,.9,213,52,5.7,10.2,7.8,6.6,.95,6.2
2016,150,23,33.9,12,24,65.5,8.1,32.5,2.33,30.25,0,38.5,26.1,32.1,28.1,27.7,28,1.8,1,175,52,7.6,9.4,8.1,6.9,.87,4.8
2016,151,23,36.9,11,24.3,61.6,6.3,27.3,2.59,30.35,0,39.5,25.5,32.2,28.3,28,28.1,1.3,.6,125,58,4,9.7,7.7,6.7,.74,2.4
2016,152,23,39.8,13.8,26.7,63.5,7.5,31.2,2.86,29.69,0,40.3,26.7,33.2,28.5,28.1,28.3,1.2,.4,179,67,4.8,11.3,7.7,6.9,.96,6.1
2016,153,23,38.1,16.4,28.4,54.7,10.4,28.5,3.12,29.4,0,40.7,28,34.1,28.8,28.4,28.7,2.1,1.5,199,42,7.1,12.3,8.6,8,1,7
2016,154,23,41,16.6,29.9,57,8.8,29.3,3.41,29.73,0,42.2,28.5,35.1,29.2,28.8,29.1,1.2,.6,194,59,5.2,12.7,8.2,7.1,1.14,8.7
2016,155,23,44,17.8,30.8,66,6.8,30.6,3.74,29.62,0,42.9,29.5,36,29.7,29.2,29.5,1.5,.9,264,53,6.9,13.5,8.6,7.9,1.19,9.3
2016,156,23,46.2,21.5,32.8,51.7,5.2,22.1,4.39,30,0,43.8,30.3,36.7,30.2,29.7,30,1.9,1.3,310,47,6.5,15,9.2,9,1.05,7.3
2016,157,23,44.3,18.1,31.6,60.7,7.6,28.5,3.89,30.09,0,44.1,30.7,37.1,30.6,30.2,30.5,1.4,.6,231,60,5.3,13.7,8.6,7.8,1.23,9.6
2016,158,23,40.9,18.4,29.8,57.2,7.7,30.3,3.38,30.36,0,43.5,30.6,36.7,31,30.6,30.9,1.6,.7,217,61,5.8,13.5,8.7,7.8,1.17,9.1
2016,159,23,42.6,19.5,30.6,57,7.5,31.4,3.41,29.99,0,43.3,30.5,36.6,31.2,30.9,31.1,1.5,.9,184,50,4.8,14,8.3,7.8,1.27,10.4
2016,160,23,39.5,18.9,29.6,70.1,17.3,41.4,2.72,28.31,0,43.4,31.1,36.9,31.4,31.1,31.3,1.7,1.2,197,45,4.1,13.6,7.7,7.3,1.65,14.4
2016,161,23,37.7,20.2,29.5,71.8,20,40.2,2.67,28.58,0,42.7,31.4,36.8,31.6,31.3,31.5,2.3,1.9,202,34,7.2,13.9,8.2,7.8,1.61,14
2016,162,23,35.9,20.2,27.6,73.4,30.1,50.7,1.98,18.79,0,39.1,30.9,34.9,31.8,31.5,31.6,1.6,.8,202,58,7.5,13.6,5,5.4,1.84,16
2016,163,23,35.8,19.9,28.2,75.8,22.4,45.7,2.27,27.57,0,41.2,30.1,35.2,31.6,31.2,31.4,2.5,2,204,37,8.8,13.6,8,7.5,1.7,14.5
2016,164,23,35.5,15.2,26.4,68.8,14,38,2.43,29.49,0,40.9,28.8,34.7,31.5,31.1,31.3,1.8,1,201,52,7.2,11.4,8,7,1.22,9.8
2016,165,23,35.7,15.1,26.4,54.6,12,31.2,2.62,30.36,0,41.2,28.5,34.6,31.4,31,31.2,1.7,1.1,187,48,5.9,11.3,8.2,7.2,1.02,7.1
2016,166,23,37.2,16.2,26.9,58.3,10.7,32.7,2.74,30.15,0,42,28.8,35.1,31.4,31,31.2,1.4,.8,176,52,4.4,12.1,8,7,1.06,7.8
2016,167,23,36.8,16.1,26.6,47.8,19,28.9,2.69,30.21,0,39.8,28.7,33.8,31.6,31.2,31.4,2.2,1.5,212,69,7.4,12,8.7,8,.99,6.6
2016,168,23,35.3,17.9,27.2,52.5,11,27.5,2.8,31.69,0,40.7,25.6,32.8,31.7,31.1,31.4,1.6,1,190,52,6.4,12.5,8.7,7.3,.97,6.4
2016,169,23,38.7,15.4,28.5,65,7,24.3,3.3,31.84,0,42.2,25.9,33.6,31.5,31.1,31.3,1.4,.6,186,60,4.9,12,8.8,7.3,.89,5.1
2016,170,23,42.5,16.2,30.1,63.5,6.6,25.3,3.76,30.8,0,42.8,26.5,34.5,31.6,31.3,31.5,1.9,1.2,273,48,6.7,12.6,9.2,8.5,.96,6
2016,171,23,47.4,21.5,35.2,53.7,6.2,18.5,5.32,31.02,0,44.6,29,36.4,32.1,31.5,31.8,2.2,1.6,293,41,6.7,15.1,10.4,9.8,.94,5.7
2016,172,23,45.4,26.3,36,34.1,11.2,19.3,5.03,29.89,0,45.5,31.3,38,32.8,32.2,32.5,3,1.2,224,70,8.4,16.6,10.6,10.8,1.16,8.8
2016,173,23,40.1,26.7,33.4,42.8,13,27.2,3.85,29.45,0,44.9,32.8,38.4,33.4,32.8,33.1,2.2,1.9,198,32,6.9,16.6,9.1,8.6,1.39,11.7
2016,174,23,40.3,23.1,32.6,50.2,13.5,27.9,3.73,29.46,0,44.7,31.1,37.5,33.7,33.3,33.5,2.2,1.7,194,38,6.3,15.2,9.1,8.4,1.37,11.4
2016,175,23,40.8,22.6,32.8,58.2,14.2,28.3,3.8,30.07,0,44.7,31.4,37.6,33.8,33.5,33.6,2.2,1.6,196,40,8,15.2,9.4,8.6,1.37,11.5
2016,176,23,39.8,24.1,32,49.9,12.3,30.3,3.54,30.34,0,44.4,30.6,37.1,33.9,33.5,33.7,2.1,1.6,192,39,7.4,15.6,9.2,8.5,1.39,11.9
2016,177,23,40.8,22,32.2,53.3,11.4,26.4,3.76,30.51,0,45.1,30.2,37.3,33.9,33.5,33.7,1.4,.7,203,58,5.8,14.9,8.6,7.6,1.25,10
2016,178,23,40.1,24.9,32.6,51.4,14.9,30.8,3.56,24.49,0,43.8,31.4,37.3,34,33.7,33.8,2.1,1.8,188,31,8.1,16,7.6,7.6,1.49,12.8
2016,179,23,41.8,26,34.2,59.8,14.7,31.6,3.86,22.09,0,45.1,33.3,38.1,34,33.8,33.9,1.6,.1,239,79,13.6,16.4,6.8,6.9,1.64,14.4
2016,180,23,43.8,23.2,34.7,65.6,11.8,31.3,4.21,27.96,0,47.1,32,39.1,34.3,34,34.1,1.7,.7,246,63,4.8,15.5,8.5,8,1.58,13.6
2016,181,23,40.9,28.5,33.9,57.2,19.3,34.8,3.56,25.24,0,46,34.8,39.5,34.7,34.3,34.5,2.1,1.2,175,52,7.4,17,7.7,7.9,1.8,15.7
2016,182,23,36.9,26.8,30.9,68.4,24,47.1,2.45,22.7,0,43.1,33.9,37.7,35,34.6,34.8,2.9,2.6,108,26,9.9,16.4,6.9,7.5,2.06,17.9
2016,183,23,38.1,25.4,31.4,68.1,23.9,46.7,2.62,27.02,0,45.5,32.3,38.1,34.8,34.4,34.6,2,.6,155,68,12,16,7.6,7.4,2.07,18
2016,184,23,40.1,22.2,31.6,81.9,16,44.8,2.9,29.58,0,45.8,32,38.3,34.8,34.4,34.6,1.9,1.1,137,52,7.2,15,8.2,7.9,1.92,16.7
2016,185,23,40.3,24.2,32.9,58.9,15.1,33,3.62,29.87,0,46.2,32.1,38.8,34.9,34.5,34.7,1.7,1.3,198,40,6.6,15.7,8.6,7.9,1.56,13.5
2016,186,23,41.3,24.1,33.2,61.8,12.6,29.9,3.88,30.36,0,46.4,32.2,39,35,34.7,34.9,1.7,1.3,199,41,6.2,15.7,9.1,8.1,1.41,12
2016,187,23,41.2,25.3,33.3,48.5,9.3,24.4,4.15,30.49,0,46,32.1,38.7,35.2,34.8,35,2.6,2.3,194,27,6.9,16.1,9.9,9.5,1.16,9.1
2016,188,23,39.7,25,31.9,66.4,17.1,32.7,3.37,29.67,0,45.2,32,38.2,35.2,34.8,35,2.7,2.3,202,30,8.4,15.9,9.4,9,1.51,12.8
2016,189,23,40.3,21.6,31.2,64.1,12.9,33.7,3.31,30.05,0,45.7,30.8,37.8,35.2,34.7,34.9,2.1,1.5,185,44,7.3,14.8,8.9,8.3,1.45,12.2
2016,190,23,41.2,20.8,32.1,50.5,11.6,25.2,3.94,30.37,0,45.5,30.3,37.7,35.1,34.6,34.8,1.8,1.1,193,49,7,14.4,9.2,8.1,1.12,8.5
2016,191,23,42.6,23.7,33.7,43.9,10.6,20.9,4.48,30.13,0,45.8,31.1,38.2,35,34.6,34.8,2.2,1.6,193,42,7.7,15.6,9.9,9,1.02,7
2016,192,23,43.3,24.2,33.9,44,6.8,19.5,4.65,30.57,0,45.8,31.6,38.4,35.1,34.7,34.9,2.2,1.6,202,43,7.6,15.8,10.1,9.2,.91,5.2
2016,193,23,41,22.4,32.4,37,3.5,14.4,4.47,31.3,0,44.6,30.9,37.4,35.2,34.8,35,2.5,1.9,193,40,10.9,15.1,10.6,9.4,.62,-.5
2016,194,23,41.5,21.4,32.4,41,9.3,19,4.27,30.67,0,44.9,29.9,37,35,34.5,34.8,2.5,1.9,183,40,8.3,14.8,10.2,9.3,.87,4.7
2016,195,23,41.8,21.2,33,52.8,12.8,26.8,4.04,30.08,0,45.8,30.6,37.9,34.9,34.5,34.7,1.7,.9,182,57,6.3,14.7,9.1,8,1.25,10.1
2016,196,23,43.7,24.2,34.4,42.8,9.2,22.4,4.6,30.04,0,46.7,31.8,38.9,35,34.7,34.8,1.7,1.1,188,49,7.6,15.9,9.2,8.2,1.12,8.4
2016,197,23,43.7,24.7,34.7,43.7,10.8,22.8,4.62,29.44,0,46.5,32.7,39.2,35.3,34.9,35.1,2.9,2.5,204,30,7.8,16,10.2,10.1,1.17,9.2
2016,198,23,42.6,26.6,34.4,53.7,13.7,27.4,4.19,28.7,0,46.6,33.3,39.5,35.5,35.2,35.4,2.5,2.1,198,33,8.4,16.5,9.4,9.3,1.41,11.9
2016,199,23,40.4,25.9,33.7,45.1,13.9,25.3,4.05,18.46,0,41.8,33.4,37.7,35.7,35.4,35.5,2.8,2,193,44,9.7,16.2,7.1,8,1.29,10.6
2016,200,23,41,26.5,33.9,51.2,15,30,3.9,23.76,0,44.9,33,38.2,35.5,35,35.3,2,1.1,172,53,7.8,16.5,7.5,7.5,1.51,13.1
2016,201,23,41.8,28.7,35.1,54,15.5,28.9,4.23,27.77,0,47.2,33.9,39.9,35.5,35.2,35.3,1.8,1,141,54,6.4,17,8.6,8,1.56,13.5
2016,202,23,41.6,26.6,34,59.3,17,35,3.66,20.77,0,45.6,34.8,39.2,35.8,35.5,35.7,2.2,1,54,125,11.3,16.5,6.8,7.3,1.76,15.4
2016,203,23,44.6,24.4,35.7,63.1,12.5,29.4,4.66,27.66,0,47.5,33.2,40.2,35.9,35.6,35.8,1.1,.3,206,68,6.1,16,8.1,7,1.51,13
2016,204,23,45.3,28.3,37.5,47.8,11.6,23.3,5.25,27.04,0,48.3,35,41.3,36.3,35.8,36.1,1.9,1.2,147,47,7.7,17,8.9,8.4,1.4,11.8
2016,205,23,43.6,28.2,36.1,44.4,13.8,26.6,4.62,26.49,0,47.6,35.7,41,36.6,36.3,36.5,2.6,2,221,40,7.9,17,9.2,9.2,1.51,13
2016,206,23,42.1,27.3,34.7,49.6,15.4,31.9,3.97,26.85,0,46.5,34.9,40.2,36.8,36.5,36.6,3.6,3.2,209,28,9.2,16.7,9.5,10.2,1.68,14.7
2016,207,23,42.4,25.9,34.7,65,15.9,34,3.93,28.14,0,47.6,34.6,40.7,36.8,36.4,36.6,2.9,1.2,206,62,14.4,16.3,9.2,9.4,1.75,15.3
2016,208,23,43.9,27,36.2,51,15.3,28.8,4.57,26.48,0,48,35.1,41.2,36.9,36.6,36.8,2,.8,243,63,7.3,16.8,8.7,8.3,1.62,14.1
2016,209,23,45,28,37,49.1,13,26.4,4.95,27.98,0,48.4,35.6,41.6,37.1,36.8,37,2.8,1.5,199,54,8.2,17,9.8,9.8,1.54,13.3
2016,210,23,44.2,28.5,37.1,46.3,14.1,26.5,4.88,26.82,0,48.4,36,41.7,37.3,37,37.2,2.4,1.8,183,42,7.2,17,9.1,9,1.6,13.9
2016,211,23,44.6,26.7,35,63.7,11.8,35.5,4.03,22.57,0,46.5,36.1,40.5,37.5,37.1,37.3,4.1,2,193,58,20.8,16.6,8.5,10.6,1.83,15.9
2016,212,23,39.7,27.5,33.3,53.9,22.6,37,3.39,25.74,0,46.8,34.9,40,37.4,36.9,37.2,3.4,2.2,227,48,10.9,16.7,8.7,9.2,1.83,16.1
2016,213,23,39.5,26.2,32.6,79.5,23,44.2,3,26.83,1.27,46,34.2,39.6,37.2,36.8,37,3.7,2.8,212,40,13.5,16.4,9,9.2,2.05,17.8
2016,214,23,38.6,24.8,31.2,85.6,24.3,53.9,2.39,24.54,0,46,31.9,38.3,37,36.3,36.7,1.7,0,352,81,7.2,15.8,6.6,6.6,2.28,19.4
2016,215,23,39.3,24.1,31.5,91.9,23.9,51.6,2.46,27.75,6.86,45.1,32.9,38,36.6,36.2,36.4,2.7,1.2,156,60,12.1,15.6,8.1,8,2.26,19.3
2016,216,23,39.5,24.5,30.7,85,25.6,58.7,2.08,23.45,8.13,46.6,31,37.2,36.3,35.7,36,2.3,1.3,89,55,12.9,15.8,6.6,7,2.45,20.6
2016,217,23,39.5,25.6,31.5,89.1,22.8,57.6,2.28,25.85,0,44.2,28.9,35.4,36,35.2,35.6,1.7,.4,109,70,12.5,16.1,7,6.9,2.47,20.7
2016,218,23,39.2,26.4,31.9,78.6,24.2,51.6,2.45,25.33,0,45.8,30.2,36.8,35.5,35,35.2,2.4,2.3,87,20,7,16.4,7.3,7.5,2.35,20
2016,219,23,42,26.4,33.7,71.5,18.7,43.1,3.24,25.76,0,46.7,31.3,38.5,35.4,35.1,35.3,2,1.6,95,32,5.8,16.5,7.5,7.6,2.13,18.4
2016,220,23,42.8,25.4,34.6,59.3,12.7,28.4,4.26,27.77,0,47.6,31.5,38.9,35.8,35.4,35.6,1.9,1.1,175,54,7.8,16.2,8.8,8,1.46,12.3
2016,221,23,42.8,23.6,34,57.9,9.3,24.3,4.41,28.09,0,46.6,30.5,38.1,36,35.6,35.8,2.3,1.6,203,43,8.2,15.6,9.4,8.7,1.16,8.8
2016,222,23,38.4,27.7,32.7,67.6,28.3,46.4,2.79,22.5,0,42.9,32.4,37.3,36.1,35.7,35.9,3.9,3.4,174,29,10.6,16.7,7.8,8.5,2.22,19.1
2016,223,23,38.5,25.9,32.1,81.6,27.8,49.8,2.62,25.18,0,44.8,32.2,37.8,35.9,35.5,35.7,3.3,2.7,188,36,8.3,16.2,7.9,8.1,2.27,19.4
2016,224,23,37.9,25.8,31.8,76.6,29.9,50.6,2.49,23.13,0,45.3,32.1,37.8,35.8,35.5,35.7,1.8,1.2,187,46,7.1,16.2,6.3,6.4,2.3,19.7
2016,225,23,40.5,26.6,33.5,64.9,18.7,39.3,3.35,23.97,0,45.6,32.5,38.2,35.9,35.6,35.7,2.5,1.7,224,46,6.7,16.5,7.6,7.9,1.94,16.9
2016,226,23,43.3,26.8,34.7,58.9,13.6,31.2,4.12,24.1,0,46.6,32.2,38.5,36,35.6,35.8,1.4,.5,248,64,6.9,16.7,7.3,6.8,1.6,13.8
2016,227,23,41.8,26.6,34.4,45.8,15.1,28.8,4.07,27.11,0,47.3,32.3,39.1,36.1,35.8,36,1.9,1.2,92,47,6,16.5,8.3,7.7,1.51,13.1
2016,228,23,43.6,26.1,35.3,54.3,13.3,29,4.34,27.07,0,47.9,33.2,40,36.4,36,36.2,1.6,.3,108,72,6.1,16.4,8.3,7.5,1.57,13.6
2016,229,23,44.3,24.5,35.3,59,9.5,27.6,4.56,26.7,0,48.3,32.9,40.1,36.7,36.3,36.5,2.1,1,117,58,10.6,16,8.6,8.3,1.42,12.1
2016,230,23,42.5,27.7,35.9,54.9,13.6,24.3,4.65,25.2,.76,48,34.9,40.7,36.9,36.6,36.8,3.2,.8,79,70,14.4,16.8,9.2,9.6,1.38,11.7
2016,231,23,39.8,23.9,32.2,81.7,16.5,37.9,3.27,24.38,8.13,43.1,28.4,35.4,37.1,36.1,36.7,2.4,1.1,6,60,18.2,15.5,7.6,7.6,1.7,14.7
2016,232,23,38.9,21.6,30.6,83.3,15,43.5,2.84,26.53,.76,43.8,26.2,34.1,36.2,35.2,35.7,2.9,1,250,66,10.6,14.6,8.1,8.1,1.73,15
2016,233,23,37.9,23.1,29.7,75,24.9,45.6,2.48,19.32,0,42.6,28.8,34.3,35.4,34.8,35.1,2.4,.5,256,73,11.9,15.1,5.7,6.5,1.8,15.8
2016,234,23,36.6,22,29.1,83.9,19.9,48.2,2.36,23.79,0,42.8,27.8,34.3,35,34.3,34.7,1.7,.8,305,60,6.7,14.5,6.5,6.1,1.79,15.5
2016,235,23,36.6,22.5,29.1,72.3,27.1,47.5,2.25,18.9,.25,40.9,28.9,34,34.7,34.3,34.5,2,.9,73,61,11.7,14.7,5.4,5.8,1.86,16.3
2016,236,23,36.8,20.6,28.4,87.7,23.2,53.5,2.09,24.77,3.05,41.5,25.8,32.8,34.5,33.6,34.1,1.9,.8,37,63,9.6,14,6.4,6.4,1.92,16.7
2016,237,23,39.5,21.3,30.4,84.4,15.8,45.4,2.8,25.17,0,43.8,27.3,34.8,33.9,33.5,33.7,1.5,.4,173,70,8.3,14.6,7.1,6.4,1.74,14.9
2016,238,23,39,22.4,30.9,73.1,15.6,36.8,3.15,24.28,0,43.3,28.9,35.4,34,33.7,33.9,1.9,1.3,194,46,7.5,14.9,7.5,6.9,1.49,12.7
2016,239,23,999,999,999,999,999,999,999,999,999,999,999,999,999,999,999,999,999,999,999,999,999,999,999,999,999
2016,240,23,999,999,999,999,999,999,999,999,999,999,999,999,999,999,999,999,999,999,999,999,999,999,999,999,999
2016,241,23,38,17.9,29.6,70.1,14.1,29.5,3.26,25.48,0,43.5,27.5,34.9,34.1,33.7,33.9,1.1,.1,337,76,8,12.9,7.1,5.7,1.1,8.2
2016,242,23,41.5,19.4,31,65.7,12,33.2,3.5,25.59,0,44.4,28.2,35.8,34.1,33.7,33.9,1.2,.5,52,134,8.9,13.9,7.3,6.1,1.28,10.5
2016,243,23,42.5,21.9,32.6,56.7,13,28.8,3.86,24.68,0,44.7,29.3,36.4,34.3,34,34.1,1.7,1.2,147,92,10.9,14.9,7.7,7,1.31,10.9
2016,244,23,40.9,25.9,33.1,47.7,15.5,31,3.67,24.56,0,44.9,31.4,37.3,34.6,34.2,34.4,2.4,1.9,102,34,8,16.2,8,7.8,1.53,13.3
2016,245,23,38.4,24.5,31.5,71,25.2,44.1,2.74,21.47,0,44,31.5,36.8,34.8,34.5,34.7,1.8,.6,224,66,7.8,15.7,6.4,6.1,1.97,17.2
2016,246,23,39.9,26.3,32.8,63.8,15.6,37.9,3.33,24.48,0,45.3,31.6,37.7,35,34.6,34.8,1.8,.7,161,63,7.4,16.3,7.3,6.8,1.78,15.5
2016,247,23,38.8,21.9,31.7,60.3,10.9,26.1,3.69,25.02,0,43.9,30.7,36.8,35.2,34.8,35,2.3,1.9,181,35,7.6,14.7,8.3,7.4,1.13,8.4
2016,248,23,35.8,18.1,28,46.7,10.2,22.7,3.1,25.37,0,42.5,28.1,34.6,35.1,34.4,34.8,2.2,1.5,169,46,6.9,12.7,7.9,6.9,.83,4.1
2016,249,23,36.8,14.7,26.9,67.2,9.5,28.9,2.92,25.2,0,42,26,33.5,34.6,33.8,34.2,1.4,.9,178,51,7.8,11.3,7.2,5.9,.9,5.4
2016,250,23,37.7,17,28.6,68.8,14,37.2,2.71,23.85,0,42.2,26.6,33.9,34.1,33.4,33.8,2.1,1.4,177,49,6.9,12.5,7.1,6.6,1.39,11.4
2016,251,23,32.3,24,26.9,87,38.7,68.2,1.19,10.08,0,35.5,30.6,32.6,33.8,33.4,33.6,1.9,1.1,182,53,6.9,14.8,2.3,3.5,2.39,20.3
2016,252,23,35.2,22.7,28.5,93.8,32.3,61.8,1.68,22.74,0,42.1,28.2,34.3,33.4,32.9,33.2,2.3,2,170,32,6.5,14.7,6,5.9,2.3,19.6
2016,253,23,999,999,999,999,999,999,999,999,999,999,999,999,999,999,999,999,999,999,999,999,999,999,999,999,999
2016,254,23,999,999,999,999,999,999,999,999,999,999,999,999,999,999,999,999,999,999,999,999,999,999,999,999,999
2016,255,23,999,999,999,999,999,999,999,999,999,999,999,999,999,999,999,999,999,999,999,999,999,999,999,999,999
2016,256,23,999,999,999,999,999,999,999,999,999,999,999,999,999,999,999,999,999,999,999,999,999,999,999,999,999
2016,257,23,999,999,999,999,999,999,999,999,999,999,999,999,999,999,999,999,999,999,999,999,999,999,999,999,999
2016,258,23,35.1,16.8,25.9,83.1,12.2,43.2,2.16,23.53,0,40.9,26,32.6,33.3,32.6,32.9,1.3,.3,202,72,6.3,12,6.2,5.2,1.33,10.6
2016,259,23,36.8,11.2,24.3,72.8,8.3,28.9,2.59,24.07,0,40.5,23.3,31.3,32.9,32.1,32.5,.8,.2,294,73,4.6,9.9,6.1,4.6,.74,2.5
2016,260,23,37.2,10.9,24.1,71.4,8.5,28.9,2.61,23.57,0,39.8,23,30.9,32.4,31.8,32.1,.9,.2,318,73,4,9.8,6.1,4.7,.73,2.3
2016,261,23,37.9,13,25.3,74.7,7.9,27.3,2.8,23.39,0,40.6,23.5,31.3,32.1,31.5,31.8,.9,.2,297,72,4.6,10.7,6.2,4.7,.77,3.1
2016,262,23,40.7,13.5,27,67.9,4.9,25.8,3.12,23.28,0,41.3,24,32,31.9,31.4,31.6,.8,.2,280,69,3.4,11.4,6.2,4.7,.83,3.9
2016,263,23,33.3,16.9,26.4,49.1,19.3,34.9,2.37,12.14,0,34.8,25.3,30.3,31.9,31.5,31.6,1.7,1.1,302,119,6.9,11.7,3.7,4.3,1.2,9.2
2016,264,23,29.3,22.7,25.4,84.8,40.3,62.3,1.24,8.07,0,30.9,27.6,29.1,31.5,31,31.3,2.4,2.4,320,12,7.6,13.2,2.2,3.4,2,17.4
2016,265,23,33.7,20.4,26.4,93.8,34.8,68.3,1.29,16.66,0,37.9,26.2,31,31.1,30.6,30.8,1.7,.6,17,65,7,13.4,4.1,4.2,2.24,19.3
2016,266,23,32.3,21.9,26.2,97.4,19.3,65,1.33,15.18,.25,35.3,27.4,30.5,31,30.8,30.9,3.2,2.2,353,47,8.4,13.9,4.3,4.9,2.13,18
2016,267,23,28.8,12.9,20.7,48.5,8.8,26.4,1.93,21.91,0,33.8,22.6,28,31,30.4,30.7,2.3,2.1,294,24,8.2,8.1,6.3,5.5,.61,-.2
2016,268,23,32.2,9,21.4,73.5,11.9,32.8,2.05,22.49,0,36,20,27.4,30.5,29.6,30,1.7,.8,305,58,7.3,8.2,6,5,.74,2.6
2016,269,23,35.1,19,28.3,49.4,10,18.7,3.25,22.29,0,38.3,25.5,30.6,29.9,29.6,29.8,3.2,2.7,37,32,11.4,13,7.9,7.5,.69,1.5
2016,270,23,31.3,17.4,25.9,55.3,16.2,35.1,2.24,12.27,0,33.3,26,29.1,30.2,29.9,30,3,2.6,98,27,9.4,11.4,4.7,5.3,1.16,9
2016,271,23,30.8,19.2,24.6,64.2,26,41,1.89,18.64,0,34.6,25,29,30,29.6,29.8,2.9,2.7,88,21,10.2,12.1,5.7,5.6,1.25,10.2
2016,272,23,35.7,15.8,25.8,74.3,22.3,45,2.08,20.93,0,37.8,23.5,30.1,29.8,29.4,29.7,1.7,1.1,103,48,7.7,11.6,5.8,5.2,1.42,12.2
2016,273,23,35,20.8,27.5,72.2,24.7,47.2,2.07,15.05,0,37.2,27.2,30.9,30,29.7,29.9,1.7,1.3,96,40,6.9,13.8,4.2,4.4,1.67,14.6
2016,274,23,36.2,16.8,25.9,82.5,21,48.3,1.97,16.88,0,38.3,25,30.4,30.2,29.8,30,1.4,.4,51,69,8.4,12.2,4.6,4.4,1.52,13.2
2016,275,23,35.3,16.8,26.3,82.1,16.8,45.8,2.12,20.64,0,39.3,25,31.3,30.2,29.9,30,1.2,.6,200,57,6.1,12,5.4,4.5,1.46,12.5
2016,276,23,32.2,20,26,82.2,33.8,58.2,1.53,19.37,0,37.4,26,31,30.4,30.1,30.2,2.8,2.1,127,42,8.8,12.9,5.5,5.2,1.9,16.6
2016,277,23,27.1,11.3,19.7,96.8,10,44.7,1.48,21.24,0,32.5,22.3,27.2,30.4,29.8,30.1,2.6,2.2,288,34,9.5,6.6,6,4.9,.92,4.2
2016,278,23,30,7.7,19.8,81.1,12.3,31.2,1.83,20.77,0,34.9,19.3,26.2,29.8,28.8,29.3,1.2,.4,139,64,4.6,7.1,5.1,3.9,.64,.6
2016,279,23,30.3,9.3,20.8,75.8,16,40.9,1.66,19.97,0,35.1,20.3,26.9,29,28.4,28.7,1.5,.7,192,61,6.7,7.7,5,4.1,.95,5.9
2016,280,23,31.5,8.2,20.7,81.3,10.8,34.7,1.92,20.45,0,35,19.7,26.7,28.7,28.1,28.4,1.3,.5,270,64,4.9,7.7,5.2,4.1,.74,2.5
2016,281,23,34.4,9.1,21.9,67.7,11.6,28.5,2.19,19.69,0,35.5,19.7,26.8,28.4,27.9,28.2,1.2,.4,13,68,4.9,8.9,5.1,4.2,.71,1.7
2016,282,23,36.5,15.1,25.8,66.5,18.6,33.6,2.38,17.14,0,36.2,22.6,28.3,28.2,27.9,28.1,1.5,.8,67,56,6.8,11.5,4.9,4.6,1.12,8.2
2016,283,23,36.7,15.2,25.8,76.9,17.1,42.4,2.2,18.87,0,37.4,23.1,29.5,28.5,28.1,28.3,1.1,.5,87,58,5.7,11.6,5,4.1,1.33,11
2016,284,23,33.7,14.6,24.5,75.7,14.3,39.7,2.14,18.83,0,36.9,23.2,29.3,28.7,28.4,28.6,1.2,.5,171,61,5.8,10.7,5,4,1.12,8.5
2016,285,23,34.2,12.7,24.2,81.5,10,34.8,2.29,19.22,0,36.7,22.3,28.7,28.9,28.4,28.7,1,.4,199,65,5,10,5.1,3.8,.95,5.9
2016,286,23,34.8,11.3,23.2,78.2,11.2,35.2,2.21,17.96,0,35.7,21.6,28,28.8,28.3,28.6,.8,.1,202,76,3.4,9.5,4.4,3.3,.88,4.9
2016,287,23,34.3,10,22.4,83.3,11.9,34.7,2.12,18.88,0,35.8,20.8,27.5,28.6,28.1,28.4,1,.3,189,65,3.8,9.1,4.8,3.7,.84,4.3
2016,288,23,36.4,10.7,22.7,74.9,8.9,33.5,2.25,18.76,0,35.8,20.5,27.4,28.4,27.9,28.1,.8,.1,136,75,4,9.6,4.6,3.4,.8,3.7
2016,289,23,33.6,11,22,76.9,13.1,36.9,2.02,18.57,0,35.2,20.6,27.1,28.2,27.7,28,1.4,.8,186,53,5.9,9.1,5,4.1,.88,5
2016,290,23,32.3,13.4,23.1,64.8,15.5,35.5,2.03,17.48,0,33.8,21.1,26.8,28,27.6,27.8,1.5,.9,173,54,6.3,9.7,4.8,4.1,.95,6.2
2016,291,23,31.1,13.1,22.7,75.3,19.6,43.2,1.79,17.97,0,34.1,21.1,26.9,27.8,27.4,27.6,2.1,1.6,165,41,7.6,9.2,5.1,4.4,1.11,8.5
2016,292,23,34,12.3,21.8,79.6,17,45.8,1.67,17.65,0,34.9,20.8,27,27.7,27.3,27.5,.9,.3,352,68,4.3,9.7,4.1,3.4,1.11,8.4
2016,293,23,33.5,10.6,21.5,67.7,13.5,34.2,1.99,17.89,0,34.4,19.7,26.2,27.6,27.1,27.4,1.4,.7,294,59,4.9,9.1,4.7,4.1,.8,3.6
2016,294,23,35.5,10.9,22.1,48.5,6.5,23.5,2.34,18.15,0,34.2,19.2,25.9,27.4,26.9,27.2,1.4,.8,354,51,4.1,9.7,5,4.3,.58,-1
2016,295,23,36.6,12.9,24,64.2,13.2,32.5,2.3,17.24,0,33.8,20.6,26.5,27.2,26.8,27,1.6,1,92,48,8.4,10.4,5,4.6,.93,5.5
2016,296,23,35.8,13.3,24.2,75.5,13.4,34.9,2.33,17.11,0,35.5,21.1,27.4,27.1,26.8,27,1,.4,155,64,4.1,10.4,4.5,3.5,.94,6
2016,297,23,34.6,11.7,23.5,74.7,15.4,40.2,2.06,16.36,0,34.7,20.9,27.2,27.3,26.9,27.1,.9,.2,181,69,4.7,9.5,4.1,3.1,1.09,7.9
2016,298,23,31.5,15.4,23.8,79.1,25.4,51.3,1.61,9.97,0,30.8,22.8,26.7,27.3,27.1,27.2,1,.1,300,76,8.4,10.5,2.3,2.6,1.45,12.4
2016,299,23,32.1,15.2,23,90.1,27.3,61.1,1.35,16.41,0,34.7,22.1,27.5,27.3,27,27.1,1.2,.6,296,56,4.5,10.6,3.7,3.3,1.59,13.8
2016,300,23,35.4,13.8,23.4,87.8,18.6,51.7,1.74,16.62,0,35.1,21.4,27.4,27.4,27,27.2,.8,.2,24,70,4.1,10.6,3.9,3.1,1.35,11.4
2016,301,23,34.3,14.1,24,80.5,18.2,44.6,1.96,13.67,0,33.1,21.9,27,27.4,27.1,27.2,.9,.1,92,76,4,10.6,3.4,3,1.23,10
2016,302,23,33.9,17.2,24.8,72.5,15.7,40.6,2.04,13.3,0,33.6,23.2,27.5,27.4,27.1,27.2,1.1,.6,164,56,4.8,12,3.6,3.2,1.2,9.4
2016,303,23,35.5,15.1,24.5,78.1,15.3,40.4,2.15,15.86,0,35.5,22.1,27.9,27.4,27.1,27.3,.8,.2,89,72,3,11.3,4,3,1.13,8.7
2016,304,23,32.6,14.4,23,78.4,20.1,46,1.77,12.33,0,31.8,22.2,26.5,27.5,27.1,27.3,1.2,.6,174,57,6.1,10.3,3.3,3.1,1.2,9.6
2016,305,23,29,13.1,20.4,82.8,31,53.9,1.26,14.09,0,31.6,20.9,25.4,27.3,26.8,27.1,1.7,1.1,210,46,6.5,8.3,3.5,3.3,1.24,10.1
2016,306,23,26.9,9.1,17.6,79.1,15.6,41.1,1.37,15.53,0,29.9,18.2,23.5,27,26.3,26.6,1.3,.4,195,67,5.5,5.9,3.7,2.9,.76,2.9
2016,307,23,28.7,8.7,18.2,65.4,15.4,37.1,1.5,15.8,0,30,17.1,22.8,26.4,25.6,26,1.6,1,310,50,5.4,6.8,4,3.5,.72,2.2
2016,308,23,30.2,10.5,19.7,90.4,21.4,50.9,1.35,12.74,1.27,29.3,18.2,22.7,25.8,25.3,25.5,2.4,1.4,76,51,13.2,7.8,3.7,4,1.09,7.7
2016,309,23,28.3,10.1,18.8,95.2,28.4,64.1,1,14.91,0,29.5,17,22.5,25.4,24.9,25.2,.9,.3,165,67,4.5,6.9,3,2.4,1.29,10.7
2016,310,23,29.5,10.5,19.1,88.2,26.3,58,1.14,15.02,0,30.4,17.6,23.2,25.1,24.6,24.9,.9,.1,72,78,4.1,7.6,3.1,2.5,1.2,9.6
2016,311,23,29.8,9.3,19.2,88.7,24.2,53.7,1.29,15.04,0,30.7,17.5,23.4,24.9,24.5,24.8,.8,.2,177,69,3.6,7.4,3.3,2.4,1.11,8.4
2016,312,23,32.2,9.4,19.6,82.8,17.2,47.9,1.46,14.95,0,31.1,17.5,23.5,24.8,24.5,24.7,.9,0,294,80,3.3,8.3,3.3,2.6,1.01,7
2016,313,23,31.4,11.1,21.3,74.1,16.3,36.8,1.89,15.05,0,30,17.9,23.3,24.8,24.5,24.6,2,1.6,88,38,9,8.5,4.7,4.1,.85,4.6
2016,314,23,28.4,13,21.4,58.4,14.4,29.4,1.92,15.16,0,28.8,18.9,23,24.8,24.5,24.6,2.8,2.5,93,27,10.5,7.9,5.2,4.6,.71,2
2016,315,23,27.3,7.9,18.5,65.9,15.6,35,1.55,14.93,0,28.3,16.7,21.8,24.6,24.1,24.4,1.9,1.5,93,38,7.3,5.9,4.2,3.4,.7,1.9
2016,316,23,28,9.6,18.6,73.3,22.8,42.8,1.39,14.73,0,28,16.9,21.6,24.3,23.8,24,1.9,1.3,90,43,7.2,6.6,4,3.3,.87,5
2016,317,23,28,7.8,17.9,71.9,19.8,42.2,1.4,14.2,0,27.4,16,21.1,24,23.5,23.8,2,1.6,83,38,7.6,6.1,3.9,3.5,.81,3.9
2016,318,23,29.2,7.6,17.6,70.9,16.4,39.5,1.48,14.26,0,28.1,15.5,21,23.7,23.2,23.5,1.4,.5,268,64,4.6,6.7,3.6,3.1,.73,2.4
2016,319,23,31.1,6.8,18.2,73.4,12.1,36.6,1.64,14.2,0,28.9,15.5,21.4,23.4,23,23.2,.9,.1,49,77,3.3,7.3,3.3,2.5,.67,1.2
2016,320,23,32.1,5.8,18.1,72.7,10.5,33.8,1.72,14.32,0,28.5,15.2,21.1,23.3,22.9,23.1,.9,.3,51,68,3.8,7.4,3.4,2.6,.61,-.1
2016,321,23,25.4,8.1,16.5,68.3,16.4,38.1,1.29,7.48,0,22.9,16.1,19.5,23.2,22.8,23,1,.3,98,68,3.3,5,1.6,2.1,.68,1.4
2016,322,23,22.1,6.8,14.9,47.5,8.3,21,1.4,14.52,0,24,15.2,18.9,22.8,22.3,22.6,3.4,2.9,309,33,9.7,3.3,4.7,4.5,.34,-8.4
2016,323,23,24.1,.5,12.1,56.2,7.4,21.8,1.3,14.31,0,24.3,10.9,16.9,22.4,21.6,22,1.2,.4,17,65,4.5,3.5,3.3,2.5,.27,-10.8
2016,324,23,27.1,3.4,15.1,53.8,11.6,23.6,1.49,12.21,0,23.2,11.8,17.2,21.6,21.1,21.4,1.7,1.1,75,47,7.6,5.1,3.6,3.3,.41,-6.4
2016,325,23,23,9.4,14.8,98.5,21.3,59.4,.75,3.55,9.91,19.2,15.2,16.8,21.2,21,21.1,1.8,1.1,94,49,8.6,4.1,.8,2.2,.98,5.5
2016,326,23,21.1,8,15.8,98.3,32.2,73.2,.54,11.93,.25,20.1,13.3,16.8,21,20.6,20.8,2.3,1.2,269,56,10.2,3.1,2.6,1.9,1.28,10.3
2016,327,23,21.4,4.4,12.6,97.4,39.6,74.6,.49,13.45,0,22.2,9.9,15.3,20.7,20,20.3,.9,.1,125,78,3.6,2.8,2.1,1.6,1.05,7.6
2016,328,23,23,4.4,13,98.1,29.2,67.3,.68,13.5,0,22.8,9.8,15.4,20.1,19.6,19.8,1,.4,297,63,4.7,3.4,2.4,1.8,.93,5.9
2016,329,23,26.5,6.4,15.4,79.1,9.8,35.9,1.32,13.69,0,23.3,10.8,15.7,19.8,19.3,19.5,1.9,1.2,330,49,5.9,5.2,3.4,3.3,.55,-1.8
2016,330,23,25.3,2.6,13.1,70,11.7,39.8,1.12,13.37,0,22.6,8.5,14.8,19.6,19,19.3,1.4,.7,16,56,6.3,4.2,3,2.5,.54,-2
2016,331,23,19.5,6.4,13.2,76.3,30.1,54.5,.76,5.33,0,17,11.1,14,19.2,18.8,19,1.6,.5,113,66,7.5,2.2,1.2,1.9,.81,3.8
2016,332,23,18.4,4.9,11,91.6,33,67.2,.5,11.8,3.56,19.5,9.8,13.7,18.8,18.3,18.6,3.4,2.2,252,49,15.3,1.6,2.6,2.5,.85,4.5
2016,333,23,14.4,2.3,8.6,93.7,51.8,78.4,.27,8.61,0,14.9,7.2,11.1,18.4,17.6,18.1,1.3,.7,93,57,4.8,.2,.9,1.1,.87,4.8
2016,334,23,15.7,.9,8,97.2,20.2,64.2,.49,13.44,0,16.8,6.7,10.9,17.6,16.9,17.3,2.6,2.2,314,29,9.2,.6,2.6,2.1,.63,.1
2016,335,23,17.1,-1.6,6.7,91.7,16.6,59.7,.54,13.16,0,17.7,4.6,10.3,17,16.2,16.6,.8,.1,312,75,3.3,.9,2,1.4,.52,-2.4
2016,336,23,16.3,-1,6.9,91.5,19,59.5,.52,10.79,0,16.3,5.7,10.1,16.4,15.8,16.1,.8,.1,257,76,3.9,.7,1.6,1.3,.54,-1.9
2016,337,23,17.6,2.4,8.7,85.3,22.2,55.9,.6,11.93,0,18,7.2,11.4,15.9,15.6,15.8,1.1,.2,328,74,6.7,1.2,2.1,1.6,.58,-.9
2016,338,23,20.7,3.6,10.7,74.8,14.4,37.1,.94,12.9,0,18.3,6.9,11.6,15.8,15.5,15.7,3.2,2.7,302,31,8.1,2.4,3.6,3.6,.43,-4.8
2016,339,23,21.2,1.1,10.3,69.8,10.2,35.6,.97,13.01,0,19,6.2,11.8,15.8,15.5,15.6,1.4,.9,302,51,5,2.4,2.8,2.3,.39,-6.1
2016,340,23,19.9,.1,8.8,80.6,15,49.3,.73,11.31,0,18.1,6.4,11.6,15.8,15.4,15.6,.8,.2,141,73,3.9,1.9,2,1.5,.5,-2.8
2016,341,23,19.3,.2,9.8,84.6,32,64.3,.51,10.82,0,18.4,7.4,12,15.6,15.3,15.5,1.1,.5,170,61,5.4,1.7,1.8,1.4,.79,3
2016,342,23,17.8,3.4,10.3,96.8,24.5,64.4,.53,11.76,0,18,8.7,12.8,15.7,15.4,15.6,1.7,.9,306,54,5.6,1.3,2.1,1.7,.78,3
2016,343,23,20.3,.5,9.6,72.8,23.7,48.2,.73,12.18,0,19.1,6.7,12.2,15.8,15.4,15.6,.9,.4,323,62,3,2.1,2.1,1.5,.55,-1.6
2016,344,23,20.6,1.8,10.7,83.3,30.9,57,.69,10.56,0,18.6,7.7,12.6,15.7,15.4,15.5,1,.1,85,77,4.2,2.3,1.8,1.5,.7,1.8
2016,345,23,22.9,1.1,11.8,88.9,26.9,57.3,.75,11.56,0,19.9,8,13.4,15.7,15.4,15.6,.8,.4,92,61,3.7,3,2,1.5,.75,2.8
2016,346,23,23.3,5.5,13.2,87.6,29.2,59.1,.77,11.38,0,21.2,10.4,14.9,15.9,15.6,15.8,.8,.1,156,74,3.2,3.7,2,1.5,.84,4.5
2016,347,23,23.5,4.2,13.8,89.7,31.6,59.7,.81,12.03,0,21.8,10.1,15.3,16.2,15.9,16.1,.8,.2,112,68,3.9,3.7,2.2,1.5,.89,5.2
2016,348,23,24.2,6.8,14.2,86.9,32.1,60.8,.77,10.59,0,21.8,11.6,16,16.6,16.2,16.5,.7,.1,122,74,3.9,4.3,1.9,1.5,.94,6
2016,349,23,23.9,4.3,13.6,90.1,31.9,63.5,.74,11.7,0,21.6,10.8,15.5,16.8,16.6,16.7,1.2,.9,96,44,5.2,3.8,2.3,1.9,.93,5.9
2016,350,23,22.2,3.3,13.2,90.8,32.6,66.5,.63,7.21,.51,18.2,10.2,14.4,16.9,16.6,16.8,.8,.2,91,68,3.8,3,1.1,1.3,.98,6.5
2016,351,23,24.4,13.4,18.2,90.4,34.1,62.6,.86,9.86,.51,21.5,14.3,17.2,17.1,16.7,16.8,4,2.1,196,56,13.9,6.1,3,3.3,1.27,10.4
2016,352,23,16.2,-.8,9.5,56.3,12.2,30.3,.87,12.45,0,18,9.7,14.4,17.4,17,17.2,4.4,4.1,291,19,13.2,.7,3.8,3.5,.35,-7.9
2016,353,23,16,-4,5.5,66.4,14.1,35.2,.69,12.48,0,16.1,4.9,10,17.2,16,16.6,2,1.6,309,36,7.2,.6,2.6,2.3,.29,-10
2016,354,23,21.7,-.5,8.5,45.9,13,27.5,.94,12.35,0,16.8,4.9,10.2,16.1,15.2,15.6,2.5,2.2,315,27,7.5,2.5,3.2,3.4,.28,-10.1
2016,355,23,21.9,5.4,12.2,33.7,15.9,25,1.16,10.32,0,18.2,8.4,12.6,15.3,15.1,15.2,2.3,2.1,315,20,5.9,3,2.9,3.2,.35,-7.6
2016,356,23,21,10.9,14.9,95.3,22,49,.89,4.52,1.02,17.4,12.7,14.6,15.7,15.2,15.4,1.5,.6,324,62,5.5,3.5,1,2,.83,3.6
2016,357,23,14.2,10.7,12.5,100,85.4,94.5,.08,3.67,11.68,14.8,13.2,13.9,16,15.7,15.9,2.4,1.6,235,47,8.1,.4,0,.7,1.37,11.6
2016,358,23,15.9,9.6,12.6,99.1,73.2,90,.16,5.58,0,16.4,12,13.8,16,15.9,15.9,1.1,.4,110,64,4.1,1,.2,.9,1.31,11
2016,359,23,14.2,4.4,9.9,94.5,64.2,86.9,.16,3.1,7.37,13.1,7.9,11.4,16,15.7,15.9,4,2.3,168,53,12,.2,.2,.9,1.08,7.8
2016,360,23,12.6,1.8,6.4,89.3,35.8,72.6,.3,12.22,0,14.2,5,8.9,15.7,14.5,15,1.5,.8,144,54,4.9,0,1.6,1.3,.68,1.5
2016,361,23,16,-.5,6.6,97.3,25.6,73.8,.36,11.84,0,13.5,4,8.4,14.5,13.7,14.1,1.3,.8,334,52,5.3,.6,1.6,1.4,.67,1.2
2016,362,23,17.6,1.5,8.1,90.4,42.4,73.4,.36,12.22,0,14.1,4.7,8.8,13.8,13.3,13.6,3.1,3,314,11,6.9,1.2,2.1,2.1,.78,3.3
2016,363,23,15.3,3.5,8.3,91.2,52.6,75.2,.3,8.07,0,12.2,6.1,8.7,13.5,13.1,13.3,2.8,2.6,316,21,5.5,.5,1.1,1.7,.82,4
2016,364,23,23.5,5.5,11.8,88.9,27.7,66.8,.59,11.67,0,17.2,7.3,11.1,13.3,13,13.2,2,1.8,317,26,4.9,3.8,2.2,2.5,.87,5
2016,365,23,20.7,6.3,13.2,98.8,40.5,72.2,.49,8.56,7.11,16.9,8.8,12.4,13.8,13.3,13.6,2.2,.6,74,68,7.6,2.7,1.6,1.9,1.08,7.8
2016,366,23,17.3,9.9,12.8,99.9,64.3,88.8,.19,9.08,.51,17,11.4,13.7,14.4,13.8,14.1,1,.4,164,63,4.3,1.7,1,1.1,1.3,10.8
