2016,1,24,17,-2.5,5.6,90.7,20.6,60.4,.48,12.27,0,11.1,7.9,9.4,12.6,12.3,12.5,1.2,.2,188,74,3.1,.9,1.9,1.6,.5,-2.8
2016,2,24,21.2,-1.5,8.1,89.5,25.7,59.9,.59,11.77,0,11.6,8,9.8,12.4,12.2,12.3,1.3,.2,10,75,5.5,2.3,2.1,2,.62,-.2
2016,3,24,19.8,.5,9.8,91.7,34.1,65.1,.54,9.67,0,12.1,9.1,10.6,12.4,12.2,12.3,1.4,.7,77,56,6.4,1.8,1.7,1.7,.77,3.1
2016,4,24,13,7.3,10.5,98.2,63.7,87.4,.15,2.26,.51,11.7,10.8,11.2,12.6,12.4,12.5,2.5,2.3,48,22,6.1,0,0,.6,1.13,8.5
2016,5,24,15.8,8.7,12.7,100,81.5,94.2,.1,3.7,0,13,11.4,12.1,12.9,12.6,12.8,1.2,.7,95,55,6.3,.9,0,.7,1.38,11.7
2016,6,24,18.1,5.8,12.7,97.3,39.4,75,.41,11.53,.25,13.3,11.2,12.5,13.2,12.9,13.1,2.4,1.9,223,37,8.4,1.6,2,1.7,1.09,8.1
2016,7,24,15,6,10.8,96.9,55.4,81.1,.26,7.35,1.27,12.8,11.6,12.3,13.3,13.2,13.3,2.9,2.4,249,34,9.9,.5,1.1,1.3,1.04,7.5
2016,8,24,15.9,1.5,8.4,98.3,37.5,76.4,.34,12.23,0,11.9,9.4,10.8,13.3,13,13.2,1.9,1.4,286,42,7.9,.6,2,1.5,.81,4
2016,9,24,18.4,.3,8.2,99.4,28,78.1,.34,12.26,0,12.2,8.7,10.4,13,12.6,12.9,.9,.7,71,38,3.7,1.4,1.6,1.4,.81,3.8
2016,10,24,18,4.8,10.7,94.5,36.8,75.5,.38,10.31,0,12.9,10.1,11.3,12.8,12.7,12.7,1.5,1,58,44,5.4,1.5,1.5,1.5,.94,6.1
2016,11,24,17.6,2.2,9.3,96.2,31.1,70.7,.44,12.41,0,13,9.9,11.5,12.9,12.8,12.9,1.1,.3,152,70,5.1,1.2,1.9,1.5,.79,3.5
2016,12,24,19.8,-1,8.7,96.6,18.1,63.1,.59,12.91,0,12.4,9,10.8,13,12.7,12.9,1.3,.5,331,63,4.8,1.8,2.2,1.9,.64,.6
2016,13,24,21,-1.9,8.2,93.6,19.1,66.5,.54,12.86,0,12.4,8.8,10.6,12.8,12.6,12.7,1.1,.4,75,67,3.8,2.2,2,1.8,.66,1
2016,14,24,19.4,-.5,9.2,96.9,28.8,67.5,.52,12.76,0,12.6,8.9,10.8,12.7,12.6,12.6,1,.1,248,76,4,1.7,2,1.6,.74,2.5
2016,15,24,21.3,1.8,11.3,95.2,31.7,64.3,.64,10.54,0,12.9,10,11.4,12.7,12.6,12.7,2.1,1,264,58,8.7,2.5,2.3,2.3,.8,3.8
2016,16,24,20,1,9.9,92.9,28.8,68.7,.5,10.92,0,12.9,9.8,11.4,12.9,12.7,12.8,1.5,.9,66,51,5.4,2,1.8,1.8,.8,3.6
2016,17,24,22.4,1.5,10.9,95.6,25.9,67.8,.59,12.99,0,13.8,10.1,11.9,12.9,12.8,12.9,.9,.4,80,58,4.2,2.9,2.1,1.7,.83,4.2
2016,18,24,20.2,2.9,10.4,92.4,36.9,73.3,.44,8.62,0,13.2,10.5,11.8,13.1,12.9,13,1.1,.7,76,47,5.4,2.2,1.2,1.5,.9,5.3
2016,19,24,21.4,1.6,11.4,98.2,31.7,72,.53,11.88,0,13.9,10.2,12,13.1,13,13.1,1.1,.7,82,48,3.9,2.6,2,1.7,.92,5.7
2016,20,24,23.5,3.7,12.9,95.3,32.7,67.5,.65,13.17,0,14.8,11,12.8,13.3,13,13.2,1.1,.3,112,68,3.7,3.6,2.3,1.9,.95,6.2
2016,21,24,22.6,3.1,12.2,94.7,16,59.6,.77,12.79,0,14.6,11.2,13,13.5,13.3,13.5,1.3,.8,72,50,5.4,3.2,2.5,2.1,.75,2.8
2016,22,24,22.6,.8,11.2,93.1,16.3,55.7,.8,12.31,0,14.2,10.7,12.5,13.7,13.5,13.6,1.2,.4,88,68,4.3,2.9,2.4,2.2,.66,1
2016,23,24,20.3,2.8,10.7,90.3,23.1,62.2,.6,9.56,0,13.7,10.9,12.4,13.7,13.5,13.6,.9,.2,90,70,2.5,2.2,1.4,1.6,.76,3
2016,24,24,22.5,5,12.9,86.6,15.3,47.9,.95,14.05,0,14.3,10.9,12.5,13.6,13.5,13.6,2.4,1.8,281,40,7.6,3.3,3.5,3.2,.63,.3
2016,25,24,22.5,1.4,11.4,89.4,15.3,50.2,.89,13.3,0,14.2,10.8,12.5,13.7,13.5,13.6,1.9,1.1,342,54,8.4,2.9,3.1,2.9,.58,-.8
2016,26,24,21.1,1.5,10.9,82,10.3,43.3,.94,14.53,0,14,10.6,12.4,13.7,13.5,13.6,1.8,.8,15,60,7.3,2.5,3.4,2.8,.48,-3.7
2016,27,24,22.4,.6,10.2,77.1,11,48.5,.85,14.02,0,14.1,10.3,12.2,13.7,13.4,13.6,1.3,.5,64,64,5.5,2.8,2.8,2.4,.52,-2.3
2016,28,24,23.5,1.1,10.6,84.5,16,52,.78,12.51,0,14.1,10.6,12.3,13.6,13.5,13.6,1.1,.2,230,73,2.9,3.4,2.3,2.3,.62,0
2016,29,24,24.5,.9,11.4,86.6,13.8,50.9,.89,14.74,0,14.5,10.6,12.5,13.6,13.5,13.5,1.4,1,63,43,4.6,3.7,2.9,2.7,.61,-.2
2016,30,24,25.9,3.9,14.1,78.8,17.5,47.7,1.06,14.28,0,15.4,11.4,13.3,13.7,13.5,13.6,2,.4,170,73,5.8,4.7,3.3,3.3,.71,1.9
2016,31,24,25,5.9,15,89.2,27.6,57.2,.88,13.91,0,16,12.3,14.1,14.1,13.7,13.9,4.1,2.5,241,50,14.5,4.5,3.8,4.2,.94,5.8
2016,32,24,17.2,4.4,11.9,58.8,20.8,36.2,.93,15.06,0,15.2,13,14.2,14.4,14.1,14.3,6.5,5.7,270,28,15.4,1.2,5.2,4.6,.49,-3.3
2016,33,24,16.2,.5,9.2,65.7,9.6,27.9,.92,15.75,0,14.5,11.3,13,14.4,14.1,14.3,2.7,2.2,288,35,7.2,.7,3.8,3.2,.29,-10.3
2016,34,24,16,-2.2,6.9,70.6,11.6,37.4,.75,15.89,0,13.8,10.3,12.2,14.2,13.9,14.1,1.8,1.1,37,53,7.4,.6,3.3,2.5,.32,-8.5
2016,35,24,20.3,-2.1,8.8,77,12.2,37.3,.89,15.68,0,14,9.7,11.8,13.9,13.5,13.8,1.6,.6,293,64,5.7,2,3.3,2.8,.37,-7.1
2016,36,24,22.6,.1,10.7,78.5,11.9,41,.96,16.04,0,14.7,10.5,12.6,13.7,13.6,13.6,1.7,.6,60,65,7.8,2.9,3.6,3,.47,-3.8
2016,37,24,24.8,-.4,11.7,79.8,8.3,40,1.1,16.39,0,14.8,10.6,12.7,13.8,13.6,13.7,1.6,.6,19,64,7.4,3.8,3.9,3.3,.45,-4.4
2016,38,24,27.1,-.1,12.6,83.2,12.8,41.2,1.15,16.48,0,15.5,10.7,13,13.9,13.7,13.8,1.1,.2,76,75,3.6,4.7,3.4,2.9,.53,-2.1
2016,39,24,29.9,3.2,15.1,78.4,8,39.5,1.44,16.58,0,16.3,11.8,14,14.1,13.8,13.9,1.7,.8,34,59,7.6,6.3,4.3,3.9,.55,-1.6
2016,40,24,31.3,2.8,15.5,80.3,9.1,42.3,1.37,16.79,0,17.1,12.5,14.7,14.4,14.1,14.3,1.3,.1,108,78,4.6,6.7,3.8,3.5,.64,.6
2016,41,24,30.1,3.8,16.2,76.4,10.8,41.5,1.41,16.42,0,17.4,13,15.1,14.7,14.4,14.6,1.4,.1,82,77,5.2,6.5,3.8,3.5,.68,1.3
2016,42,24,30,4.5,16.1,84.5,12.4,44.8,1.34,17.15,0,17.9,13.4,15.6,15,14.7,14.9,1.1,.2,130,75,3,6.6,3.7,3.2,.72,2.2
2016,43,24,30.4,4.2,16,79.4,12.1,46.6,1.34,17.38,0,18.2,13.7,15.9,15.3,15,15.2,1.2,.1,169,79,3.4,6.6,3.8,3.3,.73,2.3
2016,44,24,29.2,4.3,15.6,81.1,11.8,46.1,1.28,17.44,0,18.2,13.8,16,15.6,15.3,15.5,1.5,.2,132,77,3.9,6.2,4,3.6,.71,2
2016,45,24,31.4,4.6,17.5,79.2,6.2,38.2,1.67,17.62,0,18.5,14.1,16.3,15.8,15.5,15.7,2.1,.9,348,61,8.7,7.2,4.9,4.8,.61,-.3
2016,46,24,30.6,5.4,18.7,77.8,11.7,38.8,1.67,17.49,0,19.4,15.1,17.2,16.1,15.7,15.9,1.4,.3,253,73,4,7,4.3,3.7,.73,2.3
2016,47,24,32,6.5,18.1,79.9,14.5,49.6,1.41,17.7,0,19.9,15.5,17.6,16.4,16,16.3,1.2,.3,115,69,4.1,7.5,4,3.5,.92,5.6
2016,48,24,32.5,6,17.9,82.4,13.2,46.9,1.43,17.83,0,19.9,15.7,17.8,16.7,16.4,16.6,1.9,.9,68,59,6.1,7.6,4.4,4.5,.85,4.6
2016,49,24,27.4,7.6,17.3,79,18.4,49.9,1.18,12.72,0,19.2,16.2,17.7,17,16.7,16.9,1.9,.2,337,78,7.2,5.9,3.1,3.5,.92,5.7
2016,50,24,28.4,10.6,17.2,83.6,14.9,54.1,1.11,12.27,0,19.4,16.5,17.8,17,16.9,17,1.2,.6,65,57,3.7,7.1,2.5,3,.98,6.6
2016,51,24,28.3,7.1,17.2,85.8,19.9,50.7,1.23,18.18,0,20,15.7,17.8,17.2,17,17.1,1.3,.5,228,65,3.4,6.2,4.1,3.4,.92,5.6
2016,52,24,30.5,4.8,17.8,86.7,9.5,42,1.55,18.6,0,20.2,16,18.1,17.3,17.1,17.2,2.2,1,287,60,9.4,6.8,5.1,4.8,.73,2
2016,53,24,29.9,6.8,19.6,75.7,8.7,28.6,1.9,18.57,0,20,16.4,18.2,17.5,17.2,17.4,3.3,2.5,310,42,11.6,6.9,6.6,6.1,.56,-1.6
2016,54,24,25.5,4.2,15.6,76.8,8.3,33.9,1.39,18.71,0,19.3,16.1,17.8,17.6,17.4,17.5,2.9,1.7,351,51,10.1,4.5,5.6,4.9,.51,-3
2016,55,24,26.1,3.1,14.1,78.7,9.3,42.8,1.17,19.13,0,19,14.9,17,17.5,17.2,17.4,1.7,.5,46,68,7.3,4.6,4.4,3.7,.62,0
2016,56,24,28.1,3.1,14.7,83.6,11.9,48.5,1.13,19.19,0,19.5,14.9,17.1,17.4,17.1,17.2,1.2,.3,182,71,3.4,5.4,4,3.4,.75,2.5
2016,57,24,30.1,3.8,15.6,82.7,12.3,50.9,1.18,19.55,0,20,15.3,17.5,17.3,17.2,17.2,1.2,.2,96,72,3,6.5,4.2,3.7,.83,4
2016,58,24,29.1,4.9,16.6,84.6,14,49.1,1.23,19.89,0,20.5,15.9,18.1,17.5,17.2,17.4,1.6,.3,124,72,3.1,6.3,4.5,3.9,.88,4.7
2016,59,24,30.5,5,17,81.1,9.9,51.8,1.2,19.14,0,20.8,16.2,18.4,17.7,17.4,17.6,1.4,.3,139,73,3.3,6.8,4.2,3.8,.96,5.9
2016,60,24,30.6,7.3,18,79.7,14.6,51.1,1.29,19.7,0,21.4,16.9,19,17.9,17.6,17.8,1.3,.3,146,70,2.8,7.4,4.4,3.9,1,6.7
2016,61,24,33,6.9,18.7,85.7,13,51.4,1.43,19.16,0,21.7,17.2,19.3,18.2,17.9,18.1,1.1,.7,84,50,3.8,7.9,4.2,3.8,1.01,7
2016,62,24,31.6,6.7,17.8,84.4,17,52.6,1.23,19.48,0,21.9,17.5,19.6,18.4,18.1,18.3,1.5,.4,168,71,4.8,7.5,4.5,4.2,1.02,7
2016,63,24,32.6,6.5,18,81.6,9.5,50.9,1.35,18.13,0,21.6,17.5,19.5,18.6,18.4,18.5,1.3,.7,92,54,3.8,7.7,4,4,.96,6.2
2016,64,24,29.7,5.2,18,81.7,14,48.8,1.34,19.75,0,21.8,17.5,19.6,18.7,18.5,18.6,1.6,.4,115,71,3.7,6.5,4.6,4.1,.95,5.9
2016,65,24,27.6,6.5,18,79.6,19.7,51.1,1.16,15.89,0,21.1,17.7,19.6,18.9,18.6,18.8,1.6,.7,230,62,5.2,5.8,3.6,3.5,1.03,7.1
2016,66,24,27.1,10.2,19.1,78.7,18.8,47.8,1.26,16.92,0,21.8,18.8,20.2,19,18.7,18.9,3.5,2.9,265,34,14.3,6.3,5.1,5,1.01,6.7
2016,67,24,19,7.2,12.5,78.8,30.9,59.2,.65,12.39,0,20.4,17.6,18.7,19.1,18.8,19,3.7,3.5,255,19,10.9,2.1,3,3.4,.84,4.4
2016,68,24,24.3,2.6,14.1,89.2,14.4,49.4,1.09,20.87,0,19.6,15.7,17.7,18.8,18.3,18.6,3,2.6,281,31,10.1,3.8,5.5,4.7,.68,1.2
2016,69,24,29,4.2,17.5,85.2,9.7,40.2,1.48,21.69,0,20.9,16.2,18.4,18.4,18.2,18.3,2.3,1.2,268,55,7.6,6,5.7,5,.71,1.9
2016,70,24,31.4,6.6,18.2,84.3,10.4,47.1,1.49,21.94,0,22,17.1,19.4,18.5,18.2,18.4,1.2,.3,80,71,3,7.4,4.9,4.2,.86,4.6
2016,71,24,27.7,7.2,17.4,80.6,16.5,48.2,1.25,16.52,0,21.2,17.8,19.6,18.8,18.5,18.7,3.1,1.4,253,60,18.6,6,4.4,4.9,.9,5.3
2016,72,24,23.6,7.2,15.2,78.8,18.5,49.5,1,21.91,0,21.2,17.7,19.5,18.9,18.7,18.9,3.1,2.8,263,27,18.1,4.1,5.4,4.7,.8,3.7
2016,73,24,26.8,4.9,15.4,85.5,17.8,54.3,1.05,21.91,0,21.6,17,19.2,19,18.7,18.9,1.3,.6,240,61,5.8,5.2,4.6,3.8,.87,4.8
2016,74,24,26.9,9,17.8,82.7,26.8,56.5,1.06,21.46,0,21.9,17.9,19.8,19,18.8,18.9,1.8,1.6,230,21,6.4,5.9,5,4.1,1.09,8.1
2016,75,24,30.7,7.5,18.8,90,12.2,53.1,1.36,22.32,0,22.9,18.1,20.4,19.2,19,19.1,.4,.2,120,56,3.3,7.3,4.6,3.3,1.03,7.3
2016,76,24,32,6.8,18.9,86.8,8.2,41.7,1.71,22.85,0,23.2,18.4,20.8,19.5,19.2,19.4,1,.6,217,48,4.2,7.6,5.4,4.2,.75,2.7
2016,77,24,31.8,5.8,18.8,79.8,7.1,39.8,1.7,23.12,0,23.3,18.5,20.9,19.7,19.5,19.6,1.4,.4,228,69,5,7.4,5.7,4.7,.75,2.5
2016,78,24,32.3,7.2,19.8,80.3,13.7,43,1.66,22.66,0,23.6,18.9,21.2,19.9,19.7,19.8,1.8,.5,227,68,4.6,7.9,5.8,5.2,.9,5.2
2016,79,24,32.7,7.7,20.8,83.5,13.1,42.3,1.75,22.71,0,24,19.3,21.6,20.1,19.9,20,1.3,.7,253,56,4.3,8.1,5.6,4.7,.94,5.9
2016,80,24,35.3,7.9,21.6,85.9,10,42.8,1.91,23.04,0,24.7,19.8,22.1,20.4,20.1,20.3,1.6,.2,282,74,3.9,8.7,5.8,5.4,.95,6
2016,81,24,33.4,8.2,21.2,76.7,9.2,39,1.9,23.09,0,24.5,20.2,22.4,20.6,20.4,20.6,1.8,1.3,245,43,6.2,8.3,6.2,5.5,.86,4.7
2016,82,24,26.2,10.9,19,70.7,18,41.2,1.4,23.18,0,23.4,20.5,22.1,20.9,20.6,20.8,3.7,3.5,259,21,11.1,6.1,6.8,5.9,.87,4.8
2016,83,24,25.7,7.4,18,70.2,7.1,23.9,1.73,24.48,0,22.9,19.4,21.2,20.9,20.6,20.8,3.1,2.4,335,38,8.8,5.1,7.2,6.1,.43,-5.2
2016,84,24,27.9,2.9,16.4,85.9,8.8,42.6,1.38,24.27,0,23.2,18.3,20.7,20.7,20.3,20.5,1.7,.4,188,71,5.3,5.3,5.6,4.7,.7,1.7
2016,85,24,29.9,5.2,17.8,76.5,13.7,44.3,1.4,24.04,0,23.6,18.7,21.1,20.5,20.3,20.4,2,1.2,218,52,6.3,6.6,5.9,5.3,.86,4.4
2016,86,24,31,7.9,18.9,82.7,9.4,42.1,1.58,24.18,0,24.2,19.2,21.6,20.6,20.4,20.5,1.4,.3,136,71,5.1,7.6,5.7,4.9,.82,4
2016,87,24,30.7,5,18,81.9,10.9,42.5,1.55,24.44,0,24.2,19.2,21.7,20.7,20.5,20.6,1.2,.2,313,74,3.9,6.9,5.6,4.7,.76,2.8
2016,88,24,26.5,9.7,18.9,76.6,27.4,46.5,1.28,21.06,0,23.6,20.1,22,20.9,20.6,20.8,2.8,1.6,231,52,8.8,5.9,5.5,5,1.01,6.8
2016,89,24,20.9,7.8,14.8,74.2,19,42.4,1.03,23.22,0,22.4,19.7,21.1,21,20.7,20.8,3.7,3.4,261,23,9.4,2.9,6,5,.68,1.5
2016,90,24,20.9,4.6,12.9,84.9,20.9,53.7,.82,24.68,0,22.3,18.2,20.3,20.8,20.4,20.6,2,1.8,232,27,7.5,2.6,5.2,4,.75,2.8
2016,91,24,25.6,5.5,15.9,83.6,10.6,42.3,1.34,24.51,0,22.1,18.1,20.1,20.5,20.1,20.3,2.9,2.2,284,39,10.5,4.7,6.6,5.6,.63,-.1
2016,92,24,28.9,7.5,18.1,86.8,13.8,45.6,1.4,24.23,0,23.6,18.6,20.9,20.3,20.1,20.2,1.4,.5,140,66,4.7,6.5,5.5,4.7,.85,4.7
2016,93,24,30.6,6.1,18.4,82.8,10.6,47.7,1.4,24.99,0,24.2,19.1,21.5,20.5,20.2,20.4,1.5,1,84,49,4.2,7.1,5.8,5.1,.93,5.7
2016,94,24,33.6,6.6,20,77.9,8,41.8,1.71,25.44,0,24.8,19.6,22.1,20.7,20.4,20.6,1.5,.3,85,71,4,8,6.2,5.5,.89,5
2016,95,24,34.6,6.6,20.9,81.6,7.9,42.8,1.87,24.94,0,25.4,20.1,22.7,21,20.7,20.9,1.4,.2,149,74,3.9,8.3,6,5.4,.94,5.8
2016,96,24,33,8.7,21,78.1,11.5,46,1.61,22.37,0,25.5,20.9,23.1,21.3,21,21.2,1.6,.4,191,70,3.3,8.3,5.5,5.1,1.1,8
2016,97,24,36.2,10,22.3,75.2,8.1,45.1,1.77,20.74,0,25.4,21.3,23.4,21.6,21.3,21.5,2.1,.5,89,71,6.1,9.3,5.4,6.1,1.15,8.9
2016,98,24,30.6,15.7,23.7,87.3,15.7,44.8,1.74,9.49,1.02,24.5,22.7,23.6,21.9,21.6,21.8,2.5,.9,222,64,15.6,10.3,3.2,4.5,1.26,9.8
2016,99,24,25.4,14.2,18.5,99.8,45.8,81.4,.44,10.34,13.97,23.4,21.2,22.2,21.9,21.7,21.8,1.6,.5,194,68,8.4,7,1.8,2.6,1.71,15
2016,100,24,26.4,12.8,19.3,100,27.2,66.5,.91,24.85,0,22.6,19.5,21,21.7,21.1,21.4,2.1,1.3,163,51,7.6,6.8,5.7,4.7,1.4,11.8
2016,101,24,21.5,11.7,15.9,94.5,46.9,78.3,.43,10.92,.76,21.1,19,20,21.2,20.7,21,1.9,.3,161,74,10,4,1.8,2.5,1.4,11.9
2016,102,24,25.7,11.6,18.8,97.7,31.3,67.4,.86,23.56,0,22.4,18.2,20.1,20.8,20.3,20.5,2,.9,39,60,5.4,6,4.8,4.4,1.38,11.8
2016,103,24,27.5,11.7,20.1,92.1,28.6,61.9,1.06,25.94,0,24,19.3,21.5,20.5,20.3,20.4,1.6,1.4,226,33,6.2,6.9,5.8,4.8,1.4,11.9
2016,104,24,31.5,11.3,21.4,89.2,17.3,54.3,1.47,26.47,0,25.2,20,22.5,20.9,20.5,20.7,1.3,.6,233,59,4,8.7,6.1,5.2,1.26,10.2
2016,105,24,30.6,12.1,21.6,81.4,12.5,46.3,1.58,26.12,0,25.3,21,23.1,21.3,20.8,21.1,2.6,1.8,245,44,8.1,8.6,7,6.2,1.12,8.5
2016,106,24,28.1,10.6,21,78.3,6.8,30.1,1.99,25.67,0,23.9,20.8,22.5,21.5,21.3,21.5,5.4,4.6,315,31,14.7,7,9.7,8.3,.61,-1.5
2016,107,24,28.5,10.7,21.2,63.9,8.2,21.5,2.12,27.58,0,24.1,20.4,22.2,21.5,21.3,21.5,3.8,3.3,330,30,12.7,7.2,8.9,7.7,.49,-3.2
2016,108,24,30.7,9.5,21.1,73.1,7.7,29.1,2.04,27.49,0,24.8,20,22.4,21.5,21.3,21.4,2.3,1.3,353,54,8.6,7.9,7.6,6.5,.65,.6
2016,109,24,33.2,8.8,21.4,74.9,6.6,35,2.05,27.78,0,25.8,20.5,23,21.6,21.4,21.5,2.2,.3,356,75,7.9,8.5,7.4,6.7,.76,2.6
2016,110,24,34.4,7.4,21.6,78.2,8.5,41.7,1.9,27.74,0,26.5,20.9,23.6,21.9,21.6,21.8,1.4,.4,171,70,4.1,8.4,6.8,5.9,.97,6.3
2016,111,24,36.7,8.5,23.3,75.2,6.5,35.7,2.37,28.09,0,27,21.6,24.2,22.2,21.9,22.1,1.5,.2,316,75,5.2,9.1,7.3,6.5,.87,4.7
2016,112,24,36.6,11.6,23.6,73.4,6.2,33.3,2.37,27.64,0,27.2,22.1,24.6,22.6,22.2,22.5,1.6,.5,237,67,5.2,9.9,7.4,6.6,.84,4.1
2016,113,24,34.8,11.8,23.6,76.5,11.3,37.1,2.26,27.83,0,27.1,22.5,24.8,22.8,22.5,22.8,2.7,1.3,189,59,8.7,9.7,8.3,7.6,.93,5.9
2016,114,24,31,12.6,22.5,67.8,7.6,31.9,2.13,27.87,0,26.7,22.7,24.8,23,22.8,23,2.4,1.9,273,36,9.8,8.9,7.9,6.8,.75,1.9
2016,115,24,32.6,8.2,21.8,78.6,8.3,34.2,2.1,28.26,0,26.9,21.9,24.4,23.1,22.9,23,2.1,1.6,218,41,8.4,8.1,7.7,6.7,.77,2.8
2016,116,24,25.9,13,20,73.6,12,33.5,1.68,28.11,0,25.4,22.8,24.2,23.2,23,23.1,5.7,5.3,256,21,13.7,6.7,9.6,8,.72,1.7
2016,117,24,27.1,7.4,17.5,73.6,13.4,43.5,1.35,27,0,25,21.2,23.2,23.1,22.7,22.9,2.9,2.5,249,30,8.4,5.8,7,6.1,.79,3.4
2016,118,24,29.1,8.5,19.9,85.4,17.4,47.3,1.5,27.38,0,25.6,21,23.3,22.8,22.5,22.7,2.6,1.4,222,55,8.4,6.8,7.1,6.1,.99,6.7
2016,119,24,24.7,9.9,17.7,74.7,22.7,45.7,1.21,25.71,0,24.6,21.5,23.2,22.7,22.5,22.6,4,3.7,260,22,9.7,5.1,6.9,6.1,.88,4.9
2016,120,24,28,10.2,19.6,80.7,19.9,49.3,1.38,27.33,0,25.1,20.9,23,22.6,22.4,22.5,2.9,2.7,240,24,7.6,6.8,7.1,6.2,1.03,7.4
2016,121,24,27.5,11.3,20,85.4,19.1,46.4,1.42,24.07,0,24.8,21.5,23.3,22.5,22.4,22.5,3.6,2.7,298,42,15.7,6.9,6.8,6.3,1.01,6.9
2016,122,24,28.6,9.5,20,85.1,21.8,49.6,1.37,28.19,0,26.2,21.3,23.7,22.6,22.4,22.5,1.3,.4,124,66,4.8,6.9,6.3,5.2,1.08,8.1
2016,123,24,32.1,11.4,22.2,86.3,15.1,47.7,1.71,28.29,0,27.3,22.1,24.6,22.8,22.5,22.7,1.5,.2,150,74,4.4,8.8,6.8,5.9,1.16,9
2016,124,24,34.8,11.9,24.2,83.2,11.8,44.2,2.04,28.92,0,28.4,22.9,25.5,23.2,22.8,23,1.5,.4,178,71,4.3,9.7,7.3,6.3,1.22,9.7
2016,125,24,36.9,11.8,23.5,79.4,10.6,42.4,2.09,29.32,0,28.7,23.6,26.1,23.6,23.2,23.5,2.2,1,144,59,8.4,10,7.9,7.6,1.09,8.1
2016,126,24,29.2,14,22,72.5,18.4,43.4,1.65,28.5,0,27.4,23.8,25.7,23.9,23.6,23.8,3.4,2.2,174,48,10,8.8,8.1,7,1.1,8.2
2016,127,24,26.7,11.4,17.4,95.7,25.1,64.1,.85,19.87,1.78,26.2,23.1,24.7,24,23.7,23.8,2.7,2.1,248,39,12.1,6.4,4.7,4.9,1.2,9.6
2016,128,24,26.3,9.1,18.2,99.2,26.4,65.1,.94,28.44,.25,26.6,21.5,23.9,23.8,23.2,23.5,1.5,.3,194,72,6.2,5.6,5.9,4.9,1.25,10.2
2016,129,24,28.4,11.1,19.6,85.5,20.6,55.3,1.2,28.99,0,27.2,22.5,24.8,23.5,23.3,23.4,2.2,2,237,29,6.9,7.2,6.7,5.9,1.18,9.4
2016,130,24,30.8,11.4,21.6,85.7,15.9,50.4,1.57,28.99,0,28,22.8,25.4,23.6,23.4,23.5,1.7,.9,230,55,5.8,8.4,6.9,6,1.18,9.2
2016,131,24,33.1,11,22.5,81.6,18.8,48.2,1.71,29.1,0,28.7,23.5,26,23.9,23.6,23.8,1.8,.2,222,76,6.4,9,7.2,6.4,1.22,9.7
2016,132,24,33.9,12.8,23.5,82.2,12,48,1.83,29.2,0,29.4,23.9,26.6,24.2,23.9,24.1,1.4,.3,190,72,3.5,9.8,7.1,6.2,1.3,10.4
2016,133,24,39.6,13.9,26.8,78.5,8.2,40.7,2.69,29.03,0,30.3,24.8,27.4,24.6,24.2,24.4,1.6,.5,246,65,4.5,11.4,7.7,7.2,1.2,9.4
2016,134,24,39.9,13.9,27.2,71.4,9.3,38.2,2.73,29.55,0,30.8,25.4,28.1,25,24.6,24.9,1.5,.3,253,72,4.8,11.4,7.8,7.1,1.22,9.4
2016,135,24,36.1,16.8,26.5,67.3,11.8,37.2,2.39,27.43,0,30.4,26.5,28.5,25.5,25,25.3,2.5,1.4,177,53,8.2,12.1,8,7.7,1.23,9.9
2016,136,24,33.3,14.2,23.5,83.6,16.7,47.2,1.8,29.4,0,30,25.7,27.9,25.7,25.5,25.6,2.6,1.6,238,49,7.6,10.4,7.8,7.2,1.26,10.4
2016,137,24,32.3,12.9,23,81.4,17.5,48.8,1.68,27.67,0,29.9,25.5,27.7,25.8,25.5,25.6,1.8,1.3,236,43,5.8,9.5,6.8,6.1,1.28,10.6
2016,138,24,32.3,14.2,23.7,82.4,22,48.1,1.79,27.97,0,30,25.5,27.7,25.8,25.6,25.7,2.7,.8,271,67,12.4,10.1,7.6,6.9,1.3,10.8
2016,139,24,33,14.9,24.5,89.4,18.5,49.6,1.88,24.52,0,30,25.7,27.9,25.8,25.6,25.7,1.7,.8,196,60,7,10.6,6.1,5.9,1.36,11.4
2016,140,24,36.6,15.8,27.1,79.8,13,38.9,2.61,29.4,0,31,26,28.4,25.9,25.7,25.9,2.4,.6,207,71,7.3,11.8,8.3,7.8,1.21,9.6
2016,141,24,35.6,15.9,26.9,79,12.4,34.6,2.66,29.79,0,30.4,26.7,28.6,26.2,25.9,26.1,3.9,3,187,39,10.6,11.7,10.1,9.3,1.08,7.8
2016,142,24,31,12.5,22.3,66.8,10.7,31.7,2.07,29.61,0,29.8,26,28,26.4,26.1,26.3,2.9,2.7,254,24,9.4,8.8,8.4,7.6,.76,2.9
2016,143,24,30.4,10.4,21.5,70,9.5,33.4,1.96,30.36,0,29.7,25.3,27.5,26.3,26,26.2,2.4,2.1,235,30,5.9,7.9,8,7,.75,2.5
2016,144,24,31.2,10.9,22.3,72.9,11.5,36.6,1.98,30.22,0,29.6,25.1,27.4,26.2,25.9,26,2.2,1.5,236,44,7,8.4,8,6.8,.87,4.8
2016,145,24,30,12.2,21.4,73.1,12.4,39.4,1.77,30.09,0,28.9,25.3,27.1,26.1,25.9,26,2.9,2.7,244,23,9.9,8.4,8.3,7.3,.9,5.2
2016,146,24,29.6,10.4,21.2,83.4,11.9,41.2,1.77,29.82,0,28.6,24.7,26.7,26,25.7,25.9,3.2,2.7,256,31,11.7,7.6,8.4,7.2,.9,5.3
2016,147,24,29.4,10.7,21.1,79.6,19.5,47.7,1.53,29.52,0,28.9,24.6,26.8,25.9,25.5,25.7,2.3,2,220,30,7.5,7.5,7.4,6.3,1.11,8.5
2016,148,24,34,14.6,24.7,71.6,12.2,38.8,2.21,29.62,0,30,25,27.4,25.8,25.6,25.7,1.5,1,229,49,5.4,10.7,7.6,6.6,1.1,8.3
2016,149,24,35,13.5,24.7,65.3,10.1,32.2,2.42,29.93,0,30.3,25.7,28,26,25.7,25.9,2.1,.7,188,66,8.4,10.5,8.3,7.5,.9,5.4
2016,150,24,35.1,12.8,23.6,65.4,10.2,32.3,2.27,30.56,0,30.2,25.7,27.9,26.2,26,26.1,2.3,.8,149,66,8.1,10.1,8.4,7.8,.85,4.6
2016,151,24,34.3,10.9,23.9,68.4,11.4,33.8,2.22,30.11,0,30.4,25.5,27.9,26.2,26,26.1,1.9,.6,197,67,5.6,9.3,8,7,.96,5.8
2016,152,24,35.5,13.6,26.2,75.5,12.7,34.7,2.51,29.42,0,30.7,26.2,28.4,26.3,26.1,26.2,2.2,1,226,60,6.4,10.6,8.2,7.4,1.1,8.2
2016,153,24,37.1,16.8,27.7,52.3,11.2,29.9,2.85,29.79,0,31,26.7,28.8,26.5,26.3,26.4,2.3,.7,221,67,6.9,12.4,8.8,8.1,1.07,7.7
2016,154,24,38.5,15.4,28.6,66.5,11.8,33,3,29.94,0,31.8,26.8,29.2,26.7,26.5,26.7,2.1,.8,222,63,6,11.8,8.7,7.9,1.23,9.7
2016,155,24,44.2,18.7,30.4,64,5.9,31.6,3.41,29.81,0,32.4,27.7,30,27.1,26.7,27,2.1,1.5,241,44,7,13.8,9,8.9,1.27,10.3
2016,156,24,46.4,19,31.9,61.6,4.4,27.5,4.05,30.2,0,32.7,28.2,30.4,27.5,27.1,27.3,2.9,2.5,251,30,8.5,14.1,10.4,10.9,1.14,8.4
2016,157,24,42.5,20.2,30.9,52.2,6.9,28.3,3.51,30.37,0,33,28.6,30.7,27.8,27.5,27.7,2.5,2.3,241,19,6.1,14.3,9.5,9.4,1.22,9.7
2016,158,24,41.1,16.8,29.9,62.7,6.2,27,3.41,30.01,0,33,28.6,30.8,28,27.8,28,2.2,1.8,244,35,5.8,12.8,9.2,8.8,1.06,7.8
2016,159,24,39.6,18.3,29.1,60.5,13.1,38.6,2.75,27.43,0,32.9,28.7,30.9,28.2,28,28.1,2.1,.6,192,67,5.4,13.3,7.8,7.7,1.5,12.8
2016,160,24,39.8,20,29.1,72,14.6,41.5,2.65,26.83,0,33,29,31,28.4,28.2,28.3,2,.8,225,62,5.9,14.1,7.5,7.6,1.56,13.6
2016,161,24,36.1,18.9,28.3,75.9,18.1,44.8,2.38,28.9,0,32.9,29,30.9,28.5,28.4,28.5,2.6,1.3,195,57,7.5,13.1,8.3,7.8,1.62,14.2
2016,162,24,35,21.5,27.9,72.4,24.4,50.3,1.99,14.75,.25,31.5,29.2,30.3,28.6,28.4,28.5,2.2,1.2,143,56,8.7,14.1,4.1,5.4,1.83,16
2016,163,24,34.2,19.9,27.2,73.8,22.7,44.2,2.17,28.62,0,31.8,28.2,29.9,28.5,28.2,28.3,3.2,2.4,167,39,9.7,13.3,8.5,8,1.54,13.3
2016,164,24,36.6,15.8,26.5,74.4,14.8,38,2.39,29.38,0,32.2,27.9,30,28.4,28.1,28.2,2.3,1.1,166,60,6.7,11.8,8.2,7.8,1.23,9.7
2016,165,24,36.6,15.8,26.5,60.9,13.6,35.2,2.51,29.57,0,32.4,27.9,30.1,28.4,28.1,28.2,1.8,.8,247,61,5.2,11.8,8,7.3,1.17,9.1
2016,166,24,38.3,15.8,27.1,53.5,8.7,28.3,2.87,30.03,0,32.8,28.1,30.4,28.4,28.2,28.3,1.5,.6,201,63,5.8,12,8.2,7.3,.95,6
2016,167,24,36.2,15.7,26.7,64.5,10.8,30.7,2.7,29.63,0,32.5,28.2,30.4,28.5,28.3,28.4,2.2,1.3,216,52,7.6,11.7,8.5,7.8,1.03,7.2
2016,168,24,38.6,14.3,27.9,63.6,8.8,27.8,3.09,29.94,0,32.9,28.2,30.5,28.5,28.3,28.4,1.8,1.3,241,44,6.1,11.5,8.4,7.7,.95,6.2
2016,169,24,41.2,18.1,29.3,71.6,8,27.1,3.39,30.2,0,33.4,28.6,31,28.6,28.4,28.5,1.7,.4,224,71,5.4,13.3,8.7,8,.99,6.7
2016,170,24,43.9,14.8,31.3,69.5,6.4,25,4.17,29.6,0,33.9,28.9,31.4,28.8,28.6,28.7,1.7,.6,195,64,5.2,12.2,8.9,8.3,.93,5.5
2016,171,24,48.8,19.9,36.3,65.8,5.5,21.9,5.85,29.62,0,34.8,29.9,32.3,29.1,28.7,29,2.5,1.3,256,55,10.9,14.6,10.6,10.7,.98,6.2
2016,172,24,44,24.5,35.7,38.8,11.3,20.6,4.95,28.01,0,34.7,31.2,33,29.6,29.1,29.4,3.1,2.4,217,38,9.4,15.9,10.5,10.5,1.15,8.8
2016,173,24,42.8,26.5,34.7,43.9,10.8,21.8,4.58,22.1,0,34.4,31.6,32.9,29.9,29.6,29.8,3,1.5,210,58,8.8,16.5,8.6,9.5,1.13,8.7
2016,174,24,44.4,23.5,34.4,45.9,10.3,23.3,4.6,28.34,0,35.1,30.8,32.9,30,29.9,29.9,2.2,1.1,236,59,7.6,15.6,9.4,9.1,1.17,9.1
2016,175,24,42.3,22.5,33.5,59.5,10.9,29.2,4.09,29.38,0,35.3,31.4,33.3,30.3,29.9,30.2,2.7,1.3,202,59,7.6,15.2,9.9,9.5,1.36,11.4
2016,176,24,41.8,21.6,32.2,68.9,12.8,33.4,3.67,29.25,0,35.2,31.2,33.2,30.5,30.3,30.4,2.5,.9,202,64,7.8,14.9,9.4,9.1,1.44,12.3
2016,177,24,42.4,20.4,32.7,60.3,12.1,29.6,3.88,27.99,0,35.6,31.2,33.3,30.6,30.4,30.5,2.1,.2,318,78,5.7,14.4,8.7,8.5,1.35,11.3
2016,178,24,40.8,24.1,33.1,52.2,14.2,29.8,3.79,23.15,0,35.1,31.8,33.5,30.8,30.5,30.7,2.2,1.5,219,46,8.1,15.6,7.7,7.8,1.46,12.4
2016,179,24,45.1,26,36.2,58.7,11.6,27,4.82,25.69,0,36.4,32.2,34.1,30.9,30.7,30.8,2,.6,225,67,11.4,16.4,8.6,8.5,1.46,12.4
2016,180,24,45.7,25.3,36.6,60.3,11.6,26.5,5,28.42,0,37,33,34.9,31.3,30.9,31.2,2.6,1.5,223,53,8.3,16.2,9.9,9.8,1.46,12.4
2016,181,24,41.1,29.4,35.1,58.4,20,34.8,3.82,21.07,0,36.4,33.6,34.9,31.6,31.3,31.5,3.1,2,215,49,10,17.2,7.7,8.7,1.92,16.8
2016,182,24,38.8,28,33.6,66.8,22.6,40.8,3.23,24.8,0,36.4,33.5,34.9,31.8,31.6,31.7,2.7,1.9,107,45,10.1,16.9,7.9,8.1,2.04,17.7
2016,183,24,41.3,25.5,33.7,70,24,40.6,3.37,27.34,0,36.9,33.2,35,31.9,31.8,31.9,2.6,1,187,64,9.6,16.2,8.8,8.6,2.03,17.6
2016,184,24,42.4,24.4,33.6,70,16.8,35.9,3.78,27.98,0,36.8,33.2,35,32.1,31.9,32,2.8,1.1,159,64,8.8,15.8,9.4,9.3,1.67,14.5
2016,185,24,42.5,24.1,33.9,63.8,14.8,32.2,4.01,29,0,36.9,33.1,35,32.2,32,32.1,2.4,1,183,61,7.9,15.8,9.5,9.1,1.55,13.4
2016,186,24,43.5,23,34.4,58.9,11.3,27.1,4.49,29.18,0,37.1,33,35,32.3,32.1,32.2,2.2,1.2,234,53,7.2,15.4,9.4,8.9,1.28,10.4
2016,187,24,44.8,23,34.7,54.5,7.8,22.8,4.78,29.43,0,37.1,33.1,35.2,32.4,32.2,32.3,2.3,.8,227,66,8.4,15.4,9.9,9.5,1.09,7.9
2016,188,24,40,25.2,33.3,56.5,12.6,30.5,3.8,28.85,0,36.3,33.5,34.9,32.5,32.3,32.4,5.1,4.2,172,34,12.9,16,11.3,11.7,1.48,12.3
2016,189,24,42.3,22.5,32.5,77.4,8.4,32.9,3.83,28.99,0,36.3,32.6,34.4,32.5,32.2,32.4,2.9,1.4,168,60,9.6,15.2,9.8,9.8,1.36,10.5
2016,190,24,43.6,20.9,33.1,53.9,7.9,24.3,4.39,30.08,0,36.2,32.3,34.3,32.4,32.1,32.3,2.8,1,197,65,8.8,14.6,10.4,10,1.05,7.2
2016,191,24,44.2,21.3,34.3,45,10.5,20.7,4.74,29.72,0,36.5,32.3,34.5,32.3,32.1,32.2,2.5,1.1,216,60,8.2,14.8,10.2,9.7,1.05,7.5
2016,192,24,44.8,22.3,35,51.2,7.1,18.6,5.04,30.41,0,36.2,32.8,34.6,32.4,32.2,32.3,3.6,3.2,236,26,10.6,15.2,11.9,11.7,.91,5.4
2016,193,24,42,23,33.7,31.9,3.3,14.3,4.83,31.04,0,36,32.6,34.4,32.4,32.2,32.3,3.2,2.8,242,28,7.9,15.3,11.4,10.8,.63,-.8
2016,194,24,42.8,21.2,32.6,54.7,9.1,26,4.11,30.17,0,36.3,32.2,34.2,32.4,32.2,32.3,2.5,.6,201,70,7.6,14.8,9.9,9.5,1.13,8.5
2016,195,24,43.1,20.9,33.2,56.5,10.9,28.7,4.09,29.24,0,36.5,32.4,34.4,32.4,32.2,32.3,2.7,.7,183,70,7.5,14.6,9.8,9.7,1.33,10.8
2016,196,24,44.6,22.3,34.8,63.1,10.5,29.4,4.47,28.8,0,36.9,32.6,34.7,32.4,32.2,32.3,2.4,.7,244,68,7.7,15.2,9.6,9.4,1.46,12.4
2016,197,24,45.9,26.2,35.5,51.2,9.7,26.4,4.7,28.57,0,37.4,33.4,35.4,32.6,32.3,32.5,2.8,1.2,212,61,9.8,16.4,10.1,10.3,1.39,11.6
2016,198,24,44.3,26,36,58,11.6,27,4.66,27.16,0,37.5,34.1,35.6,32.8,32.6,32.7,4.1,3,183,42,11.7,16.5,10.5,11.6,1.48,12.4
2016,199,24,41.8,26,34.3,64,15.7,30.6,4.05,22.14,0,36.6,33.9,35.3,33,32.8,32.9,2.8,1.7,183,52,10.6,16.3,8.3,8.6,1.55,13.4
2016,200,24,43.2,24.1,34.5,71.4,13,31,4.26,28.31,0,37.3,33.6,35.4,33,32.8,32.9,2.5,1.3,200,56,8,15.8,9.5,9.1,1.48,12.5
2016,201,24,43.6,26,35.5,54.9,12,25.1,4.69,28.43,0,37.8,33.9,35.8,33,32.8,33,2.1,.6,221,68,8,16.5,9.4,8.8,1.32,10.9
2016,202,24,44.4,26,36.4,63.2,14.2,28.5,4.71,28.01,0,38.3,34.3,36.2,33.2,33,33.2,1.8,.7,55,65,12.6,16.5,8.9,8.3,1.61,14.1
2016,203,24,46.5,27.5,37.9,59,11.6,26.4,5.31,27.34,0,38.9,35,36.9,33.5,33.2,33.4,1.8,.6,226,67,6.7,16.8,9.1,8.5,1.57,13.6
2016,204,24,47,29,38.3,50.7,11.1,24.9,5.46,26.93,0,38.8,35.3,37.1,33.8,33.5,33.7,2.5,1.5,223,49,8.1,17.2,9.8,9.6,1.53,13.2
2016,205,24,44.3,30,36.9,48.9,15.6,29,4.68,27.47,0,38.7,35.5,37.1,34,33.8,33.9,3.3,2.6,214,38,11.5,17.2,10.3,10.6,1.73,15.2
2016,206,24,42.9,28.2,35.2,58.4,14.8,35.3,3.94,25.72,0,38.2,35.2,36.7,34.1,33.9,34,4.2,3.1,198,42,13.4,16.9,9.8,10.8,1.9,16.5
2016,207,24,43.2,26.4,35.6,65.6,17.5,34.7,4.18,27.51,0,38.6,34.8,36.7,34.1,33.9,34,2.2,1.5,231,46,9,16.5,8.9,8.5,1.85,16.2
2016,208,24,44.4,29.6,37.1,49.9,17.3,30.4,4.66,27.37,0,38.9,35.6,37.2,34.2,34,34.1,3,2.6,230,30,8.5,17.2,9.9,10.1,1.82,16
2016,209,24,46.1,28.3,37.7,52.4,14.6,26.8,5.15,26.85,0,39.1,35.6,37.3,34.3,34.2,34.3,2.9,1.9,231,47,8.9,17.1,9.9,10.1,1.63,14.2
2016,210,24,44.6,29,37.4,47.7,16.2,28.4,4.86,27.07,0,39.2,35.8,37.5,34.5,34.3,34.4,3,2.2,217,42,9.9,17.1,10.1,10,1.75,15.3
2016,211,24,44.2,29.2,36.2,60.6,20,36.3,4.11,26.31,0,39.1,35.9,37.5,34.6,34.5,34.6,4,2.3,197,53,21,17.2,10,10.9,2.08,18.1
2016,212,24,40.1,27.6,32.9,65.5,24.4,44.1,2.98,20.58,0,38,35.4,36.8,34.7,34.5,34.6,4.4,2.3,223,56,16.9,16.8,7.8,9.3,2.12,18.4
2016,213,24,39.9,27.3,33.8,66.6,25.8,41.8,3.25,26.33,0,38.3,35,36.6,34.6,34.3,34.5,3.4,2.2,196,48,9.4,16.7,8.9,9.1,2.11,18.3
2016,214,24,40.7,27.8,33.8,66.6,24.3,42.7,3.2,25.25,0,38.7,35.1,36.8,34.5,34.3,34.4,2.5,.5,184,72,11.1,16.9,7.8,8.1,2.17,18.8
2016,215,24,41.2,29.3,35.1,52.4,20.5,33.3,3.92,25.11,0,38.8,35.6,37.2,34.5,34.3,34.5,3.1,1.5,204,59,11.1,17.2,8.9,9.2,1.83,16
2016,216,24,42,29.4,35,54.1,20.8,34.3,3.9,23.27,0,38.5,35.6,37.1,34.6,34.5,34.6,3.1,1.8,183,53,9.3,17.2,8.4,9.1,1.85,16.2
2016,217,24,42.1,28.4,35.5,51.6,16.7,29.9,4.31,25.02,0,38.8,35.4,37,34.7,34.5,34.6,2.6,.8,174,67,7.8,17,8.7,8.7,1.63,14.2
2016,218,24,44.1,29.9,36.6,39.2,13.3,23.8,4.91,26.49,0,39.3,35.8,37.5,34.7,34.5,34.7,2.5,1.2,194,58,11.4,17.3,9.4,9.2,1.39,11.8
2016,219,24,44.6,27.3,36.2,41.6,11.9,23.6,4.94,26.27,0,39.2,35.6,37.4,34.9,34.7,34.8,2.6,.8,169,68,8,16.8,9.3,9.3,1.32,11
2016,220,24,45.2,27.3,36.2,41.3,8.9,20.5,5.18,27.41,0,39,35.5,37.3,34.9,34.7,34.8,2.7,1.1,182,62,8.5,16.8,10,9.8,1.11,8.1
2016,221,24,45,24.2,34.9,45.7,8.3,21.1,4.83,27.15,0,38.1,34.8,36.6,35,34.7,34.8,4,2.2,168,54,11.3,15.9,11.2,11.8,1.11,7.8
2016,222,24,41.3,28.3,34.1,72.1,24.5,47.1,3.07,24.76,0,38,35.2,36.6,34.8,34.5,34.7,5.4,4.7,175,29,11.6,17,9.6,10.7,2.4,20.3
2016,223,24,38,27.2,32.2,75.4,33.8,56.3,2.23,23.49,0,37.9,35.1,36.5,34.7,34.4,34.6,4.2,3.6,181,31,11.8,16.6,7.7,8.1,2.65,22
2016,224,24,39.9,26.7,32.6,75.7,27.4,52.2,2.57,24.23,0,38.3,34.8,36.5,34.6,34.3,34.5,2.8,1.5,185,55,7.5,16.5,7.3,7.8,2.47,20.8
2016,225,24,41.3,25.9,33.2,94.7,24,50.2,2.78,25.08,14.99,38.8,35,36.7,34.6,34.4,34.5,2.6,1.5,243,52,22.5,16.4,7.6,8,2.43,20.5
2016,226,24,42.2,26.7,34.1,77.2,17.4,45.3,3.26,26.98,0,35.5,32,33.3,34.6,33.8,34.2,3.1,2.6,239,31,8.4,16.5,9,9,2.28,19.5
2016,227,24,43.3,26.4,35.6,78.4,18.9,41,3.8,26.8,0,35.7,31.1,33.1,33.8,33,33.3,2,.8,200,62,6.7,16.5,8.2,8,2.2,18.9
2016,228,24,45.4,28.5,36.7,75.5,14,37.3,4.3,26.61,0,37.1,32.4,34.6,33.1,33,33,2,1.1,232,55,5.8,17.1,8.4,8.3,2.1,18
2016,229,24,46,27.4,37.2,65.6,10.7,29.9,4.89,26.63,0,37.5,33.2,35.3,33.4,33.1,33.2,2.4,1.2,241,57,7.8,16.8,9.1,9.1,1.7,14.7
2016,230,24,43.3,28.1,35.8,57.6,17.3,31.8,4.3,25.16,0,37.3,33.5,35.4,33.6,33.3,33.5,2.8,.9,203,67,8,17,8.9,9,1.78,15.6
2016,231,24,43.2,27.8,35,56.1,13.2,33.6,4.05,21.83,0,37,33.4,35.2,33.7,33.5,33.6,3.1,1.3,105,62,11.4,16.8,7.9,9,1.74,15.1
2016,232,24,40.7,26.2,33.3,60,18.9,35.2,3.55,23.82,0,36.7,33.1,35,33.7,33.5,33.6,3.7,.4,150,77,20,16.4,8.6,9.4,1.72,15.1
2016,233,24,40.6,24.7,32.9,75.6,19.7,40.5,3.24,25.4,1.78,36.9,32.9,34.8,33.7,33.4,33.5,3.1,.1,360,80,16.5,15.8,8.3,8.6,1.92,16.8
2016,234,24,38.7,23.1,31,88.8,20.7,49.9,2.64,24.89,0,36,32.2,34.1,33.6,33.2,33.4,2.5,.3,109,75,6.5,15.2,7.3,7.3,2.03,17.4
2016,235,24,40.1,25.8,32.6,73.8,20.1,44.5,3.03,23.95,0,36.5,32.5,34.5,33.3,33.1,33.2,2.3,.4,122,73,11.4,16.3,7.5,7.4,2.04,17.6
2016,236,24,40.6,25,32.9,73.8,14.2,39.3,3.39,25.51,0,36.6,32.6,34.6,33.3,33.1,33.2,1.9,.4,118,71,5.9,16,7.6,7.3,1.77,15.1
2016,237,24,41.7,26,33.6,66.3,13,35.3,3.7,25.21,0,36.6,32.7,34.6,33.3,33.1,33.2,2.7,1.6,213,51,8.1,16.3,8.5,8.6,1.68,14.5
2016,238,24,40.7,25.2,33.3,59.3,16.5,30.5,3.81,25.3,0,36.2,32.6,34.4,33.3,33.1,33.2,3.2,1.9,188,52,8.9,16,9.1,9,1.48,12.7
2016,239,24,39.2,26,32.2,79.1,18.5,43.6,2.92,19.38,0,35.7,32.6,34.1,33.2,33,33.1,3.1,1.7,150,54,10.6,16.3,6.6,7.5,1.98,16.9
2016,240,24,39.2,22.6,30.8,61.9,11.8,30.3,3.38,25.78,0,35.5,31.7,33.6,33.1,32.8,33,2.8,1.2,105,60,8.6,15.1,8.3,8.3,1.23,9.5
2016,241,24,40.2,18.5,30.8,52.9,9.5,23.2,3.83,25.55,0,35.2,31,33.2,32.9,32.5,32.7,2,.6,221,69,7.3,13.5,8.1,7.5,.92,5.6
2016,242,24,42.8,21.1,33.3,64,10.2,25.8,4.27,25.63,0,35.5,31.5,33.4,32.7,32.4,32.5,2.1,1.3,93,49,6.8,14.7,8.5,7.9,1.16,9
2016,243,24,44.6,22.9,34.7,44.7,8.4,22,4.81,25.61,0,35.7,31.7,33.6,32.6,32.4,32.5,2.4,1.7,73,44,7.2,15.5,9,8.6,1.07,7.9
2016,244,24,42.7,25.4,34.8,64,15.1,31.5,4.12,24.58,0,36,32.3,34.1,32.6,32.4,32.5,3,1.7,148,54,8.1,16.3,8.7,9,1.64,14.2
2016,245,24,40.4,27.4,33.6,60,23.6,40.4,3.32,18.66,0,35.5,32.8,34.2,32.7,32.5,32.7,2.7,1,162,64,11.5,16.8,6.6,7.2,2.01,17.5
2016,246,24,41.8,25.2,33.6,62.1,17.5,35.2,3.66,23.62,0,36,32.3,34.1,32.8,32.6,32.7,2.3,1.1,165,59,7.8,16.1,7.8,7.6,1.74,15.2
2016,247,24,41.3,21.5,32,55.4,11.7,25.9,3.88,24.69,0,35.5,31.9,33.8,32.8,32.5,32.7,2.8,1.2,157,61,9.4,14.8,8.8,8.6,1.12,8.1
2016,248,24,38,19.1,29.5,52.6,8.6,21.9,3.53,25.53,0,34.2,31.2,32.8,32.7,32.3,32.6,2.6,1.9,241,42,9.4,13.5,8.8,8,.79,3.1
2016,249,24,38.8,17.5,28.2,57,8.3,26.5,3.17,25.15,0,34.2,30.1,32.2,32.4,31.9,32.2,1.8,.9,233,59,6.1,12.9,7.5,6.8,.92,5.4
2016,250,24,38.9,16.1,28.6,68,18.9,40.8,2.54,23.07,0,33.4,29.8,31.7,32,31.6,31.8,3.5,1.6,149,59,10.6,12.3,7.7,8,1.63,13.3
2016,251,24,33.1,24.2,27.9,90,42.2,69,1.23,12.3,2.54,32.5,30.8,31.4,31.7,31.4,31.6,2.2,1.7,120,42,9.6,15.1,3.2,4,2.56,21.4
2016,252,24,38,23.5,29.9,92.7,24.9,59.9,1.98,23.25,0,34,29.4,31.5,31.4,31,31.2,2,.9,118,60,4.6,15.3,6.1,6.2,2.36,20
2016,253,24,40.5,22.9,31.6,79.2,13,40.3,3.11,24,0,34.9,30.5,32.6,31.2,31,31.2,1.5,.5,248,65,5.4,15.2,6.9,6.3,1.71,14.7
2016,254,24,43.1,21.2,31.7,79.4,9.9,38.6,3.5,24.14,0,34.8,30.6,32.7,31.5,31.2,31.4,2,1.1,231,56,7.6,14.7,7.7,7.3,1.52,12.8
2016,255,24,41.3,22.1,32.3,70.6,14,35.6,3.51,23.41,0,34.8,30.8,32.8,31.6,31.4,31.5,2.5,1.8,223,43,8.4,15,7.8,7.7,1.57,13.6
2016,256,24,40.5,22.6,31.7,83.3,11.6,45.1,2.95,23.07,0,34.8,31.2,33.1,31.7,31.5,31.6,3.2,2.1,211,47,9.3,15.1,7.9,8,1.92,16.5
2016,257,24,36.4,21.5,29.1,82.2,22.9,50.1,2.21,16.14,0,33.7,31.4,32.3,31.8,31.6,31.7,4.3,3.2,187,40,11.2,14.3,6.3,7.1,1.92,16.6
2016,258,24,36.1,17.9,26.3,78.9,9.6,42.6,2.3,23.37,0,33.2,29.4,31.3,31.6,31.1,31.4,1.9,1.5,240,36,6.4,12.6,6.5,6,1.3,10.6
2016,259,24,36,14.9,25.6,79.2,11.4,36.1,2.45,23.4,0,32.7,28.7,30.7,31.2,30.8,31,1.7,.7,206,62,6.3,11.3,6.5,5.8,1.06,7.7
2016,260,24,38.7,14.6,26.6,77,7.4,33.7,2.82,23.02,0,32.4,28.2,30.3,30.9,30.4,30.7,1.5,.9,72,49,4.6,11.6,6.3,5.8,.97,6.1
2016,261,24,38.1,16.2,27.6,70.4,7.8,33.7,2.88,23.03,0,32.3,28.5,30.4,30.5,30.2,30.4,2,1.4,77,44,5.8,12.2,7,6.5,1.09,7.9
2016,262,24,42.3,17.3,29.3,74,7.2,33.3,3.3,22.51,0,32.7,28.4,30.5,30.4,30,30.2,1.6,.5,96,66,4.7,13.2,6.7,6.3,1.16,8.7
2016,263,24,33.2,19.8,27.1,72,29.2,48.9,1.95,8.69,0,31.4,29,30,30.3,30.1,30.2,2.9,1.3,265,60,9.4,13.1,3.3,4.7,1.74,15.1
2016,264,24,32.6,23.9,27.6,79.5,36.6,55.8,1.69,11.37,0,30.8,28.8,29.7,30.1,29.8,29.9,2.9,1.4,301,58,8.3,14.9,3.6,4.8,2.04,17.7
2016,265,24,32.2,23.1,26,93.9,46.8,78.4,.78,9.13,2.03,30.4,29,29.7,29.8,29.6,29.7,1.8,1.4,248,41,9.1,14.4,1.9,3,2.6,21.6
2016,266,24,34.8,20.9,27.6,96.5,18.4,61.6,1.61,19.63,.25,31.4,28.4,29.7,29.7,29.4,29.5,2.8,2.5,239,27,9.1,13.8,5.9,5.5,2.19,18
2016,267,24,33,15.1,24.1,67.9,6.8,26.6,2.47,22.68,0,30.5,27.2,29,29.6,29.2,29.4,2.7,1.6,305,52,8.4,10.8,7.1,6.7,.67,.5
2016,268,24,35.2,12.6,24.9,77.4,9.9,28.8,2.65,22.41,0,30.7,26.6,28.6,29.3,28.9,29.1,2,.6,310,68,8.8,10,6.5,6,.76,2.9
2016,269,24,35.6,16.4,27,61.4,10.7,29.5,2.79,22.26,0,30.5,27.1,28.8,29.1,28.8,29,3.1,1.9,39,51,11.3,11.9,7.8,7.3,.95,6.2
2016,270,24,34.7,17.6,25.7,69.2,20.4,40.4,2.16,14.08,0,29.2,27.1,28.3,29,28.7,28.9,4.1,3.6,77,27,12.3,12.3,5.9,7,1.28,10.6
2016,271,24,32.6,19.7,25.6,68.7,24.9,44.9,1.93,15.15,0,29.2,27,28.1,28.7,28.5,28.6,2.9,2.6,56,28,9.2,12.9,4.9,5.5,1.42,12.2
2016,272,24,36.9,18.1,27.4,78.2,17.8,42.9,2.4,20.75,0,30.6,26.7,28.5,28.5,28.3,28.4,1.6,.5,81,67,5.4,12.8,5.7,5.3,1.43,12.2
2016,273,24,37.3,22.1,29.1,75.9,19.4,44.9,2.46,18.37,0,31.4,28,29.5,28.6,28.4,28.5,1.5,.2,209,74,5.4,14.7,5.2,5,1.69,14.8
2016,274,24,38.5,20,29.3,75.7,17.7,43.4,2.65,20.25,0,31.7,28.2,29.9,28.8,28.5,28.8,1.6,.6,79,63,6.1,13.9,5.8,5.3,1.62,14.1
2016,275,24,37.6,20.3,28.8,73.7,22.4,48,2.31,20.43,0,31.9,28.5,30.2,29,28.8,29,2.2,.6,198,69,8.9,13.9,6.1,5.9,1.79,15.7
2016,276,24,35.5,20.1,27.2,83.6,10.9,44.6,2.24,20.02,0,31.5,28.6,30.1,29.2,29,29.1,2.2,1.7,244,39,10.9,13.6,6.1,5.6,1.5,12.2
2016,277,24,30.9,12.7,22.6,65.3,6.2,28,2.21,21.1,0,30,27,28.7,29.2,28.9,29.1,2.2,1.3,270,52,8.8,9,6.3,5.4,.67,.7
2016,278,24,31.2,12,21.7,74.6,13,37.3,1.9,20.59,0,29.3,26,27.7,28.9,28.4,28.7,1.6,.4,214,69,6.8,8.7,5.4,4.6,.87,4.8
2016,279,24,32.3,13.1,22.6,72.6,13.6,41.4,1.79,18.32,0,29.2,25.8,27.5,28.4,28,28.3,2,.5,290,71,7.1,9.6,5.1,4.9,1.11,8.1
2016,280,24,34.2,11.5,22.4,79.8,9.4,38,2.09,20.37,0,28.9,25.2,27,28.1,27.7,28,1.4,.4,197,68,4.3,9.4,5.3,4.6,.85,4.4
2016,281,24,35,11,23.3,82.9,9,32.7,2.37,19.83,0,28.6,25,26.8,27.8,27.5,27.7,1.5,.6,230,65,4.4,9.5,5.5,4.8,.77,2.9
2016,282,24,37.1,15,25.6,71.8,11.7,34.4,2.55,19.35,0,29.2,25.5,27.3,27.6,27.3,27.5,1.5,.4,156,71,4.8,11.5,5.6,5,1,6.9
2016,283,24,37,15.3,25.8,82.1,12,40.3,2.38,19.23,0,29.4,25.8,27.5,27.5,27.4,27.5,1.3,.3,173,70,6.1,11.7,5.2,4.6,1.21,9.6
2016,284,24,36.9,16.6,26,76.3,14.6,42.2,2.31,19.08,0,29.4,26,27.7,27.6,27.4,27.5,1.6,0,204,81,6.3,12.2,5.4,4.9,1.27,10.3
2016,285,24,36.4,15.6,25.3,74.4,16.9,45.4,2.11,19.13,0,29.6,26.1,27.8,27.6,27.4,27.5,1.7,.4,100,70,3.9,11.6,5.1,4.8,1.35,11.3
2016,286,24,36.3,14.4,24.6,81.3,13.4,45.4,2.05,18.95,0,29.4,25.9,27.6,27.6,27.4,27.5,1.5,.4,83,70,4,11.1,4.9,4.6,1.26,10.3
2016,287,24,36.6,14.1,24.2,77.6,10.6,42.8,2.17,18.92,0,29.1,25.6,27.4,27.6,27.3,27.5,1.2,.7,84,54,3.5,11,4.8,4.3,1.12,8.4
2016,288,24,36.7,13.1,24.1,77.3,10.6,41.6,2.22,18.84,0,28.9,25.4,27.1,27.5,27.2,27.3,1.5,.5,79,66,5,10.6,5,4.6,1.07,7.7
2016,289,24,37,13.5,24.2,76.4,11.2,43.2,2.09,18.67,0,28.8,25.3,27.1,27.3,27.1,27.2,1.3,.1,306,79,3.9,10.8,4.8,4.3,1.16,9
2016,290,24,35,13.7,23.9,80.3,13.2,50,1.81,17.59,0,28.6,25.3,27,27.2,27,27.1,1.4,.6,234,63,4.1,10.5,4.4,4.2,1.35,11.2
2016,291,24,30.5,14.7,23.4,78.7,29.9,52.3,1.53,17.8,0,28,25.5,26.8,27.1,26.9,27,2.7,2.3,241,33,7.4,9.8,5.2,4.6,1.44,12.4
2016,292,24,32.8,14.1,22.6,86.1,22.2,54.1,1.53,17.71,0,28.2,24.9,26.5,27,26.8,26.9,1.2,.6,221,58,4.3,10.2,4.2,3.7,1.38,11.7
2016,293,24,34.5,11.9,22.8,83.9,12.2,43.5,1.98,17.76,0,27.9,24.6,26.3,26.9,26.6,26.7,1.5,.6,224,60,4.6,9.6,4.6,4.2,1.04,7.4
2016,294,24,36,11.1,22.5,75.2,6,35.7,2.18,17.95,0,27.6,24.2,26,26.7,26.4,26.6,1.4,.3,57,72,6.6,9.6,4.8,4.3,.81,3.7
2016,295,24,36.8,13.6,24,79.1,12.7,43.6,2.08,16.99,0,27.6,24.2,25.9,26.5,26.2,26.4,1.4,.8,90,53,6.4,10.8,4.6,4.2,1.2,9.4
2016,296,24,36.4,14.2,24.4,82,11.6,44.5,2.13,16.95,0,27.9,24.6,26.2,26.4,26.2,26.3,1.3,.3,69,72,3.6,11,4.4,4,1.2,9.5
2016,297,24,35.5,14,24.2,77.7,23,49.5,1.79,15.72,0,27.8,24.6,26.2,26.4,26.2,26.3,1.7,.5,19,68,4.8,10.8,4.2,4.2,1.44,12.1
2016,298,24,32.8,16.5,24.5,84.5,28.2,61.1,1.36,8.78,0,27,25.2,26.2,26.4,26.2,26.3,1.5,.2,332,77,4.8,11.4,2.1,2.9,1.81,15.8
2016,299,24,33.4,17.2,25,92.7,30.7,62,1.43,16.39,0,28.2,25.1,26.5,26.3,26.2,26.2,1.9,1.1,262,50,6.3,11.9,4.1,4,1.86,16.3
2016,300,24,34.9,15.4,24.1,89.8,23.9,61.6,1.44,16.6,0,28.4,25.2,26.8,26.4,26.2,26.3,.6,.3,222,56,2.8,11.3,3.7,3,1.75,15.4
2016,301,24,34.7,16.1,24,85.9,27.5,60,1.42,13.47,0,28,25.3,26.7,26.5,26.3,26.4,.7,.3,105,62,2.8,11.6,3,2.8,1.71,14.9
2016,302,24,34.8,17.2,25,86.8,20,52.5,1.79,13.37,0,28.1,25.5,26.8,26.5,26.3,26.4,.7,.1,254,72,3.3,12.2,3.3,2.8,1.53,13.2
2016,303,24,34.8,14.8,24.2,85.7,18.9,53.2,1.72,16.41,0,28.3,25.2,26.8,26.5,26.3,26.4,.8,.2,87,69,4.1,11,3.9,3.1,1.49,12.8
2016,304,24,34.5,15.8,23.9,84,19.1,56.1,1.57,13.83,0,27.8,25.2,26.5,26.5,26.3,26.4,1.7,.1,251,78,5.2,11.4,3.5,3.8,1.56,13.6
2016,305,24,26.4,15.8,21,86.7,33.1,58.2,1.11,13.24,0,26.9,25.2,26.1,26.4,26.3,26.4,2.8,2.6,243,22,7.6,8.4,3.6,3.6,1.42,12
2016,306,24,25.7,9.7,17.8,85.5,19.9,55.8,1.05,16.16,0,25.8,23.4,24.7,26.3,25.8,26.1,2,1.6,238,38,6.7,5.5,3.9,3.3,1.08,8
2016,307,24,28.9,8.9,20.1,80.1,14.6,40.2,1.65,16,0,25.6,22.6,24.1,25.8,25.3,25.6,2.1,1.1,278,56,6.9,6.8,4.4,4,.84,4.3
2016,308,24,31.7,10.3,19.9,86.9,18.4,53.6,1.32,14.1,0,25.6,22.6,24.1,25.4,25.1,25.2,2.2,1.2,76,53,21.6,8.3,3.6,4,1.17,9
2016,309,24,29.3,10.9,19.5,93.5,31.6,67,.94,15.06,0,25.8,22.7,24.2,25.1,24.9,25,1,.2,112,74,3.7,7.6,3,2.6,1.45,12.5
2016,310,24,31,10.9,19.7,92.2,24.5,64.4,1.07,15,0,25.7,22.6,24.1,25,24.8,24.9,1.2,.9,72,40,4.6,8.4,3.1,2.9,1.39,11.8
2016,311,24,32.1,10.6,20,89.5,22,60.2,1.23,15.09,0,25.6,22.5,24,24.9,24.7,24.8,1.2,.8,93,48,4.2,8.6,3.3,3,1.32,10.9
2016,312,24,31.8,10.2,20.1,86,21.7,58.9,1.22,14.67,0,25.3,22.4,23.9,24.8,24.5,24.7,1.5,.5,103,65,4.2,8.4,3.4,3.3,1.3,10.8
2016,313,24,31.2,11.5,21,87.3,23.4,51.2,1.46,14.86,0,25.2,22.3,23.8,24.6,24.4,24.5,2,1.6,72,36,6.7,8.5,4.1,3.8,1.2,9.5
2016,314,24,28.3,13.4,21.5,65.6,20.6,38,1.68,14.76,0,24.7,22.6,23.6,24.5,24.3,24.4,3.8,3.5,72,24,9.8,8.1,5.3,5.2,.95,6
2016,315,24,27.2,10.7,18.9,69,19.9,42.9,1.34,14.77,0,23.9,21.6,22.8,24.4,24,24.2,2.9,2.5,73,30,8.9,6.5,4.5,4.2,.92,5.5
2016,316,24,28.5,10.9,19.1,78.2,24.8,51.3,1.24,14.44,0,23.9,21.2,22.5,24,23.7,23.9,2.3,1.9,76,35,6.6,7.3,3.8,3.6,1.09,8.2
2016,317,24,28.8,9.5,18.5,85.9,25.3,54.6,1.15,13.65,0,23.6,21,22.3,23.8,23.5,23.6,2.2,1.8,70,35,6.9,6.9,3.5,3.5,1.1,8.3
2016,318,24,32,9.3,18.8,83.3,16.8,51.6,1.32,14.21,0,23.6,20.6,22.1,23.5,23.3,23.4,1.3,.2,95,75,5.2,8.3,3.3,3.1,1.04,7.4
2016,319,24,30.6,7.1,18,85.2,16.1,53.4,1.27,14.14,0,23.4,20.3,21.9,23.3,23.1,23.2,1.1,.3,94,69,3.8,7.3,3.1,2.7,1,6.9
2016,320,24,31.2,6.9,17.6,84.3,17.3,53.4,1.23,13.46,0,23.1,20.2,21.7,23.2,22.9,23,1.3,.8,76,52,4,7.4,3,3,.99,6.7
2016,321,24,27.4,8.9,17.9,80,20.2,51.3,1.15,8.52,0,22.3,20.4,21.5,23,22.7,22.9,1.4,.7,80,59,5.9,6.2,1.9,2.5,1,6.8
2016,322,24,22.8,7,16.8,87.3,9.1,26.6,1.49,13.69,0,21.9,20,21,22.8,22.5,22.6,3.1,2.3,319,41,8.9,3.6,4.6,4.1,.48,-4.6
2016,323,24,24.5,2.4,12.4,78,9.3,40.2,1.09,13.45,0,21,18.2,19.7,22.5,22,22.3,1.3,.5,68,63,4.3,3.9,2.9,2.5,.5,-3
2016,324,24,24.3,2,12.7,82.3,13.3,47,.96,10.17,0,20.1,17.6,19,22,21.5,21.8,1.2,.2,142,73,3.1,3.8,2,2.3,.64,.3
2016,325,24,20.3,7.3,13,93.9,17,67.2,.52,3.38,1.78,19.6,18.2,18.7,21.5,21.1,21.4,2.2,1.9,54,33,7.3,2.6,.5,1.9,1,6.3
2016,326,24,22.5,9.2,15,100,32.9,74.4,.56,12.98,0,19.6,17.8,18.6,21.2,20.8,21,2.7,2.2,250,34,9.7,3.9,3,2.5,1.2,9.5
2016,327,24,23.7,6.1,14.1,94.5,31.1,68.3,.67,13.24,0,20,17.1,18.5,20.8,20.5,20.7,1.2,.3,89,70,4.2,4,2.3,2,1.03,7.4
2016,328,24,25.1,4.2,13.3,94.1,25.9,65.2,.73,13.24,0,19.9,16.9,18.4,20.6,20.4,20.5,1,.3,136,69,3,4.3,2.3,2,.93,5.8
2016,329,24,25.7,2.7,13.5,91.4,10.6,49.1,1.1,13.11,0,19.3,16.6,18,20.4,20.1,20.3,1.9,.8,30,62,6.7,4.4,3.3,3.1,.62,-.1
2016,330,24,26.2,.9,11.6,84.7,12.9,52.3,.92,13.06,0,18.9,15.8,17.4,20.2,19.8,20,1.3,.2,151,74,3.7,4.4,2.6,2.5,.63,.1
2016,331,24,17.7,4.3,11.5,80.7,25.6,58,.63,4.53,0,17.9,16.1,16.9,19.8,19.5,19.7,1.7,.5,32,68,7.4,1.3,.9,1.7,.77,3.1
2016,332,24,20,6.4,13.8,85.7,35.6,59.9,.7,11.86,1.78,17.8,15.9,16.9,19.5,19.1,19.3,4.7,4,255,33,13.9,2.4,3.5,3.1,.92,5.6
2016,333,24,19.2,2.6,11.1,95.5,33.5,69.1,.5,11.16,0,17.3,15.3,16.4,19.2,18.9,19.1,2,.4,17,73,5.9,1.8,1.9,1.9,.88,5.1
2016,334,24,18.8,2,10.6,96.9,13.1,55.5,.73,12.95,0,17,14.8,16,18.9,18.6,18.8,2.3,1,349,60,9.7,1.6,3,2.5,.62,-.7
2016,335,24,19,-.7,7.9,85.1,18,56,.62,12.86,0,16.5,13.7,15.1,18.6,18.2,18.5,1.4,.9,79,49,5.4,1.6,2.3,2,.54,-1.8
2016,336,24,20,.8,8.9,86.5,17.4,54,.68,12.17,0,16.4,13.6,14.9,18.2,17.8,18,1.1,.4,96,64,3.7,2,2.1,1.8,.56,-1.4
2016,337,24,19.7,4.2,11.1,78.8,18.8,44.5,.86,10.48,0,16.3,14.2,15.2,17.9,17.6,17.8,2.7,1.7,345,48,8.8,2.1,2.9,3,.53,-2.1
2016,338,24,21.5,6.7,13.8,53.7,12.8,26.1,1.25,12.65,0,16.8,14.5,15.6,17.7,17.5,17.6,3.3,2.6,308,38,9.1,3.1,4,4.1,.38,-6.3
2016,339,24,22.5,-.7,10.1,73.1,10.5,38.3,.95,12.74,0,16.5,13.9,15.3,17.7,17.5,17.6,1.5,.4,115,70,5.4,2.8,2.7,2.5,.42,-5.2
2016,340,24,21,.6,9.5,75.7,15.1,46.3,.81,10.43,0,15.8,13.4,14.7,17.5,17.3,17.4,1.4,1,88,43,4.6,2.3,2,2.1,.5,-3
2016,341,24,21.4,2.2,12,81.6,31.8,60.3,.64,10.2,0,16.2,13.5,14.8,17.3,17,17.2,1.6,.1,87,77,4.3,2.6,1.9,1.9,.87,4.2
2016,342,24,21.3,4.3,12.3,96.8,15.8,57.8,.75,10.19,0,16.3,14.4,15.4,17.2,17,17.1,2.3,1.3,298,52,8.2,2.7,2.6,2.5,.75,2
2016,343,24,21.4,.5,9.8,78.9,14.1,47.5,.8,11.91,0,16.1,13.5,14.8,17.2,17,17.1,1.1,.3,93,68,3,2.4,2.2,1.9,.51,-2.6
2016,344,24,21.5,2.4,11.3,80.7,21.4,48.3,.84,9.18,0,15.9,13.5,14.7,17,16.8,16.9,1.1,.3,41,71,4.1,2.7,1.7,1.8,.6,-.3
2016,345,24,24.2,2.8,12.4,80.7,26,55,.81,11.43,0,16.3,13.6,14.9,16.9,16.7,16.8,1.2,.9,72,45,4.4,3.7,2.2,2.1,.75,2.7
2016,346,24,25.5,6.2,14.7,85.6,28.2,57.5,.89,11.32,0,17.2,14.4,15.7,16.9,16.8,16.8,1.4,.5,97,65,4.8,4.8,2.3,2.3,.9,5.4
2016,347,24,25.7,5.9,14.8,83.7,29,59.2,.86,11.26,0,17.4,14.8,16.1,17.1,16.9,17,1.3,.5,88,66,4.3,4.8,2.2,2.2,.95,6.1
2016,348,24,25.5,6.7,15.1,82.9,31.6,59.4,.86,10.31,0,17.6,15.2,16.4,17.2,17.1,17.2,1.3,.7,81,54,4,4.9,2,2.1,.98,6.5
2016,349,24,25.9,6.7,14.9,85.2,30.4,61.5,.83,11.08,0,17.6,15.2,16.4,17.4,17.2,17.3,2.1,1.7,67,34,6.4,5.1,2.6,2.7,.99,6.8
2016,350,24,23.1,4.8,14.1,90,35.8,68.7,.62,6.92,.25,16.8,999,999,17.4,17.3,17.4,1.6,1,77,48,4.6,3.6,1.2,1.8,1.09,7.8
2016,351,24,27.5,10.5,18.8,96.4,33,63.7,.97,10.31,0,18.2,16,17,17.5,17.3,17.4,4.1,2.7,233,47,13.2,6.7,3.5,3.8,1.3,10.7
2016,352,24,17.6,2,12.5,62.3,12.4,29,1.07,12.02,0,17.9,16.2,17,17.7,17.4,17.6,4.3,3.8,293,27,14.4,1.2,4,3.7,.41,-6.4
2016,353,24,18.3,-4.2,6.2,77.2,11.6,37.1,.76,11.96,0,16.2,13.2,14.6,17.7,17.2,17.5,1.6,.2,295,76,5.8,1.2,2.5,2.3,.3,-9.6
2016,354,24,21.6,-2.8,8.8,71.1,11,34,.98,11.93,0,15,12.3,13.7,17.2,16.6,16.9,2.1,.7,9,66,9.4,2.3,3.1,3,.32,-8.5
2016,355,24,22.7,4.3,12.8,60.7,14.2,34.2,1.11,10.51,0,15.8,13.2,14.4,16.6,16.4,16.5,1.3,.7,247,57,4.6,3.3,2.5,2.3,.47,-3.8
2016,356,24,21.6,11.3,15.2,92.9,14.3,49.4,.94,4.49,2.29,16.3,15,15.6,16.6,16.4,16.5,2.1,1.4,277,47,6.8,3.9,1.2,2.6,.81,3.4
2016,357,24,14.6,10.7,12.5,100,81.5,94.4,.09,3.2,9.91,16,15.2,15.6,16.7,16.6,16.7,1.7,1.4,255,37,5,.6,0,.7,1.37,11.6
2016,358,24,17.3,9.5,13.1,100,70.6,91.9,.14,5.45,0,16.1,14.5,15.3,16.7,16.5,16.6,1.3,.9,77,48,5.5,1.6,.3,.9,1.38,11.7
2016,359,24,14.9,6.3,11.4,98.8,58.1,81.9,.25,4.67,5.84,15.3,13.6,14.5,16.6,16.4,16.5,4.1,2.5,222,50,14.2,.5,.8,1.1,1.11,8.3
2016,360,24,14.1,1.5,7.9,97.4,29.4,73.3,.34,12.08,0,13.6,11.2,12.5,16.4,15.6,16,1.8,.7,244,63,7.3,.2,1.8,1.4,.76,2.9
2016,361,24,16.2,.4,7.8,97.9,31.6,73.1,.38,11.48,0,12.6,10.1,11.5,15.6,15,15.3,1.8,.6,356,65,6.6,.7,1.8,1.6,.74,2.6
2016,362,24,20,1.4,9.3,95.4,29,68.6,.5,12.04,0,12.9,9.8,11.4,15,14.5,14.8,1.2,.7,245,53,7,2,1.9,1.7,.75,2.9
2016,363,24,17.1,3.4,9.1,94.9,41.3,76,.34,7.73,0,12.4,10.4,11.4,14.6,14.3,14.5,1.3,.2,157,76,3.2,1.1,.9,1.3,.86,4.7
2016,364,24,22,6.5,13.3,96.1,29.5,67,.64,12.35,0,14.2,11.2,12.5,14.3,14.2,14.3,1.3,.6,254,57,3.9,3.3,2.2,1.8,.95,6.3
2016,365,24,20.7,9.1,13.9,98.8,46.1,76.1,.42,6.99,.51,14.1,12.2,13.2,14.6,14.3,14.5,2.3,.9,37,64,7.6,3.1,1.3,1.8,1.2,9.5
2016,366,24,20.6,6.6,13.7,100,47.1,84.2,.32,11.28,.25,15.4,12.6,13.9,14.8,14.6,14.7,.9,.4,205,64,4.7,2.7,1.6,1.3,1.29,10.6
