2016,1,26,17.4,-1.2,7.3,65.6,24.1,43.6,.66,11.9,0,12.3,6.8,9.4,13,12.8,12.9,1.5,.9,314,50,3.7,1,2.1,1.9,.44,-4.8
2016,2,26,19.7,1.4,11.6,77.3,26,47.4,.83,11.89,0,13,8.4,10.5,12.9,12.8,12.9,3.3,2.9,67,29,9.9,1.9,3.3,3,.62,0
2016,3,26,19.9,11.4,15.8,46.8,25.4,35.9,1.18,8.44,0,13.8,11,12.2,13.2,12.9,13.1,6,5.8,73,12,11.2,3.1,4.2,4.9,.63,.4
2016,4,26,15.8,9.3,12.2,92.5,31.7,69.8,.44,2.21,4.83,13.5,12.1,12.6,13.6,13.2,13.5,3.1,2.8,74,23,7.5,.9,.6,1.6,.98,6.3
2016,5,26,13.3,10.6,12.1,97.2,84.7,91.7,.12,4.39,6.35,13.1,11.7,12.3,13.8,13.6,13.7,3.7,3.6,75,13,8.6,.1,.2,.8,1.29,10.7
2016,6,26,15.2,7.8,11.6,97.3,51.9,80.1,.3,10.27,7.62,13.4,11,12.3,13.9,13.8,13.8,2.3,1.2,202,56,9.3,.6,1.6,1.4,1.08,8
2016,7,26,13.1,7.3,10.3,95.7,63,82.5,.22,5.49,7.11,12.7,10.7,11.6,13.9,13.8,13.9,2.4,1.1,224,58,9.6,0,.6,1.1,1.03,7.3
2016,8,26,13.8,4.2,8.3,95,50.8,79.7,.26,9.18,.25,12.3,8.4,10.2,13.9,13.5,13.7,1.2,.8,262,50,5.2,.1,1.1,1.1,.86,4.7
2016,9,26,15.1,1.6,8.1,95.8,44.8,78.3,.29,12.44,0,12.6,7.3,9.9,13.5,13.1,13.3,.9,.4,33,58,3.7,.4,1.6,1.2,.83,4.2
2016,10,26,14.4,6,9.8,91.9,53.5,75.5,.32,7.23,0,12.1,9.2,10.5,13.2,13.1,13.1,1.8,1,45,53,6.1,.3,.9,1.3,.9,5.4
2016,11,26,16.4,3.2,8.8,89.5,29.8,68.7,.42,12.92,0,12.7,7.9,10.2,13.1,12.9,13.1,1.5,.9,315,50,4.8,.8,2,1.6,.75,2.7
2016,12,26,19.9,1.1,8.8,89.4,23,60.7,.56,13.17,0,12.1,6.9,9.5,13,12.8,12.9,2,1.1,359,55,8.1,2,2.4,2.3,.64,.6
2016,13,26,20.7,.8,9.3,92.2,24.3,61,.59,13.22,0,12.4,6.9,9.5,12.8,12.6,12.7,1.6,.8,33,58,5.4,2.2,2.3,2.1,.66,1
2016,14,26,18.6,.1,8.3,95.1,30,68.9,.46,12.74,0,12.7,7,9.8,12.7,12.5,12.6,1.1,.4,347,63,3.3,1.4,1.9,1.6,.71,2.1
2016,15,26,18.8,3.8,9.1,92.6,34.1,69.8,.43,9.46,0,12.2,8.1,10,12.7,12.5,12.6,1.3,.5,37,64,5.1,1.7,1.3,1.7,.77,3.3
2016,16,26,19.3,2,9.8,93.2,31.9,66.6,.51,11.63,0,12.7,7.4,10,12.6,12.4,12.6,1.3,.6,32,58,6.9,1.8,1.8,1.7,.77,3.1
2016,17,26,20.8,2.8,11.1,91.5,31.2,65.2,.6,13.35,0,14.1,8.3,11.1,12.7,12.5,12.6,1,.2,357,72,4.5,2.4,2.3,1.7,.81,4
2016,18,26,19.5,4.1,10.5,90.6,32.3,68.1,.5,9.15,0,12.9,9,11,12.9,12.6,12.8,1.8,1,55,54,6.4,2,1.6,2,.83,4.2
2016,19,26,22.1,3,12,92.2,27,63.3,.67,12.34,0,14,8.3,11.1,12.9,12.7,12.8,1.3,.3,357,69,6.4,2.9,2.2,2,.83,4.2
2016,20,26,21.9,5.1,13.5,87.2,31.6,60.7,.73,13.24,0,15.6,9.9,12.7,13.1,12.8,13,1.4,.7,293,56,5.9,3,2.6,2.1,.9,5.3
2016,21,26,23.6,4.2,12.6,86.5,10.7,50.5,.9,12.79,0,14.8,10.1,12.5,13.4,13.1,13.3,1.5,.8,21,57,7.5,3.7,2.7,2.5,.65,.5
2016,22,26,23.2,3.7,12.6,75.2,15.8,45.2,.97,12.77,0,14.5,9.3,11.9,13.5,13.4,13.4,2,1.1,34,55,7.6,3.5,3.1,3,.6,-.3
2016,23,26,21.8,5.6,12.3,76.1,20,50.8,.83,10.39,0,14.2,9.8,12,13.5,13.4,13.4,1.5,.7,64,59,6.6,3.1,2.2,2.3,.69,1.5
2016,24,26,21.6,3.4,11.7,78.7,17,49.4,.82,13.97,0,15,9.5,12.1,13.5,13.4,13.5,2.1,1.2,272,52,11.1,2.8,3.1,2.8,.63,.5
2016,25,26,21.6,3.6,11.6,75,22.7,49.2,.82,13.59,0,15.3,9.5,12.2,13.6,13.4,13.5,1.3,.3,312,71,4.2,2.8,2.6,2.2,.63,.4
2016,26,26,22.5,4.4,12,67.8,10.5,36,1.05,14.47,0,15.2,9.3,12.2,13.6,13.4,13.5,1.8,.9,320,58,6.7,3.3,3.3,2.9,.45,-4.4
2016,27,26,23.4,2.3,12.1,61,11.7,34.7,1.07,14.15,0,15.1,9.1,12,13.6,13.4,13.5,1.8,.7,10,64,5.3,3.4,3.4,3.1,.45,-4.2
2016,28,26,23.9,3.5,12.1,72,19.2,45.8,.93,13.38,0,15.3,9.6,12.2,13.6,13.4,13.5,1.3,.5,33,62,5.2,3.8,2.7,2.4,.61,-.2
2016,29,26,23.5,3.2,11.9,77.8,24.3,53.5,.8,13.25,0,15.1,9.6,12.2,13.6,13.5,13.6,1.7,1.1,66,50,7.2,3.5,2.7,2.7,.71,2
2016,30,26,24.9,4.4,14.4,83.6,20.9,49.2,1.02,13.26,0,15.9,10.1,12.8,13.7,13.5,13.6,1.4,.9,69,49,5.4,4.2,2.8,2.6,.75,2.7
2016,31,26,25,6.1,16.1,89.7,22.9,49.5,1.08,14.3,7.87,17.3,11.2,14.1,13.9,13.6,13.8,3.6,2.2,198,52,16.4,4.6,4,4.1,.86,4.6
2016,32,26,11.7,5.2,9.1,71.9,38.2,55.5,.52,5.71,0,15.5,9.2,11.2,14.2,13.9,14.1,5,4.3,241,32,12.5,0,1.8,2.4,.64,.6
2016,33,26,13,.6,6.4,89.2,20.4,49.8,.54,15.61,0,11.3,6,8.5,13.9,13,13.5,2.6,2.2,294,31,7.8,0,3,2.4,.45,-4.3
2016,34,26,15.5,-1.3,6.5,75.2,18.8,47.7,.6,15.69,0,12.1,5.2,8.4,13,12.4,12.7,1.6,.9,343,54,5.3,.5,2.7,2.2,.43,-5
2016,35,26,19.2,-.1,8.5,73.2,14.5,45.3,.75,15.58,0,13,5.6,9,12.5,12.2,12.4,1.4,.5,8,65,6.3,1.6,3,2.4,.45,-4.1
2016,36,26,22.1,2.5,12,72.8,15.7,38.3,1.03,15.85,0,14.3,7,10.4,12.4,12.2,12.3,1.8,1.1,19,49,8.3,2.9,3.6,3,.48,-3.2
2016,37,26,24.7,2.5,13.1,67.7,9.8,35.5,1.14,16.19,0,15.1,8.3,11.5,12.6,12.3,12.5,2.1,1.1,47,55,9.6,4,4,3.6,.49,-3.2
2016,38,26,27.5,2.9,14.8,73.2,11.4,37.1,1.3,16.26,0,16.6,8.8,12.5,12.9,12.6,12.8,1.4,.8,334,53,4.4,5.2,3.7,3.2,.56,-1.4
2016,39,26,30.6,6.7,16.7,65.6,11,38.4,1.41,16.4,0,17.8,10.4,13.9,13.4,12.9,13.2,1.5,.5,26,67,5.4,7.2,4,3.6,.68,1.4
2016,40,26,29.3,7.4,17.5,60.9,11.5,35.6,1.5,16.48,0,18.6,11.5,14.9,13.9,13.3,13.7,2,.9,21,60,5.4,6.7,4.4,4.1,.67,1.2
2016,41,26,29,5.8,17.2,62.8,17,38.6,1.41,16.19,0,18.9,12,15.4,14.3,13.9,14.2,2,1,35,57,6.7,6.3,4.2,4,.73,2.2
2016,42,26,30.9,6.4,17.5,68.4,13.1,40.5,1.44,16.74,0,19.6,12.6,15.9,14.7,14.3,14.6,1.6,.7,42,61,4.5,7.2,4,3.8,.75,2.7
2016,43,26,27.8,6.4,17,73.3,22.8,45.7,1.24,16.77,0,19.8,12.9,16.2,15,14.7,14.9,1.5,.7,59,61,5.1,5.8,4,3.3,.86,4.5
2016,44,26,30.2,6.2,17.5,74.8,14.3,43,1.4,17.02,0,20.3,13,16.5,15.3,15,15.2,1.3,.6,319,59,5.1,7,3.9,3.4,.8,3.5
2016,45,26,28.4,6.8,17.9,62.8,14.6,36.5,1.45,16.71,0,20.3,13.7,17,15.6,15.3,15.5,1.6,.4,354,70,4.8,6.2,4.1,3.6,.73,2.2
2016,46,26,29.8,10.1,19.8,54.2,12,33,1.76,17.14,0,21.4,14.4,17.7,15.9,15.6,15.8,1.4,.4,318,68,4,7.6,4.4,3.6,.72,2
2016,47,26,32.5,9.3,19.4,66,13.7,40.4,1.6,17.36,0,21.6,14.9,18.1,16.3,15.9,16.2,1.5,.7,42,58,6.3,8.3,4.2,3.9,.86,4.7
2016,48,26,33.5,8.4,18.8,69.8,11.8,42.2,1.57,17.53,0,21.2,14.7,17.9,16.5,16.3,16.5,1.7,1.1,58,49,7,8.3,4.4,4.3,.84,4.3
2016,49,26,27.9,10.6,18.5,63.9,15.6,40.2,1.41,11.33,0,20.1,15.6,17.8,16.7,16.5,16.6,1.9,.7,53,64,6.1,6.8,3,3.6,.81,3.9
2016,50,26,28.6,11,18,68.2,13.1,43,1.33,10.84,0,20,15.5,17.5,16.8,16.6,16.7,1.1,.6,28,57,4.8,7.3,2.4,2.9,.85,4.5
2016,51,26,31.5,6.3,17.9,71,13.7,41.1,1.49,17.79,0,21.5,14.2,17.6,16.8,16.6,16.7,1.4,.5,332,64,3.9,7.3,4.2,3.9,.77,3.2
2016,52,26,30.1,7.8,18.9,65.9,11.7,34.3,1.68,18.23,0,21.9,15.1,18.4,16.9,16.7,16.9,1.9,1.1,274,51,5.8,7.3,4.8,4.4,.68,1.3
2016,53,26,29.6,6.8,18,64.8,11.3,33,1.64,18.25,0,21.1,15,18.1,17.2,16.9,17.1,3,2.4,288,37,13.1,6.8,5.9,5.6,.6,-.4
2016,54,26,23.8,8.9,15.8,50.2,10.2,27.6,1.38,16.62,0,20.5,15,17.6,17.2,17,17.1,2,.9,355,61,6.5,4.4,4.4,3.9,.49,-3.4
2016,55,26,27.2,7.3,16.4,59.9,11,30.4,1.45,18.75,0,20.4,13.7,16.8,17.2,16.9,17,1.8,.6,32,65,7.6,5.8,4.7,4.1,.54,-1.9
2016,56,26,29.2,5.4,17.4,62.5,12.1,34.4,1.53,18.68,0,20.7,13.8,17.1,17,16.8,16.9,1.6,.8,63,59,6.8,6.3,4.7,4,.65,.5
2016,57,26,32.2,6.6,18.8,66.3,11.2,34.8,1.72,18.76,0,21.5,14.4,17.8,17,16.8,16.9,1.5,.7,54,58,6.1,7.7,4.7,4.3,.7,1.6
2016,58,26,31.9,7.3,18.8,67.5,10.5,34.8,1.69,18.52,0,21.9,15.1,18.3,17.2,16.9,17.1,1.5,.6,67,63,6.9,7.8,4.7,4.2,.69,1.6
2016,59,26,30.7,6.7,19.2,61.8,12.5,35.3,1.69,17.65,0,21.8,15.2,18.5,17.4,17.1,17.3,1.3,.5,56,64,5,7.3,4.4,3.8,.74,2.5
2016,60,26,32.8,9.5,20.5,58,13.1,33.5,1.85,18.45,0,22.6,16,19.1,17.5,17.3,17.5,1.3,.4,84,69,6.1,8.5,4.7,4.1,.77,3
2016,61,26,32.2,8.7,20.5,68.4,13.8,35.4,1.82,18.14,0,22.7,16.3,19.4,17.8,17.5,17.7,1.6,.8,75,59,6.8,8.2,4.7,4.4,.8,3.6
2016,62,26,33.8,9.1,20.3,61.9,10.5,34.7,1.87,18.2,0,22.9,16.5,19.5,18,17.8,17.9,1.5,.9,55,53,7.2,8.7,4.8,4.5,.76,2.9
2016,63,26,33.2,9.7,20.1,65.8,8,34,1.85,17.57,0,22.6,16.6,19.5,18.2,17.9,18.1,1.6,1,63,51,6.9,8.6,4.7,4.5,.72,2.3
2016,64,26,33.5,8.6,20.6,59.8,7.8,32.5,1.95,19.02,0,23.3,16.4,19.7,18.3,18.1,18.2,1.6,.9,49,56,6.7,8.4,5.1,4.7,.72,2
2016,65,26,29.9,9,20.1,57,14.6,33.4,1.74,14.87,0,22.2,16.9,19.7,18.4,18.2,18.4,1.1,.5,46,62,3.2,7.4,3.5,3.4,.76,2.8
2016,66,26,26.6,13.5,20.1,57,21.8,38.9,1.51,14.36,0,22.4,18.3,20.2,18.6,18.4,18.5,2.7,1.6,240,51,9.1,7.3,4.3,4.5,.9,5.3
2016,67,26,20.4,4.4,13.4,72.5,23.7,46.9,.9,16.29,0,20.4,15.9,18.4,18.7,18.4,18.6,2.3,1.5,234,48,8.4,2.4,3.8,3.4,.69,1.7
2016,68,26,24,5.4,15,76.1,19.5,43.5,1.13,20.12,0,21.4,15,18.1,18.4,18.1,18.3,2.5,2,266,36,8.4,3.9,4.9,4.4,.68,1.4
2016,69,26,27.1,6.7,17.1,63.1,13.4,35.2,1.44,20.48,0,22.8,15.5,19,18.2,18,18.1,1.4,0,202,80,4.1,5.5,4.7,4,.66,.9
2016,70,26,31.9,8.9,20,65.2,10.9,33.9,1.8,20.87,0,23.6,16.4,19.8,18.3,18.1,18.2,1.5,.8,64,54,6.1,8.1,5.3,4.6,.74,2.5
2016,71,26,28.9,8.8,20.2,61.9,15.5,35.1,1.72,14.5,0,22,17.1,19.5,18.6,18.3,18.5,1.9,.8,140,62,8.4,6.8,3.9,4.2,.8,3.6
2016,72,26,23.7,8.5,16.8,70.4,20.6,40.6,1.23,21.02,0,22,16.6,19.3,18.6,18.5,18.5,2.7,2.1,266,36,12.5,4.3,5.3,4.6,.75,2.7
2016,73,26,27.6,5.3,17.1,76.8,19.4,42.6,1.32,20.49,0,22.6,15.5,18.9,18.6,18.3,18.5,1.3,.1,135,77,4.2,5.5,4.7,3.9,.79,3.4
2016,74,26,28.3,10.8,20,66.8,23,42.6,1.47,20.77,0,23.7,16.7,20,18.6,18.4,18.5,1.3,.3,279,69,4.8,7.1,4.8,4,.96,6.3
2016,75,26,31.8,10.8,21.7,72.6,9.8,39.7,1.82,21.31,0,24.4,17.2,20.6,18.8,18.5,18.7,1.3,.6,308,62,8,8.6,5.3,4.4,.93,5.7
2016,76,26,33.4,11.3,22.5,55.6,9.9,30.2,2.11,22.32,0,24.8,17.6,21,19,18.8,19,1.7,.5,100,68,5.9,9.1,6,5.3,.79,3.3
2016,77,26,33.3,11.1,22.4,54.7,7.7,28.5,2.17,22.49,0,24.9,17.6,21.1,19.3,19,19.2,1.6,.1,166,80,5.6,9,6.1,5.2,.73,2.1
2016,78,26,33.8,9.5,22.3,55.2,9.4,28.2,2.23,22.34,0,25.4,17.7,21.4,19.5,19.2,19.4,1.6,.6,236,64,6.3,8.8,6.1,5.3,.71,1.8
2016,79,26,34.3,12.7,23.5,58.5,9.6,32.8,2.17,22.28,0,26.3,18.9,22.4,19.7,19.4,19.6,1.5,.3,79,72,4.6,10,5.8,5.1,.9,5.3
2016,80,26,34.9,13,23.3,70.2,9.4,32.5,2.18,22.08,0,26.1,19.3,22.6,20,19.7,19.9,1.7,1.1,58,48,7.5,10.2,6,5.5,.87,4.8
2016,81,26,33.8,10.7,22.1,69.3,8.9,30.7,2.13,21.82,0,26.3,19.5,22.8,20.3,20,20.2,1.8,.2,192,76,7,9.1,6.1,5.5,.75,2.7
2016,82,26,26.4,14.1,21.1,54.2,15,29.8,1.82,22.36,0,25.1,20,22.6,20.5,20.2,20.4,3.2,2.6,255,35,11,7.5,6.8,5.9,.73,2.2
2016,83,26,25.8,9,18.4,53.1,9.1,22.2,1.74,23.78,0,24,18.5,21.2,20.5,20.2,20.4,3.6,3.1,303,28,10.5,5.5,7.3,6.4,.45,-4.2
2016,84,26,28.8,6.2,18.6,58.6,8.4,25.5,1.8,23.63,0,24.7,17.1,20.8,20.3,20,20.2,1.4,.1,286,78,4.9,6.3,5.9,4.7,.51,-2.6
2016,85,26,30.8,8.2,19.7,58.1,8.2,26.5,1.94,23.86,0,25.2,17.7,21.3,20.2,19.9,20,1.7,.7,245,63,7.1,7.6,6.3,5.3,.56,-1.4
2016,86,26,31.2,9.6,20.8,50.5,9.8,25.6,2.08,23.89,0,25.8,18.5,22,20.2,20,20.1,2.1,1,281,60,6.9,8.1,6.7,5.9,.58,-1.1
2016,87,26,31.9,6.8,20.5,43.5,8.7,22.5,2.11,24.27,0,25.9,18,21.8,20.4,20.1,20.2,1.3,.2,347,76,4.9,7.6,6.2,5,.53,-2.5
2016,88,26,28,12.4,21.4,56.7,18.6,34,1.8,18.53,0,24.1,19.4,21.9,20.4,20.2,20.3,3.5,2.2,194,50,10.2,7.5,6.1,6,.84,4.4
2016,89,26,21.8,10.2,16.3,56,15.2,33.7,1.28,22.09,0,23.9,19.5,21.6,20.5,20.3,20.4,3,2.6,226,29,8.8,3.7,5.8,5.1,.6,-.3
2016,90,26,23,6.2,15,71.2,14.6,39,1.15,24.29,0,24.1,17.1,20.5,20.4,20,20.3,1.4,.3,144,73,5.2,3.7,5.2,4.1,.62,.1
2016,91,26,24.8,6.1,16.2,74,14.8,37.2,1.3,23.98,0,24.4,17.3,20.7,20.2,19.9,20.1,1.9,1.2,256,51,6.1,4.4,5.6,4.7,.63,.5
2016,92,26,29.5,7.6,18.6,54.3,15.3,33.4,1.59,24.29,0,25.1,17.5,21.2,20.1,19.9,20,1.5,.8,78,56,5.2,6.8,5.8,4.9,.7,1.7
2016,93,26,33.4,9.2,20.9,56.4,11.1,29.4,1.99,24.77,0,25.5,18.3,21.7,20.2,20,20.1,2.2,1.3,63,51,9.1,8.5,6.8,6.4,.68,1.2
2016,94,26,33.3,9.4,22.1,63.5,8.7,27.3,2.27,25.12,0,26.5,18.6,22.3,20.3,20.1,20.2,1.6,.6,75,63,6.2,8.6,6.7,5.7,.65,.8
2016,95,26,35.1,11,22.9,61.2,6.6,25.3,2.44,25.05,0,27.2,19.3,23.1,20.6,20.3,20.5,1.5,.5,57,65,5.3,9.6,6.7,5.8,.62,0
2016,96,26,34.5,12.2,23.5,54.1,9.2,25.3,2.44,21.81,0,27,20.2,23.5,20.9,20.5,20.8,1.6,.3,177,74,4.9,9.7,6.1,5.6,.68,1.3
2016,97,26,34.6,14.5,26.2,55.7,8.2,23.5,2.85,22.77,0,27.2,20.9,24,21.2,20.9,21,2.4,1.4,69,52,8.4,10.8,7.4,6.8,.74,2.4
2016,98,26,34.5,19,25.4,78.9,9.5,29.2,2.41,12.18,.25,25.8,22,24,21.4,21.1,21.4,2,.8,226,64,10.1,12.9,4,5.3,.92,5.2
2016,99,26,25.1,15.1,20,92.9,27.9,65.6,.87,18.75,.25,25.6,21.3,23.5,21.6,21.4,21.5,3.8,1.4,107,65,9.7,7.3,4.6,4.5,1.49,12.6
2016,100,26,26.7,11.5,19.7,95.7,20.5,57.3,1.15,24.46,0,27.7,20.3,23.7,21.6,21.4,21.5,1.7,.4,136,70,5.4,6.5,5.5,4.7,1.21,9.4
2016,101,26,18.9,12.5,15.5,93.4,44.1,72.8,.5,10.78,10.92,25,19.3,21.8,21.7,21.4,21.6,1.9,1.1,139,53,11.3,2.9,1.7,2.4,1.27,10.4
2016,102,26,24.1,11.1,18,98.6,32.7,68.4,.76,25.06,0,25.3,16.5,20.5,21.5,20.7,21.1,1.9,1.3,92,46,6.6,5.1,5,4.3,1.36,11.4
2016,103,26,27.1,11.9,20.5,95.4,25.1,57.4,1.2,23,0,26.9,18.2,22.4,20.9,20.7,20.8,1.7,.8,254,58,5.8,6.8,5.1,4.5,1.31,10.8
2016,104,26,29.4,12.3,21.6,85.7,19.9,49.8,1.5,25.7,0,29.2,19.2,23.8,21.1,20.8,21,1.4,.7,70,57,4.9,8.1,5.9,5.1,1.2,9.5
2016,105,26,30.1,11.8,21.9,79.6,16.4,40.2,1.79,25.17,0,29.5,20.3,24.7,21.6,21.1,21.4,2.1,1,209,57,7.6,8.3,6.6,5.8,.97,6.3
2016,106,26,24.8,13.4,19.5,72.9,8.8,33,1.6,25.88,0,26.6,20.5,23.7,21.9,21.6,21.8,4.4,3.6,282,33,15.1,6.3,8.2,6.9,.7,.9
2016,107,26,26,11.4,18.9,55.7,14.9,26.2,1.7,26.74,0,26.7,19.1,22.7,21.9,21.5,21.7,3.7,3.2,305,29,9.6,6.1,7.8,7,.56,-1.3
2016,108,26,33,14,24.6,60,18,32.6,2.2,26.65,0,27.9,19.4,23.4,21.7,21.5,21.6,2.5,1.4,67,53,11,10.2,7.6,6.9,1.02,6.8
2016,109,26,30.4,12.9,21.9,60.6,9.3,28.7,2.2,27.11,0,28.4,19.7,23.9,21.8,21.6,21.7,2.1,.7,288,67,8.3,8.9,7.5,6.3,.69,1.5
2016,110,26,32.8,11.3,22.6,63,8.4,27.6,2.2,26.55,0,29,20.1,24.3,21.9,21.7,21.8,1.8,.1,191,79,6.1,9,7,6.2,.72,2
2016,111,26,34.3,11.9,23.6,64.7,7.4,29,2.33,27.04,0,30,20.9,25.2,22.1,21.9,22,1.6,.8,76,57,4.8,9.6,7.2,6.2,.82,3.7
2016,112,26,36.4,13.2,24.8,61.6,6.3,27.8,2.58,26.43,0,30.5,21.6,25.9,22.5,22.1,22.4,1.3,.4,84,67,4.8,10.5,6.9,6,.8,3.3
2016,113,26,35.7,14.6,25.3,53.3,8.5,26,2.67,26.98,0,31.2,22.4,26.7,22.9,22.5,22.7,1.8,.9,204,58,7.7,11.1,7.7,6.7,.77,3.1
2016,114,26,30.3,14.6,23.3,60.2,10.8,29,2.14,26.72,0,29.8,23.2,26.4,23.2,22.9,23.1,3,2.1,259,43,10.1,9.7,8,7.1,.79,3
2016,115,26,31.4,8.4,22.3,65.4,8.6,23.6,2.31,27.51,0,30,21.4,25.6,23.4,23.1,23.2,2,1.2,205,49,7.1,7.8,7.5,6.4,.57,-1
2016,116,26,25.5,14.1,21,59.2,10.7,27.6,1.87,26.91,0,27.4,23,25.3,23.4,23.1,23.3,5.1,4.7,227,24,15.8,7,9.1,7.8,.65,.1
2016,117,26,26.3,9.1,18,71.6,15.3,36.7,1.47,27.02,0,27.7,20.3,23.9,23.3,22.9,23.1,1.7,1.1,213,47,8.1,5.6,6.4,5.3,.7,1.8
2016,118,26,28.5,10.2,20.7,60.2,13.8,31.3,1.87,26.24,0,28.7,20.5,24.4,23,22.7,22.9,2,.9,186,59,7.5,7,6.8,5.8,.7,1.8
2016,119,26,24.2,12.9,18.9,55.6,16.2,33.8,1.5,26.37,0,27.4,21.6,24.5,23,22.8,22.9,2.9,2.4,223,35,8.2,5.8,6.8,6,.72,2.2
2016,120,26,27.5,12.5,20.6,73.9,21.7,40.3,1.57,24.65,0,27.7,21,24.3,22.9,22.7,22.8,2.1,1.6,229,39,8.9,7.2,6.2,5.5,.94,6
2016,121,26,27.6,12.7,18.7,92.4,20.4,53.4,1.13,16.23,1.27,25.9,21.4,23.5,22.9,22.7,22.8,2.5,.3,217,76,14.1,7.5,4,4.8,1.09,8.1
2016,122,26,27.7,11.4,19.7,93.9,24.1,55.8,1.22,27.04,0,27.7,19.4,23.1,22.8,22.3,22.5,1.4,.3,47,71,5.3,7,5.8,5.1,1.17,9.2
2016,123,26,31.5,11.5,22.3,81.4,16.8,41.1,1.84,27.58,0,29.6,20.9,25,22.5,22.3,22.5,1.3,.4,78,66,7.2,8.7,6.6,5.6,1.01,7.1
2016,124,26,32.7,14.3,24.2,69.3,13.1,37,2.17,27.83,0,30.3,22.2,26.1,22.9,22.5,22.8,1.7,.7,92,61,6.4,10.3,7.3,6.3,1.04,7.4
2016,125,26,38.1,14.3,26.6,65.7,6.5,28.5,2.9,28.13,0,31.1,23,26.8,23.3,22.9,23.1,2.7,.7,136,69,9.4,11.4,8.9,8.5,.89,5
2016,126,26,35,17.3,25.9,48.1,7.4,23.2,2.77,27.45,0,31,23.7,27.3,23.7,23.3,23.5,3.3,2.1,192,49,11.2,12.2,9,8.7,.73,2.3
2016,127,26,25.4,13.6,19.4,82.8,27.3,54.2,1.12,23.61,0,29,23.6,26.3,23.9,23.7,23.8,2.7,1.8,210,46,12.3,6.7,5.8,5.2,1.18,9.3
2016,128,26,26.1,12.3,19.5,82.7,27.8,52.9,1.2,26.03,0,29.3,22,25.5,23.9,23.6,23.8,1.8,.5,92,68,9.4,6.5,5.8,5.1,1.14,8.8
2016,129,26,27.5,11.7,20.6,83.2,22.7,45.9,1.45,24.94,0,29.2,22.6,26,23.8,23.6,23.7,1.6,.9,242,55,6.5,6.9,5.8,5.1,1.05,7.6
2016,130,26,30.4,13.9,22.3,69.3,17.7,38.7,1.83,28.12,0,30.7,22.3,26.3,23.8,23.6,23.7,1.4,.5,215,63,6.1,9.4,6.8,5.8,.98,6.7
2016,131,26,32.9,14.5,24.3,62.8,10.1,36,2.19,28.54,0,31.6,23.4,27.3,24,23.7,23.9,1.6,.4,236,70,7.9,10.4,7.3,6.4,1,6.8
2016,132,26,36.4,15.6,26.1,63.8,9.4,31,2.63,27.96,0,32.8,24.2,28.2,24.4,24,24.2,1.1,.2,344,71,3.9,11.7,7.1,6,.96,6.2
2016,133,26,40.7,15.8,28.4,60.5,7.1,22.2,3.38,28.85,0,33.6,25,29,24.7,24.3,24.6,1.4,.5,58,65,6.1,12.3,8,7,.79,3.3
2016,134,26,39.7,18.1,29,51.3,7.4,25.2,3.31,28.9,0,34.6,25.9,30.1,25.2,24.7,25,1.4,.3,319,70,4,13.2,8,7.1,.95,5.8
2016,135,26,37.8,21.2,29.6,52.8,13.5,27.6,3.2,26.05,0,34.3,27.4,30.8,25.7,25.2,25.5,2.1,1.1,214,55,8.5,14.3,8,7.6,1.1,8.2
2016,136,26,32.7,16.9,25.3,55.4,15.2,34.4,2.28,28.68,0,33.2,26.3,29.8,26,25.7,25.9,2.8,2.1,238,38,9.3,11.5,8.3,7.6,1.06,7.7
2016,137,26,32.7,16.3,25,63.1,14.9,36.5,2.16,28.56,0,33.5,25.8,29.5,26.1,25.8,25.9,1.6,1.1,217,46,6.6,11.2,7.3,6.4,1.1,8.4
2016,138,26,31.6,16.3,23,85.1,20.7,43.5,1.75,24.92,4.83,32.8,25.8,29.2,26.1,25.9,26,2.9,1.8,295,50,16.5,11,6.8,7,1.16,9
2016,139,26,30.3,17.5,23.2,88.7,23,56.2,1.43,22.64,0,30.5,24.4,27.4,26.1,25.7,25.9,1.3,.2,359,73,5.8,11.1,5.2,5,1.5,12.8
2016,140,26,34.8,15.3,25.6,80.5,17.5,44.3,2.13,28.18,0,32.9,23.4,27.8,25.8,25.4,25.6,1.6,.8,92,56,6.2,11.3,7.1,6.5,1.34,11.3
2016,141,26,35.1,18.4,27.5,61.7,14.5,31.3,2.72,28.58,0,32.8,25,28.9,25.7,25.4,25.6,3.3,2.4,195,42,10.4,12.8,9.3,8.6,1.08,7.8
2016,142,26,31.7,16.3,24.8,65.1,15.5,34.6,2.18,28.78,0,32,24.8,28.4,25.8,25.6,25.7,2.8,2.2,202,38,9.8,11,8.3,7.4,1.04,7.4
2016,143,26,30.8,14.7,23.2,63,8.9,31.2,2.12,29.04,0,32.4,24.3,28.2,25.8,25.6,25.7,1.4,.8,200,55,6.7,9.9,7.3,6.1,.82,3.7
2016,144,26,31.9,12.9,23.9,52.6,9.9,25.2,2.41,29.28,0,32.5,23.7,28,25.8,25.5,25.7,1.6,.8,198,58,5.8,9.4,7.6,6.4,.7,1.9
2016,145,26,31,14.6,23.4,47,11.5,27.5,2.21,28.98,0,32,24.5,28.2,25.8,25.5,25.7,2.2,1.4,218,48,8.3,9.9,8,6.9,.77,3
2016,146,26,32.1,12.5,23.3,53.7,10.3,26.8,2.29,29.01,0,31.9,23.7,27.7,25.8,25.5,25.6,2.3,1.6,223,44,8.9,9.3,8.2,7.2,.72,2.2
2016,147,26,30.5,13.7,22.6,67.2,13.5,34.8,1.98,28.79,0,31.8,23.9,27.8,25.7,25.4,25.6,1.6,1.1,224,49,7.4,9.3,7.2,6.2,.89,5.2
2016,148,26,34,16.9,26,50.6,11.7,28.2,2.6,28.89,0,33.2,24.5,28.6,25.7,25.5,25.6,1.2,.3,167,72,5.2,11.8,7.4,6.3,.91,5.5
2016,149,26,36.5,16.7,27.4,56.5,9.1,25.5,2.99,29.01,0,34.2,25.4,29.7,25.9,25.6,25.8,1.4,.4,230,69,7.2,12.2,7.7,6.7,.87,4.8
2016,150,26,36,15.3,26.4,58.5,6.4,25.2,2.83,29.73,0,34,26.1,30,26.2,25.9,26.1,1.8,.4,208,72,6,11.5,8.4,7.4,.8,3.5
2016,151,26,35.5,13.9,25.6,47.5,6.6,19.1,2.87,29.87,0,34,25.2,29.5,26.4,26.2,26.3,1,.2,88,74,4.2,10.7,7.7,6.2,.61,-.5
2016,152,26,37.3,16.4,28.1,48.3,7,22.9,3.24,29.56,0,34.6,26,30.2,26.5,26.3,26.4,1.7,.4,192,72,5,12.2,8.3,7.4,.8,3.5
2016,153,26,37.8,19.4,30.1,41.7,10.2,22.7,3.53,29.02,0,35.3,27.1,31.1,26.8,26.4,26.6,2.1,1.3,230,48,6.9,13.6,8.8,7.9,.93,5.8
2016,154,26,41.1,20.8,31,44.3,8.4,23.6,3.66,29.45,0,36.5,27.9,32.1,27.1,26.7,27,1.6,.5,271,66,5.2,14.4,8.5,7.7,1.05,7.3
2016,155,26,44.2,17.3,32.3,59.9,4.7,22.7,4.17,29.27,0,37.2,28.5,32.8,27.5,27.1,27.4,1.7,1.1,255,47,6.1,13.3,8.9,8.2,1.02,7.1
2016,156,26,45.6,20.4,32.7,53.6,5.4,22.7,4.34,29.15,0,38,29.1,33.3,27.9,27.5,27.8,1.8,1,268,55,5.2,14.5,8.9,8.6,1.02,6.9
2016,157,26,45.2,19.1,33.5,57.1,5.2,19.9,4.7,29.27,0,38.4,29.6,33.9,28.3,27.9,28.2,1.6,.5,240,66,4.9,14.2,9,8.3,.9,5.2
2016,158,26,42.6,22.6,33,40.5,5.9,17.9,4.47,29.48,0,38.4,29.9,34.2,28.7,28.3,28.5,1.3,.5,199,65,5.8,15.2,8.7,7.4,.84,4.2
2016,159,26,41.7,22,32,46.8,6.8,24,3.96,29.25,0,38.3,30,34,28.9,28.6,28.8,1.6,.3,106,74,5.3,15,8.6,7.8,1.02,6.9
2016,160,26,42.2,22.6,32,56.8,14,33.4,3.44,28.02,0,38.7,30.6,34.5,29.1,28.8,29,1.8,1.3,266,44,6.3,15.3,8,8,1.5,12.9
2016,161,26,40,23.5,31.7,59.9,16.9,34.9,3.27,27.47,0,38.5,31.1,34.8,29.4,29.1,29.3,2.2,1.4,236,49,8.2,15.4,8.2,8.1,1.57,13.6
2016,162,26,36.1,23,29.5,65.2,28.4,45.5,2.38,19.22,0,36,31,33.7,29.6,29.4,29.5,2.3,1.4,253,50,8.2,14.9,5.6,6.2,1.85,16.2
2016,163,26,38.3,22.4,29.9,69.3,22.9,42.9,2.63,26.98,0,37.7,29.8,33.5,29.5,29.2,29.4,2.1,.4,136,74,9.7,14.9,7.7,7.5,1.75,15.3
2016,164,26,37.9,19.2,29,62.5,7.4,29.3,3.16,28.92,0,37.4,29.4,33.4,29.5,29.2,29.4,2.2,1.2,218,53,7,13.5,8.6,8,1.06,7.4
2016,165,26,36.7,17.2,28.7,53,8.6,23.1,3.27,29.81,0,37.3,29.2,33.2,29.5,29.2,29.4,1.6,.8,209,59,6.5,12.5,8.5,7.3,.85,4.5
2016,166,26,37.3,18.5,28.8,41.6,8.4,23.1,3.31,29.68,0,37.5,29,33.2,29.5,29.2,29.3,1.4,.3,126,71,5.4,13.1,8.2,6.9,.85,4.6
2016,167,26,38,17.7,29,46,9.8,21,3.42,29.78,0,37.3,28.7,33,29.5,29.1,29.3,1.9,.8,205,62,7.3,12.9,8.9,7.8,.8,3.7
2016,168,26,38.9,19.5,29.4,50.5,8.9,23.5,3.41,29.61,0,37.8,29,33.2,29.4,29.1,29.3,1.5,.1,183,77,6.3,13.7,8.3,7.3,.91,5.4
2016,169,26,41.2,19.6,31,47.2,6.3,21.3,3.86,29.99,0,38.5,29.3,33.8,29.5,29.2,29.3,1.1,.3,47,67,3.9,13.9,8.3,6.9,.91,5.3
2016,170,26,42.8,20.7,32,47.2,6.8,19.9,4.18,28.53,0,38.5,29.7,34,29.6,29.3,29.5,1.7,.5,256,69,5.8,14.5,8.7,8.1,.92,5.4
2016,171,26,48.2,26.7,37.2,40.2,6.9,16.8,5.59,29.14,0,40.7,31.4,35.7,29.8,29.5,29.7,2.1,.8,301,64,6.7,16.6,9.6,9.4,1.08,7.5
2016,172,26,47.2,25.4,37.3,42.6,8,20.8,5.31,28.07,0,41,33,36.9,30.4,29.8,30.1,2.5,1,226,62,11.4,16.3,9.6,10,1.3,10.5
2016,173,26,43,26.4,35.4,53,12,24.5,4.56,27.69,0,40.9,33.9,37.4,30.9,30.4,30.7,2,1.3,222,46,6.3,16.5,8.9,8.4,1.35,11.3
2016,174,26,43.3,25.7,35,52.7,13.1,25,4.49,27.59,0,40.8,32.9,36.8,31.1,30.8,31,1.9,1.1,218,53,6.7,16.3,8.7,8.2,1.37,11.6
2016,175,26,43.8,26.3,35.2,50.2,13.3,26.8,4.45,27.71,0,41.2,33.2,37.1,31.3,31,31.2,2,.8,216,61,6.8,16.5,8.8,8.5,1.45,12.4
2016,176,26,42.7,24.2,34.3,48.5,11.6,26.9,4.3,28.26,0,40.9,32.9,36.9,31.5,31.2,31.4,1.7,1,211,53,6,15.8,8.7,8,1.36,11.4
2016,177,26,42.4,24.4,33.9,47.3,12.7,25.9,4.22,28.26,0,41.2,32.7,36.9,31.6,31.4,31.5,1.1,.5,269,62,5.4,15.9,8,7,1.32,10.9
2016,178,26,40.6,26.5,33.8,47.1,17.2,31.8,3.74,20.93,0,38.9,33.3,36.4,31.7,31.4,31.6,1.5,.7,171,60,6.1,16.5,6.4,6.4,1.65,14.4
2016,179,26,42.2,28.2,35,60.5,17,34.1,3.89,19.28,0,39.9,33.7,36.5,31.7,31.5,31.6,1.7,.4,35,71,10.7,16.9,6.2,6.6,1.86,16.3
2016,180,26,44.4,26.6,36.2,61.5,12.1,32.7,4.44,27.39,0,41.7,33.5,37.4,31.7,31.5,31.6,1.6,.7,151,61,5.2,16.5,8.4,7.9,1.83,15.9
2016,181,26,42.4,29.9,35.9,55.4,19.6,35.9,3.94,24.01,0,41.3,35.2,38.2,32,31.6,31.9,2.2,1.4,97,49,8.7,17.3,7.4,8.1,2.06,17.9
2016,182,26,37,26.6,31.4,70.7,30.6,49.5,2.41,19.09,0,38.8,34.6,36.5,32.2,32,32.1,3.3,3.1,85,19,11.1,16.4,6.1,7.2,2.24,19.3
2016,183,26,38.5,24.4,30.8,88.7,30,57.2,2.07,23.73,9.14,39.9,33.1,35.8,32.1,31.8,31.9,2.5,2,96,37,16.9,15.6,6.6,7.1,2.46,20.8
2016,184,26,40.8,24.7,32.5,92.9,20.1,52,2.73,27.94,0,38.8,30.4,34.1,31.9,31.4,31.7,2.1,1.1,94,56,9.1,15.9,7.8,7.9,2.32,19.6
2016,185,26,41.8,25.3,34.3,70.4,16.6,35.9,3.76,27.97,0,40.5,30.8,35.4,31.5,31.2,31.4,1.5,.7,231,60,5.7,16.2,8,7.4,1.82,15.9
2016,186,26,43,26.4,35,57.3,12.7,30.5,4.24,28.59,0,40.9,31.8,36.2,31.5,31.3,31.5,1.9,1.1,213,53,6.8,16.5,8.8,8.3,1.59,13.7
2016,187,26,43.2,25.3,35.3,52.8,9.6,24.2,4.65,28.86,0,41,32.1,36.4,31.7,31.5,31.6,1.7,1,185,53,6.3,16.2,9,8.1,1.28,10.5
2016,188,26,41.3,24.6,33.9,52.8,16.3,28.7,4,28.02,0,40.4,32.2,36.3,31.9,31.6,31.8,2.4,1.6,229,47,7.8,15.8,9.1,8.7,1.48,12.6
2016,189,26,41.4,23.8,33.3,65.1,15.2,34.3,3.73,28.3,0,40.5,32.2,36.2,32,31.8,31.9,2.1,.7,226,67,6.6,15.6,8.6,8.2,1.63,14
2016,190,26,42.7,21.8,33.7,50.6,12.3,26.3,4.23,28.77,0,40.6,31.9,36.2,32.1,31.8,31.9,1.5,.4,245,71,6,14.9,8.6,7.7,1.28,10.5
2016,191,26,44,24.7,35.2,49.3,11.7,24.1,4.64,28.5,0,40.9,32.6,36.6,32.1,31.9,32,1.7,.9,229,56,7.8,16.1,9,8.2,1.29,10.6
2016,192,26,44.1,26.6,36,45.7,6.3,19.9,5.07,28.7,0,40.5,33.1,36.8,32.3,32,32.2,2.4,1.8,209,42,9.4,16.6,9.9,9.4,1.06,7.4
2016,193,26,42.7,24.2,33.9,43.3,5.5,17.5,4.66,29.15,0,40.1,32.5,36.3,32.4,32.1,32.2,2,1.2,229,52,8.9,15.8,9.6,8.6,.84,4
2016,194,26,42.5,22.4,33.4,46.5,9.8,21.6,4.35,28.82,0,40.1,31.6,35.7,32.3,32,32.2,2.1,.8,164,64,6.9,15.1,9.2,8.7,1.05,7.5
2016,195,26,43.2,23.4,34,52.4,14.3,29.2,4.12,28.11,0,40.8,32.2,36.4,32.2,32,32.1,1.5,.1,193,78,5.6,15.5,8.2,7.7,1.46,12.5
2016,196,26,44.4,25.5,35.7,52.4,10.5,24.7,4.72,27.96,0,41.4,33.2,37.2,32.3,32.1,32.2,1.6,.8,244,58,7.2,16.3,8.7,7.9,1.37,11.5
2016,197,26,44.4,27.6,36.1,40.8,12.5,25.7,4.69,27.61,0,41.4,33.8,37.5,32.5,32.3,32.4,2.5,1.8,226,43,8.1,16.8,9.4,9.3,1.48,12.7
2016,198,26,43.3,28.5,35.5,53.2,16.6,31.9,4.14,26.67,0,42.1,34.3,38,32.7,32.5,32.6,1.9,1.1,235,53,5.8,17,8.1,8.1,1.79,15.6
2016,199,26,40.7,28.6,34.9,48.4,15.2,29.5,4.08,20.71,0,39.6,34.7,37.4,32.9,32.7,32.8,1.9,.9,197,57,7.2,17,6.9,7,1.62,14
2016,200,26,41.7,28.5,34.8,60.7,21.8,38.6,3.61,24.4,0,41.3,34.3,37.5,32.9,32.7,32.8,1.9,.8,107,62,7.6,17,7.4,7.5,2.08,18.1
2016,201,26,42.5,27.8,35.1,64.8,18.2,40.4,3.64,22.62,0,41.4,34.8,37.8,33,32.7,32.9,1.8,.6,128,66,7.1,16.9,6.9,7.1,2.15,18.6
2016,202,26,42.8,27.4,34.4,74.2,20,44.6,3.31,23.95,.25,41.5,34.3,37.7,33.1,32.8,32.9,2.8,1.4,68,58,16.6,16.8,7.7,8.5,2.29,19.5
2016,203,26,44.1,27.1,36.3,71.5,15.8,38.1,4.14,26.64,0,42.3,34.5,38.2,33.1,32.9,33,1.4,.6,129,60,6,16.7,7.8,7.3,2.14,18.5
2016,204,26,44.3,30.8,37.2,55,16.5,33.2,4.44,24.67,0,42.8,35.6,39,33.3,33,33.2,1.9,1.2,94,47,8.2,17.2,7.8,7.9,2.06,17.9
2016,205,26,44.8,28.9,37.4,58.4,16.6,31.1,4.71,26.66,0,43,35.7,39.2,33.5,33.2,33.4,2.7,2.3,240,33,8.8,17.1,9.3,9.4,1.89,16.6
2016,206,26,42.2,28.7,36.1,50.5,21.1,34.6,4.08,24.12,0,42,35.7,38.9,33.7,33.4,33.6,3.1,2.8,233,26,8.5,17.1,8.6,9,2.01,17.5
2016,207,26,43.3,27.6,35.5,60.2,19.8,38,3.85,26.2,0,42.9,35.4,39,33.8,33.5,33.7,2,.6,225,67,9,16.8,8.2,8,2.1,18.2
2016,208,26,44.4,28,37,57.7,18.5,35.5,4.37,26.23,0,43.4,35.7,39.4,33.8,33.6,33.7,1.8,.9,238,56,7.1,16.9,8.3,7.9,2.12,18.3
2016,209,26,45.4,30.5,38.3,52.3,16.2,31.2,4.89,26.33,0,43.6,36.4,39.9,34,33.8,33.9,2.4,1.5,227,50,8,17.2,9.1,9.1,2.02,17.5
2016,210,26,44.8,30.2,37.5,56.2,17.2,35.7,4.32,25.83,0,43.8,36.7,40.1,34.2,34,34.1,1.9,.8,122,61,6.1,17.2,8.1,8.1,2.25,19.3
2016,211,26,45.2,21.7,36.1,93.6,16.9,40.5,4.08,26.29,29.21,43.8,36.8,40.1,34.4,34.2,34.3,3.7,1.5,218,62,25.5,15,9.1,10.2,2.18,18.8
2016,212,26,38.9,25.9,31.9,76.7,29.1,51.3,2.51,23.47,0,38.8,32.2,35.4,34.5,33.8,34.2,2.9,1.6,206,54,8.8,16.2,7.1,7.6,2.34,20
2016,213,26,39.2,26.2,32.5,76.7,27.7,51.4,2.63,25.55,0,40.8,31.7,35.9,33.8,33.2,33.5,2.8,1.9,232,46,12.1,16.3,7.8,7.9,2.39,20.3
2016,214,26,39.1,25.6,31.7,81.8,31,56,2.26,24.92,0,41.3,32.2,36.4,33.4,33.1,33.3,1.6,1.2,100,42,5,16.1,6.6,6.6,2.54,21.3
2016,215,26,39.8,27.9,32,75,31.2,55.8,2.24,21.07,0,41.2,33.7,37.1,33.3,33.1,33.2,2.5,1.3,100,57,9.6,16.8,6.2,7,2.58,21.6
2016,216,26,39.3,26.5,31.9,78.7,32.9,59.4,2.09,22.05,.76,40.7,32.8,36.1,33.4,33,33.2,2.6,2.2,80,29,12.2,16.4,6.2,6.9,2.73,22.5
2016,217,26,40,27.6,33.1,78.8,27.5,55.6,2.44,23.65,0,41.1,32.7,36.3,33.2,32.9,33.1,2.3,2,80,28,7.6,16.8,6.7,7.1,2.72,22.4
2016,218,26,36,29.4,32.2,77,40.8,55.1,2.2,20.96,.25,37.6,33.8,35.7,33.2,33,33.1,3.2,2.8,78,26,10.9,17.1,6.5,6.9,2.64,21.9
2016,219,26,42.2,26.1,34.9,77.2,21.3,44.9,3.37,25.97,0,40.6,32.4,36.1,33,32.7,32.9,2.2,2,76,27,6.9,16.4,7.9,7.9,2.38,20.2
2016,220,26,43.8,28,36.2,55.8,17.1,33.5,4.26,25.92,0,41.7,33.3,37.2,33,32.8,32.9,2,1,88,56,6.1,16.9,8.1,8,1.91,16.6
2016,221,26,44,26,35.9,49.5,9.3,24.7,4.79,26.48,0,41.7,33.2,37.4,33.2,33,33.1,1.8,1,206,55,7.2,16.4,8.5,7.9,1.35,11.2
2016,222,26,39.8,26.7,33.1,81.8,30,51.1,2.61,23.01,2.03,40.2,34.5,37.3,33.4,33.1,33.3,2.5,1.4,155,54,11.7,16.5,6.9,7.2,2.52,21.2
2016,223,26,40.4,25.1,31.8,88.7,30.4,61.7,2.09,23.62,.51,40.6,32.8,36.3,33.5,33.1,33.3,2.2,.3,94,75,18.1,16,6.4,6.9,2.77,22.7
2016,224,26,39.8,25.4,32,88,32.8,59.8,2.12,22.9,0,39.9,32.4,35.8,33.3,33,33.2,1.3,.5,87,62,6.8,16.1,5.9,5.9,2.75,22.6
2016,225,26,42.1,28,34.8,67.8,20.1,44.3,3.36,24.62,0,40.7,33.4,36.9,33.1,32.9,33,2.3,1.9,237,31,6.9,16.9,7.7,7.8,2.35,20
2016,226,26,43.4,27.3,36.3,63.1,17.8,38,4.04,24.82,0,41.7,33.5,37.5,33.2,33,33.1,1.4,.6,177,64,9.1,16.8,7.4,6.9,2.2,18.9
2016,227,26,43.8,29.5,35.5,51,17.8,34.9,3.94,25.48,0,41.4,34.3,37.6,33.4,33.1,33.3,2.8,2.7,71,18,8.6,17.2,8.5,9.1,1.96,17.1
2016,228,26,44.3,28.9,36.4,53,17.8,34.4,4.24,25.67,0,42,34.2,37.9,33.5,33.3,33.4,2.1,1.7,74,36,6.7,17,8.1,8.2,2.02,17.6
2016,229,26,44.7,27.1,35.8,62,14.5,34.6,4.13,24.72,0,42.1,34.6,38.2,33.7,33.4,33.5,2.5,2.1,83,33,10.9,16.7,8.1,8.6,1.95,17
2016,230,26,44.2,28.8,35.8,49.4,17.5,31.2,4.23,23.51,0,41.4,34.9,38,33.8,33.6,33.7,2.8,1.6,47,114,13.9,17.1,8.1,8.9,1.76,15.4
2016,231,26,41.5,24.8,32.9,71.1,18.6,37.5,3.36,22.13,.25,40.7,34,37.3,33.8,33.6,33.7,2.9,1.2,317,63,12.8,15.9,7.4,8.2,1.78,15.6
2016,232,26,39,22.6,30.9,80.7,19.2,47.2,2.68,26.28,6.86,39.2,31.6,35.5,33.8,33.3,33.5,2.9,1.7,278,53,11.8,15,7.7,8,1.96,17.1
2016,233,26,38.1,24.8,29.6,77.2,26.8,52.5,2.14,17.19,.25,37.1,31.4,33.9,33.4,32.8,33.1,2.1,.2,172,77,11.9,15.8,5,5.8,2.11,18.3
2016,234,26,38.5,22.8,30.9,85.4,21.4,48.7,2.61,26.36,0,39.4,30.1,34.4,32.8,32.3,32.6,1.2,.3,274,72,8.7,15,6.9,6.2,2.02,17.5
2016,235,26,37.9,23.1,30,78.9,30.2,53.8,2.12,22.97,2.03,37.8,31.4,34.4,32.6,32.3,32.4,2.1,.9,31,61,12.9,15.1,6.3,6.4,2.21,19.1
2016,236,26,38.1,23.4,30.5,78.4,23.5,48.5,2.47,25.6,0,38.1,30,33.6,32.4,32,32.2,2.8,1.8,49,48,8.2,15.2,7.3,7.6,2.02,17.6
2016,237,26,39.8,22.9,31.5,83.2,18.5,46.3,2.84,25.47,0,39.1,30.9,34.8,32.2,31.9,32,1.8,.4,85,71,12.4,15.2,7.3,6.9,1.97,17.1
2016,238,26,40.5,22.9,31.9,77.9,17.7,41.1,3.13,22.26,0,38.4,31.4,34.7,32.2,32,32.1,1.2,.4,216,66,5.2,15.2,6.2,5.8,1.79,15.7
2016,239,26,37.9,26.6,31.3,61,26.1,43,2.69,20.23,0,37,31.9,34.2,32.2,32,32.1,2.9,2.5,67,29,8.9,16.4,6.5,7.2,1.94,17
2016,240,26,38.4,23.4,30.5,72.8,16.8,42.6,2.74,25.21,0,37.8,31.1,34.2,32.1,31.8,32,1.7,1,51,54,8.2,15.3,7.1,6.6,1.74,15.1
2016,241,26,39.4,19.5,29.8,64.5,15.3,35.8,3.01,25.93,0,38.4,29.9,34,32,31.7,31.9,1.2,.2,70,72,6,13.8,7,6,1.4,11.9
2016,242,26,41,21,31.7,68.5,15,35.4,3.4,25.86,0,39,30.6,34.7,31.9,31.7,31.8,1.4,.2,164,75,4.7,14.5,7.4,6.5,1.54,13.4
2016,243,26,42.4,23.2,33,63.6,12.8,33.6,3.59,25.52,0,38.8,31.3,34.9,32,31.8,31.9,2.4,2.1,73,30,9,15.4,8.3,8.1,1.65,14.3
2016,244,26,41.2,28.4,34.6,53.9,20,34.3,3.71,25.38,0,39.3,32.9,35.8,32.1,31.8,32,3.3,3,73,21,8.4,17,8.7,9,1.88,16.4
2016,245,26,41.1,27,33.1,64.4,24.3,46.5,2.88,19.42,0,39.2,32.9,35.9,32.3,32,32.2,1.2,.5,125,64,7.9,16.6,5.5,5.4,2.3,19.7
2016,246,26,41.5,26.8,33.8,63.4,23,44.2,3.12,24.61,0,40.1,33.1,36.3,32.4,32.2,32.3,1.9,1.3,96,45,5.4,16.6,7.2,7.1,2.26,19.4
2016,247,26,40.5,24.2,32.7,61.5,10.9,31.5,3.68,25.12,0,39.7,32.7,36.1,32.5,32.3,32.4,1.9,.6,192,66,7.1,15.7,7.8,7,1.45,11.8
2016,248,26,37.6,19.1,29,48.1,12.5,24.8,3.24,25.77,0,38.3,30.8,34.6,32.6,32.2,32.4,1.8,.3,152,74,5.2,13.4,7.7,6.7,.95,6.1
2016,249,26,39.3,19.5,29.5,54.7,10.7,26.9,3.35,25.38,0,38.1,29.8,33.8,32.3,31.9,32.1,1.3,.2,154,74,4.4,13.8,7.1,6,1.03,7.3
2016,250,26,41,20.4,30.8,61.4,14.9,36.9,3.1,23.33,0,37.9,30.2,34,32.1,31.7,31.9,1.9,0,175,80,6.6,14.3,6.9,6.7,1.55,13
2016,251,26,30.7,23.3,27,99.2,57.5,77.1,.87,10.17,16.26,35.5,29.9,32.4,32,31.6,31.8,1.5,.7,284,58,6.7,14.1,2.2,2.8,2.7,22.3
2016,252,26,35.3,22.8,28.8,98.5,40,69.5,1.4,23.81,0,36,27.4,31.2,31.7,30.9,31.3,1.2,.5,197,60,4.8,14.7,5.8,5.2,2.65,22
2016,253,26,39.6,23.2,31.1,88,23.7,54.6,2.37,24.02,0,38,28,32.6,31.1,30.8,30.9,1.2,.3,194,69,5,15.3,6.5,5.8,2.32,19.8
2016,254,26,41.1,24.1,32.1,76.5,15.7,43.5,3.05,23.96,0,38.6,28.9,33.4,31.1,30.9,31,1,.5,92,55,3.8,15.7,6.5,5.6,1.92,16.7
2016,255,26,40,21.8,31.5,72.3,16.2,37.5,3.23,23.87,0,38,28.7,33.2,31.2,31,31.1,1.3,.7,193,53,4.8,14.7,6.9,5.8,1.59,13.9
2016,256,26,38.6,23.8,31.5,75.7,17.3,44,2.8,23.71,0,38.1,29.6,33.6,31.2,31,31.1,1.8,1.3,192,40,6.9,15.4,6.9,6.2,1.94,16.8
2016,257,26,35.7,22.9,29.1,69.3,26.3,47.5,2.28,15.98,0,34.1,29.5,32,31.3,31,31.1,2.5,1,149,62,8.8,14.8,5.1,5.7,1.84,16.1
2016,258,26,36.2,19.8,27.7,78.6,15.1,44.8,2.3,23.98,0,36.2,27.5,31.5,31,30.6,30.8,1.3,.4,226,67,5.1,13.5,6.4,5.4,1.56,13.3
2016,259,26,37.1,14.8,26.2,63.1,9.3,27.9,2.76,24.46,0,35.1,26.2,30.5,30.7,30.3,30.5,1.3,.1,317,77,4.7,11.4,6.6,5.4,.88,4.9
2016,260,26,38.1,14.6,25.7,63.1,7.9,31.4,2.64,23.65,0,34.2,25.6,29.8,30.4,29.9,30.2,1.2,.5,64,61,4.5,11.5,6.3,5.3,.93,5.8
2016,261,26,38.7,14.9,26.1,65.1,9.8,31.9,2.67,23.74,0,34.2,25.7,29.8,30,29.6,29.9,1.5,.7,67,60,6.6,11.7,6.6,5.9,1,6.9
2016,262,26,41.6,15.6,28,60,6.6,28.3,3.17,23.54,0,34.6,25.8,30,29.8,29.4,29.6,1.5,.7,57,59,6.3,12.3,6.8,6.1,.97,6.4
2016,263,26,35.8,16.6,27.1,66.1,18.9,39.2,2.34,14.85,0,31.8,26.5,29.5,29.7,29.4,29.5,1.7,.8,209,58,6.1,12.1,4.5,4.7,1.39,11.4
2016,264,26,30.1,24.2,27,78.8,41.5,58.9,1.5,8.99,0,30,28.1,29.1,29.5,29.2,29.4,2.6,2.1,326,36,9.9,14.4,2.9,3.8,2.09,18.1
2016,265,26,37.4,21.5,28.3,87.9,31.4,61.4,1.72,19.38,0,34.8,27,30.3,29.3,29,29.1,1.5,.7,234,60,7.8,14.4,5.2,4.9,2.26,19.4
2016,266,26,29.8,22,25,99.9,67.1,82.2,.58,11.83,4.83,31.7,27.3,29.2,29.3,29.1,29.2,1.8,1.3,129,43,6,13.1,2.5,2.9,2.6,21.7
2016,267,26,31.7,14.4,22.6,80.2,7.6,34.8,2,22.69,0,31.2,23.3,27.1,29.2,28.5,28.9,2.1,1.8,284,30,6.3,10.1,6.3,5.6,.87,4.6
2016,268,26,33.1,11.5,23,82,12.4,36.9,2.05,22.7,0,31.3,22.1,26.5,28.6,28,28.3,1.5,.2,264,75,5.1,9.1,5.9,5,.94,6
2016,269,26,35.6,20.9,27.7,44.7,12.3,26.5,2.85,22.44,0,32.2,24.2,27.9,28.1,27.8,28,2,1.2,16,50,7.5,13.9,6.8,6,.98,6.5
2016,270,26,31.3,20.7,26.5,56.6,20.6,40.5,2.1,10.99,0,29.5,26.3,27.8,28,27.9,28,3.1,2.8,82,26,7.5,13,4.1,5.2,1.4,11.8
2016,271,26,30.2,21.1,25,58.3,33.5,45.9,1.76,17.61,0,29.7,25.1,27.1,28,27.7,27.8,3.4,3.2,71,21,9.2,12.9,5.5,5.7,1.45,12.4
2016,272,26,36.5,18.5,27.5,78.5,26.1,51.2,2.01,21.04,0,32.4,24.8,28.2,27.8,27.5,27.6,1.8,1.4,78,39,7.8,13,5.7,5.3,1.81,15.9
2016,273,26,32.7,22.9,27.8,82.5,37.8,56.2,1.7,15.61,0,31.5,27.2,29.1,27.9,27.6,27.8,2.5,2.1,80,32,7.2,14.4,4.5,4.7,2.08,18.1
2016,274,26,36.9,19.4,28,74.2,24.6,51,2.06,20.25,0,33.1,25.9,29.2,28,27.8,27.9,1.7,.9,57,54,6.3,13.4,5.6,5.1,1.87,16.3
2016,275,26,37.5,20.6,28.5,70.6,18.9,46.7,2.29,20.91,0,33.7,26.6,29.9,28.1,27.9,28,1.4,.9,85,48,5.2,14,5.6,4.9,1.73,15.1
2016,276,26,30.2,21.4,25,89.5,52.5,71.7,.92,11.92,3.05,30.7,26.5,28,28.3,28.1,28.2,3.3,3,73,24,7.2,13,3,3.8,2.26,19.3
2016,277,26,29.8,14.8,22.1,95.2,7.7,44.1,1.69,21.46,0,29.6,22.7,26.1,28.1,27.5,27.8,2.2,1.5,278,45,8.7,9.5,6,5,1.07,6.3
2016,278,26,30.8,9.5,20.6,77.6,14,35.7,1.82,20.99,0,29.1,21.2,25,27.6,27,27.3,1.5,.4,120,71,5.1,7.9,5.4,4.3,.79,3.4
2016,279,26,32.9,12,22.5,71,17,41.2,1.84,20.29,0,29.3,21.9,25.4,27,26.6,26.8,1.7,.7,70,61,6.7,9.2,5.4,4.7,1.05,7.5
2016,280,26,33.9,13.5,23.1,75.5,10.8,39,2.04,20.53,0,30.1,22.5,26.1,26.7,26.5,26.6,1.1,.1,39,77,3.5,10.2,5.1,4.1,.99,6.6
2016,281,26,35.5,13.2,24.5,59.5,14.5,31.2,2.4,19.92,0,29.8,22.3,25.9,26.7,26.4,26.5,1.6,.6,24,64,6.1,10.4,5.7,4.9,.91,5.3
2016,282,26,38.8,18.9,28.5,59.4,18,35,2.75,19.21,0,31.3,24.6,27.5,26.6,26.4,26.5,2.2,1.7,72,38,9.3,13.5,6.1,6,1.32,10.9
2016,283,26,35.7,18.8,28.6,63.1,25.9,38.6,2.52,19.16,0,31.5,25.5,28.3,26.8,26.5,26.7,2.2,1.8,74,33,7.2,13,5.9,5.4,1.49,12.9
2016,284,26,36.9,18,26.8,72.8,16.1,42.7,2.32,19.27,0,31.7,25,28.2,27,26.8,26.9,1.3,.5,64,63,4.8,12.9,5.2,4.4,1.39,11.8
2016,285,26,37.3,14.9,25.8,76.3,10.7,35.7,2.51,19.55,0,31.4,24.4,27.7,27.1,26.9,27,1.4,.4,69,67,5.2,11.5,5.4,4.6,1.07,7.7
2016,286,26,35.6,13.5,24.1,68.2,15.9,36.4,2.16,18.79,0,30.1,23.7,26.8,27.1,26.8,27,1.3,.7,65,56,5.5,10.6,5,4.2,1.03,7.4
2016,287,26,36.7,12.8,23.9,69.8,12.3,37.4,2.17,19.29,0,29.9,23.1,26.4,26.9,26.6,26.8,1.4,.8,73,54,5.5,10.4,5.2,4.5,1.03,7.4
2016,288,26,38.2,13.9,24.2,73,11.1,35,2.33,18.93,0,29.5,22.8,26.1,26.7,26.4,26.6,1.5,.9,64,51,6.5,11.1,5.2,4.8,.98,6.6
2016,289,26,35.5,13.1,24,62.5,15.3,37.3,2.18,18.71,0,30.1,22.8,26.3,26.5,26.3,26.4,.9,.2,37,70,3.3,10.4,4.7,3.6,1.06,7.6
2016,290,26,35.9,13.9,24.2,65.3,15,38.8,2.1,18.28,0,29.6,23,26.2,26.5,26.2,26.3,1.3,.4,92,66,5.1,10.8,4.8,4.2,1.1,8.3
2016,291,26,33.5,16.9,24.4,72,19.1,43.6,1.93,18.01,0,29.9,23.4,26.5,26.4,26.1,26.3,1.3,.2,148,74,4.2,11.7,4.7,3.9,1.27,10.4
2016,292,26,34.3,14.8,23.9,77.9,25,47.4,1.77,17.79,0,29.8,23.4,26.4,26.3,26.1,26.2,1.2,.6,63,58,3.7,10.9,4.3,3.7,1.35,11.3
2016,293,26,35,14.8,24.1,70.4,18.5,38,2.13,17.77,0,29.7,22.8,26.1,26.3,26,26.2,1.1,.2,333,72,3.2,11,4.6,3.8,1.08,7.9
2016,294,26,35.4,12.6,24.5,60.8,8.8,28,2.49,17.98,0,28.6,22.1,25.4,26.2,25.9,26.1,1.6,1,57,49,6.4,10,5.3,4.5,.81,3.6
2016,295,26,35.7,20.4,28.4,52,16.8,26.6,2.94,17.17,0,29.6,24.9,26.8,26,25.9,25.9,4.3,4,70,21,11.4,13.7,7.3,7.8,1.01,7
2016,296,26,38.4,16,25.9,64.8,15.6,38.2,2.33,17.21,0,30.1,23.7,26.7,26.1,26,26,1.3,.7,78,57,5.7,12.1,4.7,4.3,1.23,9.8
2016,297,26,38.1,14.2,25.6,59.2,15.8,37.9,2.35,16.65,0,29.7,23.3,26.5,26.2,26,26.1,.9,.4,53,59,4.4,11.3,4.2,3.5,1.2,9.4
2016,298,26,33.6,17.2,25.1,73.6,29.1,52,1.61,10.61,0,28.1,24.4,26.4,26.1,26,26.1,1.1,.4,71,65,5.7,11.9,2.6,2.9,1.65,14.3
2016,299,26,35.5,18.1,26.1,80.1,26.7,52.2,1.83,16.34,0,30.4,24.3,27,26.1,25.9,26,1.1,.6,335,57,5.7,12.7,4,3.5,1.69,14.8
2016,300,26,37.1,18,26.1,76.7,22.1,48,1.98,16.71,0,29.8,24.1,26.9,26.2,26,26.1,1.4,.7,47,58,6.3,12.9,4.4,4,1.56,13.5
2016,301,26,37.5,18.3,26.1,69.3,20.9,44.5,2.03,14.03,0,29.4,24.1,26.7,26.2,26,26.1,1,.1,43,77,4,13.1,3.7,3.4,1.48,12.7
2016,302,26,35.1,18.9,26.2,72.6,20.8,43.9,2.07,12.23,0,29.1,24.6,26.8,26.2,26,26.1,.8,.2,3,67,3.5,12.9,3,2.8,1.44,12.3
2016,303,26,37.9,16.8,26.1,70.3,17,42.5,2.21,16.05,0,29.5,23.7,26.5,26.1,25.9,26,1.3,.8,55,50,6.1,12.5,4.4,3.8,1.36,11.4
2016,304,26,34.6,16.7,24.9,72.5,24.7,47.9,1.79,12.73,0,28.4,23.8,26.1,26.1,25.9,26,.9,.4,94,61,3.7,11.8,3.1,2.8,1.48,12.7
2016,305,26,30.1,15.7,22.7,72.2,36.3,51.5,1.44,13.52,0,27.9,23,25.5,26,25.7,25.9,1.1,.4,204,66,4,10.1,3.2,2.8,1.4,11.9
2016,306,26,29.6,13,20.6,68.2,19.7,43,1.54,15.61,0,27.2,21.7,24.4,25.8,25.4,25.6,1,.3,248,68,4.3,8.5,3.7,2.8,.99,6.7
2016,307,26,32,13.9,21.7,65.2,17.6,34.2,1.86,15.75,0,27,20.9,23.8,25.5,25,25.3,1.6,1.3,305,33,5.2,9.9,4.2,3.8,.85,4.5
2016,308,26,31.5,15.4,21.9,92,26.1,53.2,1.36,10.96,.51,25.8,21.9,23.5,25.1,24.8,25,2.4,1.8,60,41,12.1,10.5,3.4,4,1.34,10.9
2016,309,26,29.2,13.7,20.5,94.9,35.4,66.9,.97,15,0,26.1,20.2,22.9,24.9,24.4,24.7,.8,.2,70,67,3,8.6,3,2.4,1.54,13.4
2016,310,26,31.1,13.4,21.2,89.8,28.1,61,1.16,15.16,0,26.4,20.7,23.4,24.5,24.3,24.4,1.1,.6,81,56,5.2,9.4,3.3,2.8,1.46,12.5
2016,311,26,31.2,12.3,21,82.9,30,58.5,1.23,15.16,0,26.5,20.6,23.5,24.4,24.2,24.3,1.1,.5,77,59,5.3,8.9,3.4,2.8,1.4,11.9
2016,312,26,32.8,12.3,20.9,77.7,28.5,54.5,1.32,15.02,0,26.5,20.5,23.4,24.3,24.1,24.2,1.1,.4,75,65,5.8,9.4,3.5,3,1.29,10.7
2016,313,26,32.1,13.1,23.2,67.6,18.7,36,2.07,14.66,0,25.8,20.8,23.2,24.2,24,24.1,3.3,3,69,24,10.6,9.6,5.6,5.4,.95,6.1
2016,314,26,29,17,23.6,48,16.8,26.6,2.2,15.34,0,25.6,21.6,23.5,24.1,23.9,24,4.1,3.9,70,17,12.3,10.3,6.2,6,.76,2.9
2016,315,26,27.4,14.3,21.4,46.1,19.4,29.5,1.86,15.06,0,24.9,20.5,22.7,24,23.8,23.9,3.1,2.8,65,27,9.9,8.1,5.3,4.8,.74,2.4
2016,316,26,27.8,12.4,20.6,58.2,25.9,39.2,1.59,14.74,0,24.6,19.9,22.2,23.9,23.6,23.7,2.7,2,68,41,8.7,7.4,4.6,4.1,.93,5.8
2016,317,26,28.1,11.7,20.1,62.1,22.2,37.6,1.62,14.24,0,24.2,19.4,21.7,23.6,23.3,23.5,2.7,2.1,61,38,8.9,7.2,4.5,4.2,.85,4.6
2016,318,26,29.6,10.6,19,58.1,21,40.2,1.5,14.13,0,24.3,18.7,21.3,23.4,23.1,23.2,1.6,.5,20,68,6.4,7.7,3.6,3.2,.85,4.6
2016,319,26,30.4,9.5,19.8,63.7,15.8,34.5,1.73,14.63,0,24.1,18.5,21.2,23.1,22.9,23,1.6,1,55,52,6,7.7,4,3.4,.75,2.7
2016,320,26,29.2,9.7,19.1,60.6,18.2,35,1.61,14.25,0,24,18.4,21.1,22.9,22.7,22.8,1.5,.8,69,55,6.6,7.1,3.7,3.1,.75,2.7
2016,321,26,24,11.3,17.9,61.1,23.9,39.8,1.29,7.99,0,21.8,18.6,20.4,22.8,22.5,22.7,1.3,.8,69,51,4.9,5.1,2,2.2,.83,3.9
2016,322,26,23,8.4,15.8,52.1,9.9,26.7,1.4,14.57,0,21.9,17.4,19.6,22.5,22.2,22.4,2.6,2.3,299,28,8.6,4,4.4,3.8,.45,-4.7
2016,323,26,23.5,5.8,13.9,34,8.4,21.2,1.36,14.44,0,20.8,15.3,18,22.2,21.7,22,1.7,.8,25,57,6.8,3.9,3.8,2.9,.33,-8.4
2016,324,26,28.1,5.1,16.8,45.4,14.7,26.3,1.6,12.95,0,20.6,15.1,17.9,21.7,21.2,21.5,2.2,1.4,56,49,10.4,5.8,4.2,3.9,.5,-3.2
2016,325,26,22.4,13.6,16.6,99.3,21.5,59.1,.82,3.01,16.76,19.5,17.9,18.5,21.3,21.1,21.2,1.9,1.4,86,41,7.4,5.2,.9,2.1,1.09,7.1
2016,326,26,21.1,10.2,16.7,99.3,37.6,73.9,.53,10.5,.25,19.5,16.1,18,21.1,20.9,21,2.8,.7,216,70,10.9,3.5,2.2,2,1.39,11.6
2016,327,26,21.9,7,13.9,95.6,38.6,73.5,.52,13.75,0,19.4,13.1,16.1,20.9,20.4,20.7,.9,.3,358,67,3.6,3.2,2.2,1.7,1.13,8.8
2016,328,26,24,7.1,14.5,97.7,29.7,70.6,.63,13.92,0,19.5,12.9,16,20.4,20,20.2,1.1,.4,350,64,5.2,4.3,2.4,2,1.1,8.3
2016,329,26,25.8,7.5,15.4,88.2,9.2,46.7,1.13,13.6,0,19.2,12.7,15.8,20,19.7,19.9,1.4,.9,345,48,7.4,5.1,2.9,2.6,.72,1.9
2016,330,26,25.8,4.8,15.4,77.4,14.9,43.2,1.26,13.54,0,18.5,11.4,14.9,19.7,19.3,19.6,2.1,1.4,63,46,8.6,4.7,3.8,3.2,.66,1
2016,331,26,20.2,13.6,17.8,71.3,25.4,42.8,1.19,5.33,0,17.4,15.5,16.3,19.4,19.2,19.3,3.2,2.6,79,36,8.7,4.1,2.4,3.2,.85,4.4
2016,332,26,19.5,7.1,12.9,90.4,38.6,63.4,.61,11.79,4.06,17.7,12.9,15.3,19.3,19,19.2,2.8,2.2,226,38,12.1,2.2,2.6,2.4,.92,5.6
2016,333,26,15.5,4.1,10.1,98.1,44.8,78.2,.31,9.23,0,14.9,10.8,13.2,19.1,18.6,18.9,.9,.4,89,58,3.4,.6,1.1,1.1,.94,6.1
2016,334,26,17.2,3.6,10.1,94.5,24.1,62.5,.56,13.62,0,15.7,9.8,12.6,18.6,18,18.3,1.7,1.5,314,27,9.6,1.1,2.4,1.8,.72,2
2016,335,26,18.3,1.8,9.1,87.7,21.7,56.2,.62,13.38,0,15.3,8.5,11.7,18,17.5,17.8,1,.4,357,62,4.8,1.4,2.2,1.6,.6,-.3
2016,336,26,17.8,3.2,9.4,87,22.4,56.8,.61,12.03,0,15,8.9,11.6,17.5,17,17.3,.9,.4,48,62,6,1.3,2,1.5,.62,.2
2016,337,26,16.4,4.3,10.1,85.3,29.9,58.7,.56,10.78,0,15,10.2,12.5,17.1,16.9,17,1.1,.4,47,65,3.9,.9,1.7,1.4,.7,1.9
2016,338,26,21.9,5.4,12.9,71.3,17.6,38.2,1.03,13.02,0,16.1,9.2,12.4,16.9,16.6,16.8,2.2,1.9,320,25,8,3,3.2,2.9,.53,-1.9
2016,339,26,21.8,4.7,12.6,61.7,15.6,36.8,1.02,13.16,0,16.5,9.8,13,16.8,16.6,16.7,1.1,.4,357,63,4.2,3,2.7,1.9,.51,-2.5
2016,340,26,19.7,2,10.9,81.8,21.4,48.7,.79,11.36,0,15.4,9.7,12.6,16.7,16.5,16.6,1.2,.7,46,51,6.5,1.9,2.2,1.8,.59,-.5
2016,341,26,21.1,3,11.8,84.3,36.1,61.4,.61,9.35,0,15.8,10.1,12.7,16.6,16.4,16.5,.8,.4,72,56,4.1,2.5,1.5,1.4,.85,4.2
2016,342,26,20.1,5.4,12.3,97,36.4,69.6,.51,11.84,0,17,11.3,13.9,16.5,16.4,16.4,1,.2,305,73,4,2.3,1.9,1.4,.97,6.4
2016,343,26,20.7,3.3,11.5,85.5,39.8,61.5,.6,12.19,0,16.5,10.2,13.2,16.6,16.4,16.5,.7,.2,355,68,3,2.3,1.9,1.4,.82,4
2016,344,26,21.9,5,12.9,89,40.2,65.5,.6,11.46,0,16.5,11,13.6,16.5,16.4,16.4,1.3,.7,63,55,5.2,3,2.1,1.7,.96,6.2
2016,345,26,23,4.6,13.7,91.3,32,62.6,.7,11.77,0,16.9,11,13.9,16.5,16.4,16.4,1.1,.6,70,52,5.4,3.5,2.1,1.7,.94,6.1
2016,346,26,23.5,8.2,14.9,81.9,33.5,60.7,.78,11.44,0,17.8,12.3,14.8,16.5,16.4,16.5,1.1,.6,71,55,4.9,4.2,2.1,1.8,.99,6.8
2016,347,26,24.4,7.3,15.4,86.3,37.3,62.5,.79,11.86,0,18.2,12.4,15.2,16.7,16.5,16.6,.9,.5,58,54,4.8,4.4,2.2,1.7,1.06,7.7
2016,348,26,23.8,9.5,15.9,85.9,39,64.9,.73,10.41,0,18.2,13.5,15.8,16.9,16.6,16.8,1,.6,53,51,5.6,4.5,1.9,1.6,1.14,8.9
2016,349,26,24.4,8.5,15.8,89.1,40.6,67.1,.69,11.22,0,18,13,15.4,17,16.9,17,1.4,1,68,44,7.7,4.6,2.3,1.9,1.18,9.3
2016,350,26,23.2,8,15.9,89.5,42.9,67.1,.69,9,0,17.1,12.6,15,17.1,16.9,17,1.3,.9,80,43,6.1,4.1,1.7,1.7,1.19,9.4
2016,351,26,26,15.1,19.6,92.6,39.3,63.1,.91,10.12,0,19.5,15.3,17.1,17.2,16.9,17,3.4,1.5,137,60,9.6,7.8,2.7,3.2,1.4,11.9
2016,352,26,18.8,5.5,13,57,18.8,39.3,.93,12.37,0,18.3,14.2,16.5,17.5,17.1,17.4,3.5,3.2,271,24,12.6,1.8,3.3,3.2,.59,-.9
2016,353,26,20.3,-.4,9.3,65.1,16.6,37.8,.83,12.64,0,15.5,9.9,12.8,17.5,16.9,17.3,1.3,1.1,328,29,5,2,2.5,2,.41,-5.2
2016,354,26,23.8,3.7,13.3,61.9,19.2,32.2,1.16,12.34,0,15.6,9.7,12.6,17,16.4,16.7,1.8,1.2,20,46,8.1,3.7,3.2,2.8,.48,-3.5
2016,355,26,25.9,9.5,15.8,69.7,21.4,43.6,1.11,10.61,0,16.7,11.7,14,16.5,16.3,16.4,1.2,.5,20,63,7.2,5.6,2.5,2.2,.76,2.9
2016,356,26,21.6,13.7,17.7,91.3,37.6,57.4,.89,4.4,.51,16.8,14.3,15.4,16.5,16.3,16.4,1.9,1.6,74,32,6.8,4.9,1.2,2,1.15,8.9
2016,357,26,17,13.5,15.2,100,84.6,92.8,.12,4.46,15.49,16.2,14.9,15.7,16.8,16.5,16.7,2.1,.7,206,66,7.3,2.5,.2,.9,1.6,14
2016,358,26,17.5,12.2,14.6,100,69.8,87.3,.22,6.2,0,16.7,14.1,15.1,16.8,16.7,16.8,.2,.1,88,66,1.8,2.2,.4,.8,1.44,12.4
2016,359,26,14.7,7.8,11.5,98.1,72,90.2,.14,2.68,11.43,14.2,10.4,12.8,16.8,16.5,16.7,1.9,1,192,55,12.7,.5,0,.7,1.22,9.9
2016,360,26,13.9,3.2,8.7,96.5,40.5,76,.31,12.48,0,12.7,7.4,10,16.5,15.6,16.1,.9,.2,214,70,5.1,.2,1.6,1.1,.83,4.2
2016,361,26,18.8,2.8,9.7,98.8,29.8,73.7,.41,12.36,0,12.4,6.6,9.5,15.7,14.9,15.3,1,.9,315,34,4.6,1.7,1.8,1.4,.85,4.5
2016,362,26,21.8,5.8,12.6,88.5,35.3,69.7,.54,12.43,0,13.6,7.4,10.3,15,14.6,14.8,1.1,.9,311,33,5.2,3.1,2,1.6,.99,6.6
2016,363,26,17.6,7.4,11.8,100,55.9,84.1,.25,8.22,0,12.7,8.8,10.7,14.7,14.5,14.6,.7,.5,315,45,3,1.5,.8,1,1.15,9.1
2016,364,26,25.4,9.4,16.1,98.9,26.5,64.8,.81,12.12,0,15.3,9.9,12.2,14.5,14.4,14.5,1.5,.9,46,51,7.9,5.3,2.5,2.2,1.11,8.4
2016,365,26,22.6,12.5,17,100,43.4,64.1,.74,10.51,5.33,16.2,12,13.9,14.9,14.5,14.7,3.4,2.4,64,43,8.8,4.8,2.8,2.8,1.21,9.6
2016,366,26,18.3,11.7,14.6,100,60.4,88.3,.22,7.16,1.27,15.5,13.1,14.2,15.3,14.9,15.1,1.1,.3,210,67,4.2,2.4,.7,1.1,1.46,12.6
