2016,1,27,19.9,2.9,10.6,63.1,28.1,43.5,.8,12.09,0,9.6,6.5,7.9,10.1,9.8,9.9,.9,.3,75,64,4,2.1,2.2,1.6,.56,-1.6
2016,2,27,20.3,9.5,13.8,61.4,23.2,40.8,.98,12.14,0,10.7,7.8,9,10.1,9.9,10,1.4,1.2,72,26,6.9,2.9,2.5,2,.63,.4
2016,3,27,20.6,10.2,15.2,54.8,25.3,35.6,1.15,9.54,0,10.9,8.5,9.6,10.4,10.1,10.3,1.1,1,77,27,4.8,3.2,2.2,1.9,.6,-.2
2016,4,27,16.2,9.5,12.9,97.4,28.6,63.1,.61,3.38,12.95,10.9,9.9,10.4,10.8,10.4,10.6,1.5,1.2,100,34,6.9,1.1,.6,1.5,.89,4.8
2016,5,27,13.2,9.3,11,99.3,75.1,92.4,.1,4.17,8.13,11.8,10.4,11.1,11.1,10.8,10.9,.9,.8,137,34,5,.1,0,.7,1.21,9.7
2016,6,27,12.9,7.6,10,99.4,56.7,84.1,.21,6.43,13.97,11.6,10.8,11.3,11.4,11.1,11.3,2.2,1.6,209,44,8.8,0,.7,1.1,1.02,7.2
2016,7,27,9.9,5.6,7.9,97.8,77.1,93.3,.07,3.9,12.95,11,10.3,10.6,11.4,11.2,11.3,1.3,1,160,38,8.7,0,0,.6,1,6.9
2016,8,27,11.5,4.3,7.1,98.2,58.8,88.9,.12,5.36,1.52,10.8,9.7,10.2,11.3,11,11.1,.6,.3,228,57,5.6,0,.2,.8,.89,5.2
2016,9,27,13.9,2.6,7.2,97.8,45.5,79.1,.26,12.33,0,10.7,8.3,9.5,11.1,10.7,10.9,.7,.2,152,70,4.1,.2,1.5,1.1,.78,3.4
2016,10,27,12.4,3.8,7.6,91.7,49.4,76.2,.28,7.55,0,10.4,8.5,9.3,10.8,10.5,10.6,.7,.3,338,63,4,0,.7,1,.78,3.4
2016,11,27,15.6,2.6,8.2,92,23.6,54.9,.57,13.17,0,10.2,7.9,9,10.6,10.3,10.4,1,.5,26,56,4.5,.5,2.1,1.5,.55,-1.5
2016,12,27,18.3,2.1,9.3,74.1,18.5,44.2,.75,13.38,0,9.9,7.2,8.6,10.3,10,10.2,1.1,.4,47,64,3.9,1.4,2.4,1.7,.48,-3.3
2016,13,27,17.9,3.8,10,66.8,20.1,41,.79,13.47,0,9.9,7.3,8.6,10.1,9.8,10,1,.2,9,73,3.6,1.4,2.5,1.7,.48,-3.4
2016,14,27,16.8,2.1,8.7,78.2,27.9,54.4,.6,12.91,0,9.9,7.3,8.6,10,9.7,9.9,.8,.1,82,74,3.7,.9,2.1,1.4,.58,-.7
2016,15,27,14.1,3.6,8.1,83.9,37.2,63.4,.44,7.51,0,9.4,7.8,8.5,9.9,9.7,9.8,1,.1,141,76,4.8,.2,1,1.3,.67,1.2
2016,16,27,15.2,3,8.9,86.2,34.5,61.4,.5,10.92,0,9.6,7.2,8.4,9.8,9.6,9.7,.9,.1,358,75,4.2,.5,1.7,1.4,.68,1.4
2016,17,27,19.1,3.7,10.3,83.2,31.5,60.3,.6,13.58,0,10.5,7.7,9,9.8,9.6,9.7,.9,.3,9,68,4.2,1.8,2.3,1.6,.71,2.1
2016,18,27,19.3,6.1,11.2,81.7,23.2,55.5,.68,9.43,0,10.6,8.2,9.3,10,9.8,9.9,1,.2,72,74,4.3,2,1.6,1.7,.7,1.8
2016,19,27,19.7,4.6,12.1,82,25.5,51.2,.79,12.61,0,10.8,8,9.4,10.1,9.9,10,1,.1,334,76,4.8,2.1,2.3,1.7,.68,1.5
2016,20,27,19.4,6.2,12.5,82.3,33.1,57.3,.7,13.4,0,11.5,8.9,10.1,10.3,10,10.2,1.2,.3,265,71,5.6,2.1,2.5,1.8,.8,3.7
2016,21,27,21.4,6.7,13.5,72,10.8,31.3,1.15,13.09,0,11.4,8.9,10.1,10.5,10.3,10.4,1.4,1.2,50,30,5.4,3,2.9,2.4,.45,-4.6
2016,22,27,23.6,7.2,15.2,46.8,10.8,23.5,1.41,13.3,0,11.7,8.8,10.2,10.5,10.4,10.5,1,.6,63,51,4,4.1,3.1,2.1,.38,-6.3
2016,23,27,22.2,9,14.9,62.7,14.6,31.2,1.22,10.8,0,11.7,9.4,10.5,10.7,10.5,10.6,.8,.2,191,72,4,3.8,2.4,1.8,.5,-2.7
2016,24,27,17.2,4.2,10.9,74.3,24.1,47.3,.75,14.07,0,11.6,9.3,10.4,10.8,10.7,10.8,1.2,.6,219,59,6.2,1.1,2.8,1.9,.59,-.6
2016,25,27,17.8,5.2,11,71.6,22.4,44,.81,13.97,0,11.7,9.1,10.3,10.8,10.6,10.7,1.1,.3,342,70,4.7,1.4,2.7,1.9,.55,-1.6
2016,26,27,19.7,5,12.4,48.7,10.9,21.3,1.2,14.83,0,11.6,8.8,10.2,10.8,10.6,10.7,1.7,1.3,36,42,6.1,2.1,3.5,2.8,.29,-9.9
2016,27,27,19.9,6.3,12.4,50.8,11.7,25.7,1.15,14.69,0,11.8,8.9,10.2,10.8,10.6,10.7,1.1,.4,42,64,5,2.3,3.2,2.2,.35,-7.6
2016,28,27,21.3,6.7,12.4,63,15.4,34.5,1.03,14.38,0,12,9.1,10.4,10.8,10.6,10.7,.9,.2,337,72,4.1,2.9,2.9,2.1,.47,-3.7
2016,29,27,22.4,4.6,12.4,74.3,16.5,41,.96,13.02,0,11.9,9.2,10.5,10.9,10.7,10.8,.8,.1,41,75,3,3.2,2.4,1.9,.55,-1.5
2016,30,27,21,6.5,13.3,68.2,17.8,41.5,1.01,13.99,0,12.1,9.4,10.7,10.9,10.8,10.9,1.2,.3,175,70,5.5,2.8,3,2.3,.59,-.6
2016,31,27,21.9,7.5,15,95,24.4,46.7,1.01,11.86,9.91,12.3,9.9,11.1,11.1,10.9,11,2.1,1.6,202,41,14.8,3.3,2.8,2.9,.75,2.6
2016,32,27,11,1.8,7.1,83.9,48,58.9,.42,3.61,0,12.1,9.3,10.3,11.3,11,11.2,3.7,3.3,247,29,14.3,0,.9,1.8,.59,-.5
2016,33,27,11,.2,5.4,87.9,20.4,43.7,.55,15.7,0,9.8,7.4,8.6,11,10.3,10.6,1.5,.7,296,60,7.5,0,2.6,1.9,.37,-7.1
2016,34,27,13.3,-1.1,5.6,77.7,20,45.2,.56,15.86,0,9.7,6.6,8.1,10.3,9.7,10,1.2,.5,36,63,4.8,0,2.6,1.8,.38,-6.5
2016,35,27,17.2,1,8.7,61.2,11.9,30.5,.87,15.46,0,10,6.6,8.2,9.8,9.4,9.6,1.2,.6,50,59,4.8,1,3,2.2,.31,-9
2016,36,27,19.5,5.2,11.9,59.1,12.8,27.9,1.08,16.03,0,10.9,7.3,8.9,9.6,9.5,9.6,1.6,1.3,44,37,6.1,2.1,3.5,2.8,.37,-6.8
2016,37,27,23.3,6.1,13.9,55.2,10.2,24.2,1.31,16.47,0,11.6,7.9,9.6,9.9,9.6,9.8,1.1,.7,65,53,6.1,3.7,3.7,2.6,.36,-7.3
2016,38,27,26.3,7,16.4,56.1,11.6,23.9,1.55,16.5,0,12.3,8.6,10.3,10.3,9.9,10.1,1.3,.4,23,65,4.5,5.3,4,3,.42,-5.1
2016,39,27,28,12.9,19.6,54.5,10.7,20,1.94,16.8,0,13.7,10,11.6,10.9,10.2,10.5,1.6,.9,51,53,5.7,7.7,4.6,3.6,.44,-4.7
2016,40,27,28.1,12,19.6,48.4,10.2,21.7,1.93,16.95,0,14.1,10.6,12.2,11.4,10.9,11.1,1.4,.9,76,47,6.1,7.3,4.5,3.4,.46,-3.8
2016,41,27,28,8.8,18.9,60.4,11.8,24.1,1.8,16.55,0,14.5,11.1,12.7,11.8,11.4,11.6,1.1,.2,40,74,4.5,6.4,4.2,3,.5,-3
2016,42,27,27,8.6,17.7,66.1,13.9,33.3,1.51,17.16,0,15,11.6,13.1,12.2,11.8,12,1,.1,359,77,3.8,5.9,4,2.8,.62,.2
2016,43,27,28.8,9.6,18.3,62.7,12.9,32.7,1.6,17.29,0,15.4,11.9,13.5,12.5,12.2,12.3,1,.3,27,68,4,7,4.1,2.9,.63,.4
2016,44,27,28.1,10,18.4,60.8,11,29.4,1.68,17.69,0,15.2,11.9,13.5,12.7,12.5,12.6,1.2,.3,1,71,4.2,6.8,4.3,3.2,.56,-1.1
2016,45,27,25.5,8.1,16.5,67.3,14.1,34,1.39,16.5,0,14.9,11.8,13.3,12.9,12.6,12.8,1,.2,2,71,6.3,5.1,3.7,2.7,.59,-.6
2016,46,27,27.8,9.6,18.2,64.2,13.1,29.9,1.66,17.68,0,15.4,11.9,13.5,12.9,12.7,12.8,1.2,.3,264,68,5.6,6.6,4.4,3.2,.57,-1
2016,47,27,29.8,11.3,19.4,61.4,11.8,31.2,1.75,18.16,0,15.9,12.3,14,13.1,12.9,13,1,.3,19,66,3.3,7.9,4.3,3.1,.64,.7
2016,48,27,29.9,10.2,19.4,63.2,10.3,31.5,1.75,18.27,0,16.1,12.6,14.2,13.3,13.1,13.2,1.1,.4,126,64,5.8,7.7,4.5,3.3,.64,.6
2016,49,27,25.8,11.9,18.2,65,13.2,32.3,1.54,11.85,0,15.1,12.9,14,13.5,13.3,13.4,1.3,.5,177,62,6.4,6.1,3,3,.63,.2
2016,50,27,27.1,11.9,18,58.7,11.9,30.7,1.57,11.07,0,15.6,12.8,14,13.5,13.3,13.4,.7,.3,71,62,2.8,6.8,2.5,2.3,.59,-.6
2016,51,27,27.7,10.5,18.5,58,13.7,30.5,1.64,18.46,0,16.1,12.4,14.1,13.5,13.3,13.4,1,0,21,80,6.7,6.7,4.4,3.2,.61,-.1
2016,52,27,26.7,10.3,17.9,68.9,13.8,35.9,1.48,18.74,0,16.5,12.9,14.6,13.7,13.5,13.6,1,.3,290,70,5.2,6.2,4.3,3.1,.68,1.4
2016,53,27,26.3,9.1,17.6,64.7,10.9,30,1.57,18.76,0,16.2,12.9,14.5,13.9,13.7,13.8,1.9,1,284,54,10.1,5.7,4.9,4,.54,-2
2016,54,27,21.5,10.1,15.6,32.2,10.5,19.9,1.47,18.35,0,16.1,13.1,14.5,14,13.8,13.9,1.9,1.5,25,39,6.7,3.6,4.5,3.8,.34,-8.1
2016,55,27,24,7.7,15.4,53,11.4,25.1,1.41,19.61,0,16.4,12.6,14.3,14,13.8,13.9,1.4,.8,61,54,5,4.3,4.6,3.5,.41,-5.3
2016,56,27,29.2,8.2,17.6,50.5,9.6,24.6,1.7,19.65,0,16.8,12.8,14.7,14,13.8,13.9,1,.4,54,62,4.4,6.8,4.6,3.3,.45,-4.2
2016,57,27,29.8,12.3,20.8,52.5,9.6,20.7,2.11,19.68,0,17.5,13.5,15.3,14.3,14,14.1,1.1,.6,78,56,4.1,8.3,5,3.6,.47,-3.5
2016,58,27,28.2,10.3,18.9,61.4,10.2,27,1.76,19.25,0,17.7,13.9,15.7,14.6,14.3,14.5,1,.2,260,72,5.7,6.8,4.6,3.3,.54,-1.9
2016,59,27,27.5,10.3,18.5,56.7,11.3,27.2,1.71,19.28,0,17.7,14,15.8,14.8,14.6,14.7,1.1,.2,225,74,5.5,6.6,4.7,3.4,.54,-1.8
2016,60,27,27.9,11,19,63.7,12.7,28.9,1.73,19.38,0,18.2,14.4,16.2,15,14.8,14.9,1,.3,229,67,5.9,6.8,4.7,3.4,.59,-.6
2016,61,27,28.5,13.1,22.8,44,12.3,22.7,2.26,18.5,0,18.4,14.8,16.7,15.3,15.1,15.2,1.3,.4,216,69,5,8,4.7,3.9,.6,-.1
2016,62,27,28.5,12.2,20.2,60.3,11.6,27.8,1.88,19.55,0,18,14.7,16.4,15.5,15.2,15.4,1.2,.3,182,70,12.2,7.7,5,3.8,.61,-.1
2016,63,27,29.9,12.9,20.3,59.7,9.5,25.5,1.93,17.48,0,18,14.6,16.2,15.5,15.3,15.4,.8,.1,116,74,3.7,8.6,4.2,3.2,.56,-1.2
2016,64,27,29.4,12.8,20.7,55.7,8.3,22.9,2.04,20.18,0,18.4,14.6,16.4,15.5,15.3,15.4,.9,.3,187,68,5.2,8.3,5,3.4,.51,-2.5
2016,65,27,26.3,11,19.1,57.2,11.1,24.3,1.78,14.23,0,17.5,14.9,16.3,15.7,15.5,15.6,.8,.4,148,58,4.8,6.1,3.4,2.8,.51,-2.7
2016,66,27,24.1,14.3,19,58.6,15.6,32.1,1.53,14.39,0,17.9,15.6,16.6,15.7,15.6,15.6,1.9,1.5,242,39,8.6,6.5,4,3.9,.69,1.6
2016,67,27,18.7,6.3,13,71.2,20.8,41.9,.94,18.48,0,17,14.2,15.5,15.9,15.5,15.7,1.8,1.3,239,43,9.3,1.9,4.1,3.3,.6,-.4
2016,68,27,20.1,5.5,13.1,76.3,22.4,45.2,.93,20.85,0,16.7,13.2,14.8,15.6,15.1,15.3,1.3,.8,239,52,7,2.3,4.3,3.2,.64,.5
2016,69,27,24.8,7.6,16,62.4,11.9,31.7,1.39,21.74,0,17.4,13.3,15.2,15.2,14.9,15.1,1.2,.3,239,70,5.3,4.7,4.9,3.6,.53,-2.1
2016,70,27,28.5,11.9,19.2,46.4,8.6,22.2,1.88,22.32,0,18.5,14.2,16.1,15.4,15.1,15.2,1.1,.3,166,72,5.6,7.6,5.5,4,.46,-4
2016,71,27,27.7,11.8,20,60.9,11,22,1.95,16.11,0,17.9,14.8,16.4,15.6,15.4,15.5,1.4,.6,218,60,6.4,7.1,4.3,3.9,.48,-3.4
2016,72,27,19.9,9.6,14.7,66.9,23.2,40,1.04,22.12,0,18.1,14.9,16.5,15.8,15.6,15.7,2.4,2.1,243,32,11.5,2.8,5,4.2,.65,.8
2016,73,27,22.5,8.8,15.5,69.5,17.5,37.3,1.21,21.77,0,18.4,14.4,16.3,15.9,15.6,15.8,1.2,.5,209,60,6.5,3.8,4.8,3.5,.62,0
2016,74,27,23.6,10,16.8,70.9,25.1,42.5,1.2,21.41,0,19,14.9,16.8,15.9,15.8,15.8,1,.5,214,55,5.8,4.6,4.6,3.5,.78,3.3
2016,75,27,28.5,10.9,19.5,70.3,7.9,30.2,1.83,22.44,0,19.8,15.3,17.3,16.2,15.9,16,1.2,.3,335,68,8.3,7.1,5.5,4.2,.59,-1.1
2016,76,27,29.1,10.1,20,55.8,8.8,20.3,2.03,23.26,0,20.2,15.5,17.7,16.5,16.2,16.3,1.1,.3,230,70,6,7.3,5.8,4.1,.44,-4.6
2016,77,27,28.4,11.4,19.8,49.9,8.1,21.5,1.98,23.39,0,20.4,15.9,18,16.7,16.5,16.6,1.3,.6,225,58,6.8,7.3,6,4.4,.45,-4.1
2016,78,27,29,10.8,20,58.9,10,22.5,2,23.44,0,20.6,16,18.2,16.9,16.7,16.8,1.4,.8,222,54,7.2,7.4,6.1,4.6,.49,-3.2
2016,79,27,30.6,11.6,20.9,59.7,8.5,25.6,2.05,23.66,0,21.2,16.5,18.7,17.2,16.9,17.1,1,.5,222,59,6.1,8.4,5.9,4.3,.57,-1.2
2016,80,27,31,13.6,22,53.3,9.9,21.3,2.26,23.18,0,21.8,17.1,19.3,17.5,17.2,17.4,1.3,.4,178,65,5.3,9.4,6.1,4.7,.52,-2.2
2016,81,27,30.7,13.5,22,56,10.2,23,2.22,22.55,0,20.8,17.1,19,17.8,17.5,17.6,1.3,.8,236,52,8.1,9.3,6.1,4.7,.56,-1.3
2016,82,27,23.6,12.7,19.3,68.5,13.9,26.1,1.72,23.2,0,19.3,16.7,18,17.8,17.5,17.6,2.9,2.4,245,35,11.3,5.5,6.8,5.5,.56,-1.4
2016,83,27,22.9,9.1,16.3,56.8,8.1,18.5,1.59,25.09,0,19,14.9,16.9,17.6,17,17.3,2.5,1.6,335,50,8.9,4,6.6,5.5,.32,-8.8
2016,84,27,24.7,8.1,16.7,57,9.4,21.3,1.62,24.68,0,18.8,14.2,16.5,17.1,16.6,16.9,1.3,.5,244,66,6.8,4.7,5.9,4.4,.38,-6.5
2016,85,27,27,8.8,18.5,55.2,9.8,21.9,1.84,24.6,0,18.8,14.3,16.5,16.8,16.4,16.6,1.7,1.2,232,44,7.5,5.9,6.4,4.9,.42,-5
2016,86,27,27.5,10.4,18.7,59.8,8.1,25,1.81,24.63,0,18.8,14.5,16.6,16.7,16.4,16.5,1.5,.9,237,53,8.4,6.5,6.4,4.8,.48,-3.6
2016,87,27,27.7,11.3,19.4,55.2,9.8,18.8,1.96,25,0,18.9,14.1,16.5,16.6,16.3,16.5,1.4,.4,189,67,7.6,6.9,6.4,4.8,.41,-5.6
2016,88,27,25.3,11.6,19.5,60.4,20.4,31.7,1.63,19.43,0,17.7,15,16.5,16.6,16.4,16.5,3.1,2.5,229,37,10.7,5.8,5.8,5.5,.69,1.7
2016,89,27,19.1,8.7,14.3,66.7,17.4,33.1,1.11,17.92,0,17.1,14.9,16,16.5,16.3,16.4,3.5,3.2,236,25,11.6,2.2,4.8,4.7,.53,-2.2
2016,90,27,18.7,5.5,12.3,80.3,18.1,38,.96,25.08,0,17.8,13.1,15.3,16.3,15.8,16,1,.3,221,66,5.2,1.8,4.9,3.6,.51,-2.5
2016,91,27,20.7,6.7,14.3,59.6,17.3,33.5,1.18,23.16,0,17.7,13.7,15.6,16,15.7,15.9,1.8,1.1,233,50,7.2,2.7,5.2,4.2,.51,-2.5
2016,92,27,25.2,7.9,16,68.9,15.7,33.4,1.34,25.32,0,18.6,13.8,16.1,16,15.7,15.9,1.1,.6,191,56,5.6,5,5.6,4.2,.57,-1.1
2016,93,27,27,12.5,19.4,46.4,10.8,22.3,1.87,25.74,0,19.4,14.5,16.8,16.2,15.9,16.1,1.2,0,7,81,5.6,7,6.2,4.7,.47,-3.5
2016,94,27,30.2,12.3,21.7,51,8.8,19.3,2.27,25.9,0,20.3,15.4,17.7,16.6,16.2,16.4,.8,.1,187,76,6.1,8.4,6.4,4.4,.46,-3.8
2016,95,27,31.2,13.6,22.3,49.8,7,18.5,2.38,25.96,0,20.6,15.8,18.2,17,16.6,16.8,1.1,.2,247,72,5.8,9.5,6.7,5,.46,-4.1
2016,96,27,31.6,13,22.6,53,8.8,21.3,2.34,22.69,0,20.5,16.4,18.4,17.3,17,17.2,1,.5,238,57,6.8,9.3,5.8,4.5,.53,-2.1
2016,97,27,35.2,18.3,26.3,49.1,3.9,13.2,3.16,24.24,0,21.5,17,19.1,17.7,17.3,17.4,1.3,.5,48,63,5.1,12.7,6.8,5.4,.41,-5.7
2016,98,27,30.5,18.1,24.1,55.7,7.3,20,2.51,12.03,0,20.1,18.1,19.1,17.9,17.6,17.9,1.7,.8,230,58,9.2,11.5,3.9,4.6,.56,-1.7
2016,99,27,25.4,14.5,19.7,97.3,27.9,62,.99,21.5,6.6,20.9,17.8,19.2,18.1,17.8,17.9,2.2,1.1,196,56,7.5,7.2,4.9,4.5,1.35,11.3
2016,100,27,25,14,19.3,85.9,26.5,54.6,1.12,23.53,0,21.5,18,19.6,18.3,18,18.1,1.3,.7,177,53,7.2,6.8,5.1,4.3,1.16,8.9
2016,101,27,18.8,11.1,14.7,96.8,37.7,71.1,.51,8.99,10.92,20.2,17.8,18.5,18.4,18.1,18.3,.9,.6,159,50,8.8,2.5,1.2,2,1.17,9.2
2016,102,27,23.5,10.2,17.2,92.3,28.6,58.8,.94,24.97,0,20.7,16.2,18.3,18.1,17.6,17.8,1,.5,213,59,10.6,4.5,5.1,4.1,1.08,7.9
2016,103,27,25.6,11.6,19,79.6,24.5,51.2,1.21,26.01,0,21.4,17.3,19.2,18.1,17.8,17.9,1.3,.7,222,55,6.3,6,5.7,4.6,1.06,7.7
2016,104,27,28.3,13.6,20.8,75.3,16.9,43.1,1.58,26.01,0,22.2,18,19.9,18.5,18.1,18.3,1.1,.5,232,61,6.4,8.2,6.1,4.8,.97,6.4
2016,105,27,28.7,15,22.4,63.1,16.5,31.5,1.99,25.54,0,21.9,18.2,20.1,18.8,18.5,18.7,1.7,1.1,236,47,20.7,9,6.7,5.5,.8,3.6
2016,106,27,25.4,13.1,18.9,66.2,7.4,30.3,1.61,26.13,0,20.6,18,19.3,19,18.7,18.8,3.3,1.9,281,52,12.1,6.5,7.6,6.5,.62,-.6
2016,107,27,26,8.8,17.9,64.4,12.1,30.2,1.58,27.02,0,20.2,16.5,18.3,18.8,18.2,18.5,1.7,.7,291,63,10.9,5.5,6.6,5.3,.57,-1.1
2016,108,27,26.3,13.9,20.5,45.2,12.4,21.6,1.97,26.99,0,21.4,17,19.1,18.5,18.2,18.3,2.2,1.8,37,33,9.9,7.3,7.2,6,.5,-2.7
2016,109,27,28.3,12,20.9,52.4,9.3,22.6,2.04,27.29,0,22.2,17.6,19.7,18.7,18.4,18.5,1.4,.3,297,72,7,7.4,6.9,5.3,.52,-2.3
2016,110,27,30,13.5,22.5,59,9.3,21.9,2.28,26.11,0,21.8,17.8,19.9,19,18.7,18.9,1.5,.8,232,57,8.3,8.9,7,5.6,.55,-1.6
2016,111,27,32,15.2,23.5,55.6,7.7,20.8,2.5,27.36,0,22.3,17.8,20,19.1,18.8,19,1.3,.6,225,61,6.3,10.6,7.3,5.8,.55,-1.6
2016,112,27,34.3,15.2,24.6,51,6.4,18.9,2.75,25.68,0,22.8,18.1,20.4,19.3,19,19.1,1,.3,170,69,5,11.1,6.8,5.3,.53,-2.2
2016,113,27,33.2,15.5,25.7,53.9,8.7,18.8,2.88,27.11,0,23,18.6,20.8,19.5,19.2,19.4,2,1.3,233,46,8.7,11,7.9,6.7,.57,-1.1
2016,114,27,28.2,14.8,22.8,70.5,11,28.1,2.08,26.48,0,22.2,19.2,20.7,19.7,19.5,19.6,2.4,2,248,34,10.2,8.7,7.5,6.3,.74,2
2016,115,27,28.5,12.3,21.2,62.4,8.7,21.7,2.15,27.5,0,22,17.8,19.9,19.8,19.4,19.6,1.8,1.3,221,42,8.1,7.7,7.4,5.9,.49,-3.2
2016,116,27,23.6,17.3,20.2,51.2,8.8,23.2,1.85,26.38,0,20.7,18.4,19.5,19.6,19.4,19.5,4.8,4.5,238,21,16.2,7.7,8.8,7.8,.54,-2.7
2016,117,27,22.4,10.8,16.7,69.3,18.6,34.7,1.32,26.63,0,20.8,16.8,18.7,19.4,18.9,19.2,2.1,1.8,232,31,8.1,4.2,6.2,5.2,.63,.3
2016,118,27,25.8,11,19.6,53.4,13.8,26.5,1.8,25.31,0,21.2,16.9,18.9,19.1,18.8,19,2,1.5,224,41,7.9,5.9,6.6,5.5,.56,-1.2
2016,119,27,22,12.9,18,60.1,12.7,27.4,1.53,25.33,0,20.5,17.5,19,19.1,18.8,19,2.8,2.4,239,31,11.1,4.6,6.6,5.8,.55,-1.6
2016,120,27,24.6,11.6,19.3,69,22.3,38.1,1.47,23.63,0,21.2,17.7,19.3,19,18.8,18.9,2.4,2.1,231,31,9.1,5.5,6.1,5.3,.82,4
2016,121,27,24.6,12.5,17.9,73.2,17.7,46.7,1.19,12.09,.25,19.9,18,18.8,19.2,18.9,19,1.8,.3,114,73,11.7,5.8,2.9,3.7,.9,5.3
2016,122,27,25,12.1,18.1,82.4,23,48.9,1.17,22.81,0,20.9,16.7,18.6,19,18.5,18.7,1.2,.4,147,67,5.8,5.9,4.8,4.4,.96,6.3
2016,123,27,29.1,13.6,21.9,63.8,13.9,33.2,1.92,27.41,0,22.4,17.4,19.8,19,18.7,18.8,1.3,.1,4,77,6.9,8.6,6.6,5.5,.8,3.7
2016,124,27,33.2,17.2,25.3,45.3,10.6,24.3,2.62,27.4,0,23.6,18.6,20.9,19.5,19,19.2,1.1,.2,19,71,7.8,11.8,7,5.7,.73,2.3
2016,125,27,36.2,18,28.5,61.6,7.4,18.8,3.42,27.63,0,23.8,19.5,21.6,20,19.5,19.8,1.8,.9,188,57,11.4,12.8,8.4,7,.65,.7
2016,126,27,32.8,17.4,25.5,56.6,8.3,20.8,2.77,27.22,0,22.8,19.9,21.4,20.3,20,20.2,2.7,1.9,208,45,11.2,11.9,8.7,7.8,.61,-.1
2016,127,27,23.1,12.7,18.4,86.1,21.6,45.9,1.22,21.91,1.02,21.7,19.2,20.4,20.4,20.1,20.2,2.2,1.2,234,54,9.3,5.2,5.3,4.8,.93,5.7
2016,128,27,24,11.6,18,94.3,24,51.3,1.14,24.08,.25,21.7,18.1,19.8,20.1,19.7,19.9,1.4,.4,208,68,8,5.1,5,4.5,.98,6.3
2016,129,27,25.1,13.3,19,71.2,22.6,45.4,1.28,24.35,0,22.3,18.8,20.4,19.9,19.7,19.8,1.4,.7,246,58,9.2,6.5,5.4,4.8,.96,6.3
2016,130,27,27.8,12.3,20.3,73,18.3,39.2,1.62,27.3,0,22.9,18.6,20.6,20,19.8,19.9,1.1,.8,237,46,6.7,7.3,6.3,5.2,.87,4.8
2016,131,27,30.2,14.2,22.6,63.7,12.5,32.4,2.04,27.59,0,23.5,19,21.1,20.2,19.9,20,.8,.5,249,54,7.2,9.4,6.6,5.2,.82,3.9
2016,132,27,33.4,16,24.7,54.3,11.4,26.4,2.49,26.81,0,24,19.5,21.7,20.5,20.2,20.3,.9,.3,250,66,6.3,11.3,6.7,5.4,.76,2.9
2016,133,27,36.5,17.5,27.9,55.6,7.4,18.9,3.28,27.94,0,24.6,20,22.2,20.8,20.4,20.6,1.1,.1,172,76,6.1,12.6,7.5,6.2,.65,.7
2016,134,27,36.7,18.5,28.2,51.3,7.8,18.8,3.37,27.36,0,24.6,20.5,22.5,21.1,20.8,21,1.2,.6,232,58,7.1,13,7.6,6.2,.66,.9
2016,135,27,35.7,20.2,28.3,56,12.5,25.3,3.08,24.47,0,25.1,21.2,23.1,21.5,21.1,21.3,1.5,1.2,244,40,7.7,13.6,7,6.4,.92,5.6
2016,136,27,31.4,18.2,25.7,62.5,14.4,26.9,2.54,27.87,0,24.8,21.1,23,21.7,21.5,21.6,2.2,1.7,237,37,9.2,11.8,8,7,.84,4.3
2016,137,27,30.4,16.8,24.7,63,14.4,29.1,2.31,27.59,0,25,21,23,21.8,21.5,21.7,1.5,1.1,234,42,7.6,10.8,7.2,6.1,.86,4.7
2016,138,27,29.7,17,23.5,60.4,14.6,32,2.08,24.61,0,24.3,21.1,22.7,21.9,21.6,21.8,1.9,.7,267,65,10.2,10.6,6.6,6.1,.88,5
2016,139,27,27.8,18.5,22.8,64.4,23.6,39.1,1.75,16.53,0,23.7,21.4,22.5,21.9,21.6,21.7,1.2,.7,29,54,6.3,10.4,3.9,4.2,1.06,7.8
2016,140,27,32,18.4,25,59.5,16.3,34.3,2.23,27.81,0,25.6,20.7,22.9,21.8,21.5,21.6,.6,.1,157,73,5.8,12.1,6.5,5.3,1.03,7.2
2016,141,27,33.7,17.5,26.5,66,10.9,27.9,2.7,27.84,0,24.8,21.6,23.3,22.1,21.7,22,2.8,2.1,216,42,10.6,12,8.7,7.9,.88,4.7
2016,142,27,30.2,16.4,24.2,64.2,10.4,27.3,2.32,28.46,0,24.3,20.9,22.6,22.2,21.9,22,3.2,2.7,225,34,11.6,10.5,8.8,7.8,.77,2.8
2016,143,27,28.1,14.3,22.3,71.3,14.1,29.2,2.02,28.55,0,24.3,20.3,22.3,22,21.7,21.9,1.5,1,228,44,8.1,8.5,7.2,5.9,.74,2.5
2016,144,27,29.8,13.3,22.5,69.6,10.4,22.6,2.28,29.12,0,24.5,20,22.2,21.9,21.6,21.8,.9,.5,222,55,6.7,8.7,7,5.4,.57,-1.1
2016,145,27,28.8,14.5,22.3,55.2,11.9,25.2,2.13,30.08,0,24.1,20.2,22.2,21.9,21.6,21.7,1.8,1.1,226,103,9.4,8.9,8,6.5,.64,.4
2016,146,27,30,13.7,22.5,44.7,10.6,20.3,2.31,30.68,0,24.1,19.7,21.9,21.8,21.4,21.6,2.3,1.6,234,46,9.9,9.1,8.5,7.2,.53,-1.9
2016,147,27,27.5,15,21.5,54.2,16,28.1,1.92,30.17,0,24,19.9,21.9,21.7,21.4,21.6,1.7,1.3,230,39,7.3,8.4,7.5,6.3,.7,1.7
2016,148,27,31,15.4,23.5,60.4,11.9,27.9,2.29,30.42,0,24.4,20,22.1,21.7,21.4,21.6,1.5,.9,228,49,8,10.3,7.9,6.5,.74,2.4
2016,149,27,34,16.8,26.1,54.7,9.1,21.9,2.86,30.66,0,25.2,20.5,22.7,21.8,21.6,21.7,1.5,.9,206,52,8,11.8,8.3,6.8,.67,1.2
2016,150,27,33.6,18.7,26.5,52.5,6.9,19.6,2.97,31.19,0,25.1,20.9,23,22,21.8,21.9,1.9,1,203,55,9,12.6,8.8,7.5,.62,-.2
2016,151,27,33.4,15.6,24.8,60.5,6.2,17.7,2.74,31.62,0,25.2,20.9,23,22.2,22,22.1,1.4,.7,204,58,7.4,11.1,8.4,6.7,.5,-2.9
2016,152,27,34.3,17,26.9,40.1,8.3,15.5,3.2,31.39,0,24.9,20.6,22.8,22.3,22,22.1,1.9,1,245,54,8.3,11.9,9.1,7.5,.53,-2.2
2016,153,27,36.6,19.9,29,56.1,9.9,22.1,3.36,30.32,0,25.8,21.6,23.6,22.4,22.1,22.3,1.9,1.3,224,44,6.9,13.6,8.9,7.7,.8,3.6
2016,154,27,39.6,19.2,30.2,63,6.7,20.8,3.76,30.8,0,26.7,22.2,24.4,22.8,22.4,22.6,1.4,.8,245,50,7.2,13.7,8.9,7.3,.78,3.2
2016,155,27,41.9,20,32.7,59.9,5.3,15,4.64,31.01,0,27,22.7,24.8,23.2,22.8,23,2,1.2,249,51,10.1,14.3,9.9,8.6,.65,.7
2016,156,27,42.5,23.3,33.5,45.6,5.4,14.6,4.8,30.49,0,27.1,23.1,25.2,23.5,23.2,23.4,1.8,1,235,55,8.7,15.5,9.7,8.3,.69,1.4
2016,157,27,43,22.6,33.4,52.5,5.1,14.9,4.76,30.78,0,27.6,23.5,25.5,23.8,23.5,23.6,1.6,.7,219,59,6.3,15.2,9.6,8,.68,1.4
2016,158,27,40.6,22.8,32.7,53.1,6.7,15.5,4.47,30.95,0,27.8,23.7,25.7,24,23.8,23.9,1.6,1,208,50,7.2,15.2,9.5,7.9,.69,1.4
2016,159,27,38.8,20.8,30.6,61.5,7,18.9,3.84,31.24,0,28,23.7,25.8,24.2,24,24.1,1.2,.7,176,55,6.7,14.2,8.8,7.1,.74,2.3
2016,160,27,38.3,22.3,31.4,66.7,11.4,29.5,3.54,27.63,0,28.1,24.2,26.2,24.4,24.1,24.3,1.5,1,240,46,7.7,14.8,7.9,7.1,1.23,9.8
2016,161,27,37,25,31.6,43.8,16.9,28,3.44,29.04,0,28.5,24.6,26.5,24.6,24.4,24.5,2.4,1.9,263,37,8.4,15.8,8.9,8.3,1.27,10.4
2016,162,27,35.1,23.6,29.6,72.9,25.9,36.4,2.74,23.83,0,27.9,25,26.5,24.9,24.6,24.8,2.5,1.5,273,52,9.5,15.1,7.4,7.3,1.49,12.8
2016,163,27,35.5,22.5,29.3,78,22.5,42.1,2.53,25.41,.25,28.4,24.9,26.7,25,24.8,24.9,1.5,.6,215,61,9.5,14.7,6.8,6.4,1.64,14.3
2016,164,27,36.5,19.1,29.1,71.8,10.1,28.7,3.19,30.22,0,28.3,24.3,26.4,25.1,24.8,25,1.8,1.1,231,51,7.8,13.3,8.6,7.5,1,6.4
2016,165,27,34.3,21,28.3,44.7,9,17.3,3.32,30.86,0,28.2,24.4,26.3,25.1,24.8,25,1.7,1.1,254,47,8.6,13.8,8.8,7.3,.62,.1
2016,166,27,35.1,19.2,27.2,58.3,7.2,22.5,3.04,31.28,0,27.9,23.8,25.9,25.1,24.8,25,1.3,.7,199,53,7.7,13.1,8.6,6.8,.72,1.9
2016,167,27,35.7,18.8,28.2,54.9,8.1,20.4,3.29,31.39,0,27.6,23.5,25.5,25,24.6,24.8,1.8,1.1,226,48,7.3,13,9,7.5,.69,1.5
2016,168,27,36.3,19.5,28.4,62.4,9.4,21.2,3.27,30.88,0,27.9,23.7,25.8,24.9,24.6,24.7,1.3,.6,214,60,7.4,13.4,8.6,7,.75,2.8
2016,169,27,38.2,19.8,29.5,45.8,5.7,17.8,3.67,31.56,0,28.2,23.6,25.9,24.9,24.6,24.8,1.3,.5,224,62,7.3,13.8,8.9,7.1,.66,.9
2016,170,27,41.3,21.5,32.4,45,6.3,14.4,4.49,30.5,0,28.1,23.7,25.9,25,24.6,24.8,1.6,.9,248,55,8.8,14.8,9.4,7.9,.65,.6
2016,171,27,46,23.8,37.1,44,5.9,13.1,5.93,30.89,0,29.2,24.6,26.8,25.1,24.8,25,1.8,1,268,54,7.2,15.8,10.1,8.7,.75,2.8
2016,172,27,43.6,26.4,36.6,40.7,8.9,15.8,5.39,29.25,0,29.4,25.8,27.6,25.6,25.1,25.4,2.1,1.3,208,51,8.4,16.5,9.8,8.9,.93,5.8
2016,173,27,40.8,26.6,34.9,50.1,11.6,20.8,4.6,28.61,0,29.9,26.3,28.1,26,25.6,25.8,1.8,1.1,235,48,7.2,16.5,9,8,1.1,8.3
2016,174,27,40.8,26.1,34.6,51,12,21.2,4.55,29.73,0,30.3,26.8,28.5,26.3,26,26.1,1.9,1.6,242,33,8.9,16.3,9.5,8.3,1.1,8.3
2016,175,27,41.3,25.5,34.2,56.9,12.3,23.4,4.32,26.62,0,30.2,27,28.6,26.5,26.3,26.4,1.6,1.1,186,47,7.5,16.2,8.2,7.5,1.19,9.5
2016,176,27,40.3,25.7,33.8,52.4,11.8,23.3,4.23,29.37,0,30.6,26.8,28.6,26.7,26.5,26.6,1.4,.9,245,49,7.2,16.2,8.6,7.3,1.16,8.9
2016,177,27,40,24.5,32.7,60.3,12.6,26.2,3.89,29.6,0,30.6,26.7,28.7,26.8,26.6,26.7,1.2,.7,239,56,6.7,15.8,8.5,7.2,1.21,9.7
2016,178,27,39,25.4,32.9,60.5,14.8,28.8,3.73,27.82,0,30.3,27,28.6,27,26.7,26.9,1.6,1.1,206,44,6.5,16.1,8.2,7.3,1.37,11.6
2016,179,27,41.5,25,34,68.4,13.7,30,3.97,23.97,.76,30.8,27.6,29.1,27.1,26.9,27,1.7,.3,332,72,8.6,16,7.4,7.2,1.5,12.8
2016,180,27,42.5,27.4,35.6,66.2,13,28.5,4.44,29.13,0,32.2,28,29.8,27.4,27.1,27.2,1.5,.5,204,66,7.6,16.7,8.8,7.9,1.52,13
2016,181,27,39.7,23.5,33.8,85.4,19.5,33.7,3.68,26.75,.76,31.8,28.6,30.3,27.8,27.4,27.7,2.5,1.4,172,55,9.4,15.4,8.3,8.3,1.68,14.7
2016,182,27,32.7,24.8,29,77.7,33.7,52.7,1.98,12.04,.25,30.8,28.5,29.2,28,27.7,27.9,1.4,.7,167,55,6.1,15.3,3,3.9,2.07,18
2016,183,27,33.6,24.2,28.2,87.6,40.2,58.6,1.64,22.85,3.56,30.5,27.3,28.7,27.7,27.3,27.5,1.6,1.1,143,44,7.7,15.1,5.9,5.7,2.21,19.1
2016,184,27,37.3,25.4,30.8,73.1,22.7,43.9,2.68,28.02,0,31.2,27.1,29,27.5,27.1,27.3,1.5,.4,196,71,6.5,16,7.6,7,1.85,16.1
2016,185,27,39,24.8,32.1,66.3,13.3,35.1,3.35,28.99,0,31.4,27.5,29.4,27.6,27.4,27.5,1.4,.9,245,46,7,15.9,8.2,7.2,1.56,13.5
2016,186,27,39.9,24.4,33,60.1,12.9,29.9,3.79,29.21,0,31.2,27.4,29.3,27.8,27.5,27.6,1.5,1,246,46,11.1,15.7,8.5,7.4,1.4,11.8
2016,187,27,39.6,25,33.3,54.3,11,23.5,4.15,29.32,0,31.1,27.3,29.2,27.9,27.5,27.7,1.5,1,242,45,8.1,15.9,8.8,7.4,1.12,8.5
2016,188,27,38.6,23.9,32.7,45.8,16.6,23.4,3.88,29,0,31,26.8,28.9,27.9,27.5,27.7,1.8,1.1,244,49,7.8,15.5,8.6,7.7,1.15,8.9
2016,189,27,38.5,24.2,32.7,55.3,16.4,25.8,3.79,29.13,0,31.1,27,29.1,27.8,27.5,27.6,1.5,1.1,243,45,6.9,15.6,8.4,7.4,1.25,10.2
2016,190,27,39.6,23.5,32.2,53.3,11,23.6,3.94,29.41,0,30.7,27,28.9,27.9,27.5,27.7,1.3,.7,258,54,7.7,15.4,8.5,7.1,1.05,7.4
2016,191,27,40.6,22.8,33.5,68.3,11,24.6,4.18,29.27,0,30.7,27.1,28.9,27.8,27.5,27.7,1.6,1.1,239,44,8.4,15.2,8.9,7.7,1.15,8.9
2016,192,27,40.1,22.8,33.5,71.5,6.6,22.9,4.3,29.31,0,30.2,27.2,28.8,27.8,27.5,27.7,2.3,1.9,237,31,12.9,15.2,9.7,8.6,1.04,6.8
2016,193,27,39.2,22,31.9,64.5,7.8,21.2,3.96,29.63,0,30.2,26.5,28.3,27.8,27.4,27.6,1.5,.9,237,52,8.7,14.8,8.8,7.3,.92,5.5
2016,194,27,39.6,20.1,31.6,71,10,21.1,3.99,29.76,0,30.2,26,28.1,27.6,27.2,27.4,1.5,.8,229,54,7.4,14.1,8.7,7.3,.9,5.2
2016,195,27,39.8,22,32.2,54.4,11,24.1,3.89,29.4,0,30.4,26.2,28.3,27.5,27.1,27.3,1.2,.5,250,60,6.5,14.9,8.4,6.9,1.09,8
2016,196,27,41.2,21.9,33.2,76.8,9.7,25.5,4.09,29.07,0,30.4,26.9,28.6,27.5,27.3,27.4,1.6,1.2,247,44,9.6,14.9,8.8,7.7,1.17,9.1
2016,197,27,41.2,24.4,33.5,64.4,11.6,25.6,4.14,28.68,0,30.3,26.9,28.6,27.6,27.3,27.5,1.8,1.4,243,38,8.1,15.8,8.9,8,1.23,9.9
2016,198,27,39.5,28,33.9,49.9,14.5,26.4,4.01,28.14,0,30.9,27.1,29,27.7,27.4,27.5,1.5,1,256,45,7.7,16.9,8.3,7.3,1.37,11.6
2016,199,27,38,22.9,33.1,83.1,17.1,29.5,3.67,20.56,0,29.9,27.7,28.7,27.9,27.6,27.7,1.9,1.4,216,44,8.8,15.1,6.7,6.6,1.45,12.4
2016,200,27,38.8,22.6,31.9,87.6,22.4,42.1,2.95,24.25,1.02,31.5,27.4,29.2,27.7,27.5,27.6,1.4,.4,217,69,8.3,15,6.8,6.3,1.88,16.4
2016,201,27,40.6,27.4,33.6,63.9,16.5,35,3.54,27.72,0,31.8,28.2,29.9,28,27.7,27.9,1.5,.4,155,69,7.2,16.7,8.1,7.4,1.75,15.3
2016,202,27,39.5,25.1,33.1,74.6,18,37.9,3.36,26.19,1.78,32.1,28.7,30.3,28.4,28,28.2,1.7,.1,36,80,11.8,16,7.7,7.1,1.8,15.6
2016,203,27,42.4,28.5,35.3,50.4,13.3,29,4.28,27.84,0,32.3,28.6,30.4,28.5,28.3,28.4,1,.4,229,64,6.5,17,8,6.8,1.57,13.6
2016,204,27,42,29.4,36.1,49,13.9,25,4.6,25.96,0,32.2,28.9,30.6,28.7,28.5,28.6,2.3,.1,101,78,11,17.2,8.8,8.6,1.46,12.5
2016,205,27,41.8,25.1,35.2,63.9,15.4,26.8,4.34,27.49,0,31.8,28.5,30.2,28.8,28.5,28.7,2,1.5,256,42,8.1,16,8.7,8.1,1.47,12.7
2016,206,27,39.5,24.6,33.8,83.1,20,32.7,3.69,27.24,0,31.4,28.6,30,28.8,28.6,28.7,1.9,1.7,258,31,8.6,15.8,8.3,7.6,1.67,14.6
2016,207,27,40,27.6,33.3,61.1,20.7,35,3.47,26.54,0,31.9,28.6,30.1,28.8,28.6,28.7,2.1,.7,294,67,9.3,16.8,8.1,7.9,1.74,15.2
2016,208,27,41.9,27.4,34.7,68.5,16.2,29.8,4.11,26.09,0,32.2,28.6,30.3,28.9,28.6,28.8,1.2,.6,259,58,6.9,16.8,7.7,6.8,1.58,13.7
2016,209,27,42.8,27.9,35.4,60.2,14.9,32.5,4.11,27.13,0,32.4,29.2,30.7,29,28.8,28.9,1.8,.8,206,62,9.4,16.9,8.3,7.9,1.77,15.5
2016,210,27,41.7,26.2,35.5,62.4,16.9,28.8,4.28,26.26,0,32.8,29.4,31,29.2,29,29.1,1.6,.7,187,59,6.3,16.4,7.9,7.3,1.61,14
2016,211,27,41.4,25.1,33.8,75.8,15.8,37.8,3.54,27.21,1.78,32.5,29.6,31.1,29.4,29.2,29.3,2.6,1.1,230,60,12.9,16.1,8.5,8.5,1.87,16.3
2016,212,27,36.8,25.1,31.5,80.4,27.2,42.9,2.78,25.33,0,31.8,28.9,30.3,29.5,29.1,29.3,2.4,1.4,232,53,8,15.8,7.5,7.3,1.91,16.7
2016,213,27,36.5,26.3,30.4,68.1,29.2,48.3,2.33,22.9,0,31.4,28.8,30.1,29.3,29,29.1,2.9,1,269,65,10.5,16.2,7,7.3,2.06,17.9
2016,214,27,35.7,24.9,29.9,73.6,29.5,49.8,2.26,21.63,0,31.4,28.5,29.8,29.1,28.8,29,1.7,1.2,209,45,6.9,15.7,5.8,5.9,2.03,17.7
2016,215,27,34.5,24,28.8,92.6,41.1,62.2,1.59,20.9,.51,31.4,29,30,29,28.8,28.9,1.8,.8,149,61,12.4,15.2,5.6,5.5,2.4,20.4
2016,216,27,34.6,23.8,28.9,95,37,62.5,1.59,21.78,0,30.9,28.8,29.8,28.9,28.7,28.8,1.6,.3,94,72,12.4,15.1,5.5,5.4,2.43,20.5
2016,217,27,36.1,24.4,30.2,89.3,32.1,54.5,2.03,22.41,0,31.7,29,30.2,28.9,28.7,28.8,1.4,.3,143,72,11.7,15.5,5.9,5.7,2.3,19.7
2016,218,27,36.1,20.2,29.1,96.2,30.7,59.7,1.82,15.64,39.12,30.8,25.7,28.6,29,26.8,28.3,1.2,.7,35,53,20.6,13.7,3.9,4.2,2.3,19.7
2016,219,27,39.2,25.4,32.3,78.5,19.7,44.2,2.95,26.79,0,31.6,28.2,29.7,28.6,28.1,28.3,1,.4,174,61,5.8,16,7.2,6.2,2.02,17.5
2016,220,27,40,26.3,33.9,67.1,19.2,35.6,3.62,26.61,0,31.8,29.1,30.4,29,28.5,28.7,1.2,.7,197,53,5.8,16.4,7.6,6.6,1.79,15.6
2016,221,27,40.5,25.8,33.8,59.4,11.8,25.5,4.17,26.84,0,31.9,29.3,30.6,29.2,28.9,29.1,1.3,.9,236,45,6.9,16.3,7.9,6.7,1.23,9.8
2016,222,27,34.2,24.5,30.5,88.3,31.7,49,2.26,21.37,.25,31.3,29.1,30.2,29.4,29.1,29.3,1.4,.7,187,57,10.3,15.4,5.6,5.4,2.12,18.3
2016,223,27,36.7,25.1,30.4,82.7,29.7,53.3,2.16,23.24,1.27,31.8,29.2,30.4,29.3,29,29.2,1.3,.7,226,57,8.6,15.8,6,5.8,2.24,19.2
2016,224,27,35.1,24,28.8,91.3,37.4,65.8,1.49,21.15,1.78,32,29.3,30.5,29.4,29.1,29.2,1,.6,217,53,5.6,15.3,5,5,2.53,21.2
2016,225,27,38.5,24.5,31.3,92.5,22.1,48.9,2.57,24.85,0,32,29.3,30.6,29.4,29.2,29.3,1.2,.6,273,58,8.2,15.7,6.7,6.1,2.1,18.1
2016,226,27,40.6,23.4,32.1,86.9,15.5,39.1,3.18,26.26,0,32.2,28.9,30.5,29.5,29.1,29.3,1.2,.8,188,46,5.7,15.4,7.3,6.5,1.74,15.2
2016,227,27,39.4,24.6,32.1,72.2,17.8,33.6,3.35,26.17,0,31.8,28.7,30.2,29.4,29.1,29.3,1.1,.7,170,51,6.7,15.8,7.3,6.3,1.53,13.3
2016,228,27,40.7,27.4,33.7,61,14.6,31.1,3.81,26.02,0,31.9,28.9,30.3,29.3,29,29.2,1.2,.7,177,52,5.8,16.8,7.6,6.5,1.56,13.5
2016,229,27,42.4,27,34.4,58.9,12.9,27.6,4.16,24.75,0,32,28.9,30.3,29.3,29.1,29.2,1.7,.7,86,63,10,16.6,7.9,7.2,1.41,11.9
2016,230,27,40,28,34.4,39.8,13.1,23.9,4.26,23.01,0,31.4,29,30.1,29.3,29,29.2,2.1,.5,46,109,11.3,16.9,7.7,7.4,1.25,10.1
2016,231,27,38.5,27.5,32.5,46.7,16,27,3.66,21.82,0,31,28,29.4,29.2,28.8,29,2.6,1.4,2,55,10.6,16.7,7.2,7.7,1.3,10.8
2016,232,27,38,23.5,31.3,73.4,18.2,33.3,3.22,25.73,0,30.5,27.8,29.1,29,28.6,28.8,2.9,1.6,263,55,10.6,15.3,8.2,8.2,1.45,12.4
2016,233,27,35.7,24,28.8,72.3,24.8,44.1,2.33,23.42,.25,30.4,27.8,29,28.8,28.5,28.7,2,.4,228,72,11.3,15.3,6.7,6.4,1.7,14.9
2016,234,27,36.3,22.1,29.2,82.3,21,43.1,2.51,24.5,0,30.8,27.7,29.1,28.7,28.4,28.5,1.4,.5,200,66,6.7,14.5,6.7,5.9,1.64,14.3
2016,235,27,34.8,22.8,28.8,73,21.9,42.3,2.38,20.99,0,30,27.5,28.7,28.7,28.3,28.5,1.6,.1,274,77,10.2,14.7,5.8,5.6,1.63,14.2
2016,236,27,32.7,19.9,26.7,87.2,26.8,53.4,1.78,15.52,6.86,28.7,26.8,27.7,28.5,27.8,28.2,2.1,1.6,15,39,9.8,13,4.1,4.7,1.78,15.6
2016,237,27,36.6,21.7,28.8,72.5,19.8,41,2.53,22.64,0,29.4,26.5,27.8,28,27.6,27.7,1.8,.6,31,66,11.5,14.4,6.5,6.2,1.54,13.2
2016,238,27,36.5,23.6,29.9,59.5,19.6,34.5,2.93,23.85,0,29.3,26.5,27.9,27.8,27.5,27.7,1.4,.4,258,69,7.8,15.2,6.7,5.9,1.39,11.9
2016,239,27,34.8,20.8,29.2,87.2,25.5,40.4,2.57,23.61,3.56,29.4,26.6,28,27.8,27.5,27.6,1.6,1.1,31,47,7.3,13.8,6.5,5.8,1.57,13.6
2016,240,27,34.4,22.8,28.5,78.1,16.1,37.9,2.55,23.6,.25,29.6,27.2,28.3,27.8,27.5,27.6,1.4,.5,38,66,7.3,14.6,6.3,5.6,1.4,11.6
2016,241,27,999,999,999,999,999,999,999,999,999,999,999,999,999,999,999,999,999,999,999,999,999,999,999,999,999
2016,242,27,999,999,999,999,999,999,999,999,999,999,999,999,999,999,999,999,999,999,999,999,999,999,999,999,999
2016,243,27,999,999,999,999,999,999,999,999,999,999,999,999,999,999,999,999,999,999,999,999,999,999,999,999,999
2016,244,27,999,999,999,999,999,999,999,999,999,999,999,999,999,999,999,999,999,999,999,999,999,999,999,999,999
2016,245,27,999,999,999,999,999,999,999,999,999,999,999,999,999,999,999,999,999,999,999,999,999,999,999,999,999
2016,246,27,38.1,25.6,31.7,65.8,22,39.3,3,23.61,0,30.5,27.8,29,28,27.8,27.9,1,.5,212,56,6,16.1,6.4,5.4,1.77,15.5
2016,247,27,37.5,23.8,31.2,65.7,12.7,30.8,3.34,24.12,0,29.7,27.6,28.7,28.1,27.9,28,1.7,1.1,208,49,9.6,15.4,7.4,6.3,1.31,10.5
2016,248,27,35.5,20.2,28.5,50.3,8.5,21.5,3.25,25.48,0,28.4,26,27.3,28,27.4,27.7,1.5,.8,192,54,7.2,13.6,7.6,6,.76,2.8
2016,249,27,37.6,18.2,27.8,67.1,9.6,24.9,3.08,25.13,0,28,25,26.5,27.5,26.9,27.1,1,.4,156,65,9.4,13,6.9,5.3,.85,4.5
2016,250,27,36,19.7,28.9,57.4,13.5,31.3,2.93,22.12,0,27.9,25.2,26.6,27,26.6,26.8,1.2,.6,209,57,7.4,13.5,6.2,5.2,1.21,9.3
2016,251,27,30.1,23.3,27,91.8,49,64.8,1.3,9.62,2.79,27.4,26.4,26.9,26.8,26.7,26.8,1.5,.8,251,53,5.3,13.9,2.3,3,2.28,19.5
2016,252,27,33.2,22.4,27.4,84.2,40.8,63.3,1.47,21.15,0,28.6,26,27.2,26.8,26.6,26.7,1.6,1.2,229,41,7.1,14.3,5.3,5,2.24,19.3
2016,253,27,37.7,21.4,29.3,90.8,12.9,48.6,2.45,23.51,0,28.7,26.1,27.4,26.9,26.7,26.8,1.3,.8,241,50,6.4,14.4,6.4,5.5,1.78,15.4
2016,254,27,38.3,23.4,30.2,66.4,16.8,35.8,2.99,22.98,0,28.8,26.1,27.5,27,26.8,26.9,1.1,.4,218,64,6.5,15.3,6.4,5.3,1.45,12.4
2016,255,27,37.6,22.9,30.6,53.6,13.6,28.7,3.32,23.09,0,28.4,26,27.2,27,26.8,26.9,1.5,.8,234,54,7.2,15,7,5.8,1.2,9.6
2016,256,27,34.8,24.1,29.6,72,17.5,37.3,2.7,18.96,0,28.3,26.3,27.2,26.9,26.7,26.8,1.8,1.3,204,43,7.3,15.3,5.7,5.4,1.51,13
2016,257,27,33.6,24.4,28.7,58.7,23.5,39.4,2.46,15.98,0,27.3,25.8,26.4,26.9,26.6,26.7,2.9,2,201,45,9.6,15.2,5.5,6.1,1.52,13.1
2016,258,27,34.1,20.6,26.9,67.8,12.7,39,2.34,23.03,0,27.2,24.8,26,26.6,26.2,26.4,1.4,.7,225,59,6.9,13.6,6.3,5.3,1.31,10.6
2016,259,27,33.9,17.8,25.7,53.4,8.4,24.7,2.71,23.84,0,26.4,24.2,25.4,26.3,25.9,26.1,1.2,.5,243,61,6.9,12.3,6.6,5,.74,2.3
2016,260,27,34.3,15.9,25.4,49.4,9.2,21.1,2.77,23.56,0,25.9,23.1,24.6,26,25.5,25.8,1.1,.2,156,73,5,11.4,6.4,4.8,.64,.5
2016,261,27,37.5,17.3,27.3,48.1,8.9,19.2,3.12,23.31,0,26,23.1,24.5,25.6,25.2,25.4,1.1,.1,151,76,5.2,12.6,6.5,5,.67,1.1
2016,262,27,38.8,20.3,29.1,41.4,7.1,18.4,3.55,23.06,0,26.1,23,24.5,25.4,25.1,25.2,1.2,.1,189,78,5.2,14,6.7,5.2,.69,1.7
2016,263,27,36.4,20.7,28.6,72.8,11.2,25.9,3.04,17.98,0,25.3,23.3,24.4,25.3,25,25.1,1.6,1.1,231,46,7.6,14,5.6,5.3,.98,5.9
2016,264,27,30.7,23.5,27.5,66.2,37.8,45.8,2.01,7.93,0,24.8,24,24.4,25.1,24.9,25,2.3,1.8,354,36,7.6,14.2,2.8,3.9,1.68,14.7
2016,265,27,35.3,23.7,28.9,71.6,29.8,48.5,2.17,18.85,0,26.6,24,25.1,25,24.8,24.9,1.6,.9,235,54,7.5,15.1,5.2,4.9,1.88,16.4
2016,266,27,27.7,21.7,24.5,92.9,55.3,73.9,.83,12.04,1.52,26,25,25.5,25.2,25,25.2,1.3,.9,215,48,7.8,11.9,2.4,2.8,2.26,19.4
2016,267,27,28.9,16.5,23.2,88.5,8.2,30.8,2.04,20.48,0,25.4,24,24.6,25.3,25,25.1,1.7,1.2,246,43,7.6,9.9,5.5,4.7,.85,2.4
2016,268,27,31,13.6,22.9,46.5,12.2,23.3,2.29,22.28,0,24.4,22,23.3,25,24.4,24.7,1.4,.3,281,70,6.8,9.4,5.9,4.6,.62,.1
2016,269,27,35.4,17.2,27.5,40,10,18.5,3.16,22.06,0,24.4,21.7,23.1,24.5,24,24.3,1.8,1.4,40,37,8.1,12.2,6.6,5.6,.65,.8
2016,270,27,32.3,23.5,27.4,52.3,14.2,29.2,2.63,12.67,0,24.3,22.9,23.6,24.2,24.1,24.1,1.7,1,140,53,7.2,14.6,4.1,4.5,1.04,7.3
2016,271,27,31,20.1,25.1,76.6,23.7,39.3,1.99,14.78,0,24.4,22.9,23.6,24.2,24.1,24.1,1.4,1,101,44,7.7,12.6,3.9,4,1.23,9.9
2016,272,27,33.3,22.2,27.7,66.2,26.5,39.7,2.35,17.88,0,25.1,22.9,23.9,24.2,24,24.1,1.6,.7,134,62,7.8,14.2,5.1,4.7,1.44,12.4
2016,273,27,33.1,22,27.2,79.1,26.2,45,2.08,13.68,.25,25.4,23.8,24.5,24.3,24.1,24.2,1.1,.9,55,38,7.1,14.1,3.7,3.6,1.59,13.7
2016,274,27,34.6,20.3,27,68.4,22.5,42.8,2.22,20.1,0,25.7,23.4,24.5,24.4,24.3,24.4,1.2,.6,15,59,9.5,13.5,5.5,4.5,1.44,12.3
2016,275,27,33.4,20.7,26.9,63.5,19.4,37.1,2.36,20.6,0,25.8,23.6,24.7,24.5,24.4,24.5,1.2,.4,182,65,6.1,13.5,5.6,4.4,1.27,10.4
2016,276,27,26.5,18,22.8,93.9,33.4,66.2,.96,9.22,12.45,25.1,23.2,24,24.6,24.4,24.5,1,.5,105,54,13.2,9.5,1.7,2.2,1.83,15.9
2016,277,27,27.5,15.3,21.8,97.2,8,47.2,1.52,21.05,0,24.1,22.8,23.4,24.4,24,24.2,1.6,1.2,228,42,7.4,8.6,5.4,4.2,1.13,6.4
2016,278,27,27.2,12.7,20.1,68.1,12,32.1,1.75,20.74,0,23.1,21,22.1,24.1,23.5,23.8,1,.5,214,60,6.6,7.2,5.1,3.6,.7,1.6
2016,279,27,29.6,13.4,21.8,62.2,16.4,33.9,1.87,19.53,0,22.8,20.5,21.7,23.5,23,23.2,1.1,.4,192,66,6.5,8.7,4.9,3.8,.83,4.3
2016,280,27,30.2,15.9,22.7,66.1,16.5,36.2,1.93,20.07,0,23.2,20.8,22,23.1,22.8,22.9,1,.1,295,77,5.1,10.3,4.9,3.7,.93,5.8
2016,281,27,35.2,16.4,25.9,49.1,11.8,24.3,2.76,20.23,0,23.4,20.9,22.1,23,22.7,22.9,1,.5,50,61,5,11.8,5.5,4.1,.76,3
2016,282,27,34.9,23,28.4,46.7,20.8,28.9,2.81,17.69,0,24.4,22,23.1,23.1,22.8,23,1.3,.5,95,63,6.3,14.8,5.2,4.3,1.12,8.5
2016,283,27,34.6,19.9,27.3,52.4,17.9,32.9,2.57,19.24,0,24.9,22.5,23.6,23.4,23.1,23.3,1,.4,80,60,5.2,13.4,5.1,3.9,1.16,9.1
2016,284,27,33.9,19.1,26,64.4,14.2,34.9,2.35,19.12,0,24.9,22.8,23.8,23.6,23.4,23.5,1.1,.4,204,67,5.8,12.9,5.2,4,1.12,8.5
2016,285,27,33.5,17.2,25.2,66.9,13.3,30,2.43,19.49,0,24.1,22.1,23.2,23.7,23.5,23.6,1.2,.3,168,69,7.9,11.9,5.3,4,.9,5.4
2016,286,27,32.5,16.1,23.7,57.2,10,26.5,2.33,17.69,0,23.2,21,22.1,23.5,23.1,23.3,1,.3,156,69,4.2,11.1,4.6,3.5,.72,2.2
2016,287,27,32.3,16.4,23.8,50.8,12.3,25.2,2.37,19.36,0,22.7,20.3,21.5,23.1,22.6,22.8,.9,.1,153,76,4.8,11.2,5,3.5,.71,2
2016,288,27,33.4,15.8,24.8,60.1,10.6,24.1,2.57,19.21,0,22.6,20.2,21.4,22.7,22.3,22.5,.8,.1,118,75,4.6,11.2,5,3.3,.7,1.9
2016,289,27,32.9,15.1,24.1,53,11.8,25.2,2.42,19.05,0,22.4,20.2,21.3,22.4,22.1,22.3,1,.3,173,67,4.6,10.7,5,3.5,.72,2.1
2016,290,27,31.6,15.6,23.4,58.8,13.7,29.4,2.18,16.82,0,22,20,21.1,22.2,21.9,22.1,.9,.3,182,66,5.6,10.6,4.3,3.2,.81,3.8
2016,291,27,30.2,16,22.9,58.6,20.5,36.4,1.91,18.25,0,22.2,20.1,21.1,22,21.8,21.9,1,.4,225,60,5.9,10.3,4.6,3.4,.98,6.6
2016,292,27,30.8,15.7,22.8,66.4,18.3,38.4,1.87,18.28,0,22.2,20.2,21.2,22,21.7,21.9,1.1,.2,234,73,7.3,10.4,4.6,3.5,1,7
2016,293,27,32.5,16.3,24.1,59.3,11.3,29.5,2.3,18.17,0,22.2,20.2,21.2,21.9,21.7,21.8,1.3,.2,283,74,4.9,11.2,5,3.8,.83,3.9
2016,294,27,34.7,16.8,26.2,46.6,8,14.8,3.06,18.46,0,22,20,21,21.9,21.6,21.8,1.2,.9,75,39,5.7,11.9,5.4,3.7,.5,-3.3
2016,295,27,34.1,19.1,27.3,49,13.3,22.3,2.93,17.73,0,22.5,20.5,21.4,21.8,21.7,21.8,1.3,.8,84,52,6.5,12.9,5.3,3.9,.79,3.5
2016,296,27,34.5,21,27.5,48.2,14.7,24.5,2.88,17.24,0,23,21,21.9,22,21.8,21.9,1.4,.3,157,70,6.5,13.8,5.2,4,.88,5.1
2016,297,27,34.5,18.8,26,51.1,13.1,27.1,2.61,16.74,0,23,21.1,22.1,22.1,22,22.1,.9,.3,129,69,4.2,12.8,4.5,3.2,.87,4.9
2016,298,27,30.7,19.5,24.7,61.9,24.9,37.8,2,10.06,0,22.9,21.4,22.2,22.2,22.1,22.2,.7,.1,119,72,8.5,12.3,2.5,2.3,1.17,9.1
2016,299,27,31.6,20,25.1,68.7,26.4,44.2,1.86,16.56,0,23.4,21.5,22.4,22.3,22.2,22.2,1.1,.2,129,72,4.8,12.8,4.2,3.3,1.38,11.7
2016,300,27,33.6,17.6,25.5,70,17.5,37.2,2.22,16.97,0,23.3,21.1,22.2,22.4,22.2,22.3,1.1,.2,45,74,5.4,12.1,4.4,3.4,1.16,9
2016,301,27,35.2,21.1,27.6,54.4,15.4,28.4,2.77,13.96,.25,23,21.3,22.1,22.4,22.2,22.3,1.1,.5,112,61,5.3,14,4.1,3.3,1.02,7.3
2016,302,27,31.2,20.6,25.6,65.7,20.4,34.1,2.23,11.64,0,23,21.6,22.3,22.3,22.2,22.2,.8,.2,184,70,4.6,13,3.1,2.7,1.1,8.3
2016,303,27,33.3,18.1,25.2,51.9,17.6,31.6,2.32,16.29,0,22.9,20.8,21.9,22.3,22,22.2,.9,.2,102,72,4.6,12.3,4.3,3,.99,6.8
2016,304,27,31.4,18.6,24.6,62,21.9,36.8,2.05,13.85,0,22.7,21,21.9,22.2,22,22.1,.7,.2,146,68,4.2,12,3.4,2.5,1.11,8.4
2016,305,27,27.5,16.9,22.3,65.5,29.4,46.3,1.51,12.7,0,22.1,20.8,21.5,22.1,21.9,22,1,.5,232,59,4.7,9.4,3,2.5,1.23,10
2016,306,27,25,14.1,19.6,62.2,24,37.8,1.48,16.05,0,21.5,20.2,20.8,21.9,21.6,21.7,1.1,.4,268,64,6,6.8,3.8,2.6,.85,4.5
2016,307,27,26.8,13.3,20.3,62.7,23.4,36.6,1.62,15.99,0,20.5,19.1,19.9,21.6,21,21.3,1.2,.4,244,68,5.5,7.2,4,2.9,.84,4.5
2016,308,27,27,15.9,21.4,96,27,48.3,1.42,11.51,7.11,20.2,19.1,19.7,21.1,20.7,20.9,3,2.2,54,43,11,8.7,3.7,4,1.16,8.9
2016,309,27,25.2,14.1,19.9,84.1,33.9,57.6,1.07,13.41,0,20.4,18.8,19.6,20.8,20.5,20.6,1.4,.2,72,74,10.1,6.9,3,2.5,1.3,10.8
2016,310,27,26.4,14.7,20,81.3,32.6,58.6,1.08,15.19,0,20.5,18.8,19.7,20.6,20.4,20.5,.9,.1,274,75,5.4,7.7,3.2,2.4,1.31,10.9
2016,311,27,26.9,13.7,19.9,83.7,30.3,58.5,1.09,15.33,0,20.5,18.8,19.7,20.5,20.3,20.4,1,.3,245,69,4.8,7.5,3.2,2.4,1.3,10.9
2016,312,27,28.6,14.8,21.3,78.6,25.3,49.6,1.41,14.99,0,20.5,18.7,19.6,20.4,20.2,20.3,.9,.2,326,73,4.7,8.9,3.4,2.5,1.2,9.5
2016,313,27,30.4,18.5,24.7,51.2,14.1,27.5,2.34,15.3,0,20.2,18.9,19.5,20.4,20.2,20.3,1.6,1.3,82,33,6.7,11.6,4.5,3.5,.83,4.3
2016,314,27,28.1,16.8,22.9,58.2,13.6,26,2.12,15.49,0,19.8,18.6,19.2,20.3,20,20.2,1.7,1.3,95,36,6.3,9.6,4.5,3.4,.7,1.8
2016,315,27,25.8,14.1,20.8,44.1,19.4,28.4,1.81,15.27,0,19.1,17.6,18.3,20.1,19.7,19.9,1.9,1.6,79,33,6.9,7.2,4.4,3.5,.69,1.5
2016,316,27,26.5,17.2,21.4,52.7,20.8,33.6,1.74,14.88,0,18.8,17.4,18.1,19.7,19.3,19.5,1.4,1.1,86,37,6,9.1,3.9,3,.84,4.4
2016,317,27,28,14.4,20.9,64.4,17.1,33,1.75,14.57,0,18.8,17.2,18,19.4,19.1,19.2,1,.8,73,35,4.9,8.4,3.5,2.4,.79,3.5
2016,318,27,27.9,15.4,20.7,53.9,19.7,34.4,1.71,14.79,0,18.9,17.2,18,19.2,19,19.1,1.1,.1,90,75,4.6,8.9,3.7,2.6,.81,4
2016,319,27,28.8,13.9,20.3,54.5,14.4,31.8,1.76,14.74,0,18.8,17.1,18,19.1,18.9,19,.9,.2,8,72,3.7,8.6,3.5,2.3,.72,2.2
2016,320,27,29.5,11.8,20.5,63.9,11.1,27.5,1.89,14.6,0,18.7,17.1,17.9,19,18.8,18.9,.9,.1,19,76,4.6,8,3.7,2.4,.63,.3
2016,321,27,24.9,13.1,18.9,60.3,17.1,32.3,1.54,8.34,0,18.2,17.1,17.7,18.9,18.7,18.8,.7,.2,114,65,4.1,6.2,1.9,1.8,.69,1.5
2016,322,27,21.2,8.6,15.3,60.2,8.9,26.5,1.34,14.79,0,17.8,16.2,16.9,18.7,18.4,18.6,1.3,.6,297,59,5.8,3.2,3.6,2.4,.44,-5.4
2016,323,27,24.8,7,15.6,55.2,6.8,16.5,1.58,14.87,0,16.2,14.4,15.3,18.4,17.6,18,1.1,.8,62,45,4.9,4.6,3.6,2.4,.28,-10.4
2016,324,27,28,15.1,21.3,40.7,11.9,17.6,2.14,13.86,0,16.4,14.6,15.4,17.6,17.2,17.4,1.4,1.1,79,33,5.2,8.8,4,2.9,.45,-4.5
2016,325,27,23.5,15.6,19.2,95,18.4,47.2,1.28,3.34,1.02,16.5,15.7,16.1,17.3,17.2,17.3,1.4,1,38,43,4.8,6.8,1,2.1,.97,5
2016,326,27,18.8,9.6,15.2,95.7,46.7,75.5,.44,6.37,4.83,16.9,16.3,16.6,17.4,17.3,17.4,1.4,.5,253,63,8.1,2.2,.8,1.2,1.3,10.7
2016,327,27,20.2,7.8,13.4,90,38.1,67.6,.58,13.69,0,16.3,14.9,15.6,17.4,17.1,17.3,.9,.2,339,71,4.2,2.6,2.3,1.6,1,7
2016,328,27,23.1,8.4,15.3,82.8,22.8,52.2,.97,13.86,0,16.2,14.6,15.4,17.1,16.8,17,1.1,.6,30,56,4,4,2.8,2,.84,4.3
2016,329,27,25.1,8.6,16.4,66.3,8.1,27.6,1.5,13.68,0,15.6,14.3,15,16.9,16.6,16.8,1.4,1.1,19,37,4.6,5,3.4,2.6,.45,-5.1
2016,330,27,26,9.8,17.7,52.4,11.6,23.4,1.66,13.62,0,15.4,13.7,14.6,16.6,16.3,16.5,1.1,.8,66,42,4.9,5.7,3.5,2.3,.45,-4.3
2016,331,27,21.3,13.6,17.4,69.1,25.3,37.1,1.28,5,0,15.3,14.3,14.8,16.3,16.2,16.3,1.2,.5,133,62,10.9,4.7,1.4,2,.73,2.1
2016,332,27,15.8,7.2,11.4,96.4,44.1,63.6,.53,9.95,6.1,15.1,14.2,14.6,16.2,16.1,16.2,2.9,2.2,231,39,11,.8,2,2.1,.83,4.2
2016,333,27,12.8,5.9,9.2,97.1,53.2,78.9,.27,7.48,0,14.6,13.8,14.2,16.1,15.8,15.9,1.1,.7,159,47,6.2,0,.8,1,.91,5.5
2016,334,27,15.3,3.5,8.4,92.8,21.7,56.3,.56,13.47,0,14.2,12.6,13.2,15.8,15.3,15.6,1.3,.6,346,58,5.2,.5,2.2,1.6,.57,-1.2
2016,335,27,16.2,3.8,9.1,65.1,17.7,40.3,.75,13.29,0,12.9,11.5,12.3,15.3,14.7,15,1.2,.5,21,64,4.7,.8,2.4,1.7,.44,-4.5
2016,336,27,16.1,3.2,8.8,71.9,22,47.4,.66,11.69,0,12.8,11.1,11.9,14.7,14.3,14.5,.8,.2,277,70,4.1,.7,1.9,1.3,.51,-2.5
2016,337,27,15.3,5.8,9.9,70.6,24.8,45.3,.71,9.1,0,12.8,11.5,12.1,14.3,14.1,14.2,1,.5,359,58,4.2,.6,1.6,1.5,.53,-2.1
2016,338,27,20.8,4,12.2,68.5,17.7,35.7,1.02,12.98,0,12.7,11.1,11.9,14.1,13.9,14,1,.4,337,65,4.6,2.5,2.6,1.7,.47,-3.6
2016,339,27,21.2,7.3,12.6,58.8,11.1,26.8,1.15,13.16,0,12.8,11.1,12,13.9,13.7,13.8,1.3,.6,45,60,4.5,3,3,2.2,.37,-6.9
2016,340,27,17.8,4.4,10.7,65.1,17.6,38.2,.86,11.47,0,12.4,10.9,11.7,13.8,13.6,13.7,.9,.2,104,71,3.9,1.4,2.2,1.5,.47,-3.5
2016,341,27,17,6.2,11.3,82.4,29.3,54.6,.63,9.83,0,12.6,11,11.7,13.6,13.4,13.5,1,.1,175,78,5.9,1.2,1.7,1.4,.74,2
2016,342,27,17.5,6.7,11.3,88.1,50.8,71.9,.42,8.3,0,13,11.5,12.2,13.5,13.4,13.5,.5,.2,25,67,3.6,1.4,1,1,.95,6.2
2016,343,27,19.4,5.9,11.8,88.7,35.2,64,.58,12.11,0,12.9,11.3,12.1,13.6,13.4,13.5,.7,.1,341,76,3.6,2.1,1.9,1.3,.85,4.6
2016,344,27,20.8,7.4,13.3,78.4,30.3,53.6,.8,11.4,0,13.2,11.5,12.3,13.5,13.4,13.5,.9,.3,56,67,3.9,2.8,2.1,1.5,.78,3.5
2016,345,27,21,7.4,14,76.4,29,51.2,.85,11.76,0,13.2,11.7,12.5,13.6,13.5,13.5,.9,.1,202,78,4,2.9,2.3,1.6,.79,3.6
2016,346,27,22.1,8.9,14.8,72.5,29.8,50.6,.92,11.48,0,13.8,12.1,12.9,13.7,13.5,13.6,.9,.2,99,70,4.7,3.7,2.2,1.6,.82,4.1
2016,347,27,22.4,9.1,15.1,77.9,32.7,55.1,.85,11.35,0,14,12.4,13.2,13.8,13.7,13.8,.8,.1,133,77,3.7,3.9,2.1,1.5,.92,5.7
2016,348,27,22.7,11.1,15.8,79.1,32.5,55.3,.88,11.24,0,14.5,12.9,13.6,14,13.8,13.9,.8,.2,118,72,3.8,4.4,2.1,1.5,.96,6.4
2016,349,27,23.5,12.1,16.4,75.2,31.3,52,.97,11.28,0,14.7,13,13.8,14.2,14,14.1,.9,.3,85,65,3.6,5.1,2.2,1.7,.94,6.1
2016,350,27,22.7,9.2,16.4,83.8,29.2,51.5,.99,8.85,.51,14.6,13,13.9,14.3,14.2,14.2,.7,0,41,79,3.3,4,1.6,1.4,.92,5.8
2016,351,27,21.2,13.1,16.7,93.2,42.1,67.9,.66,8.31,1.52,15.3,14.1,14.6,14.6,14.3,14.4,1.6,.9,178,53,12.3,4.4,1.6,1.8,1.26,10.3
2016,352,27,17.9,4,9.9,85.6,21.1,43.8,.71,12.3,2.03,15,12.6,13.7,14.7,14.5,14.6,2.5,2,267,37,12.9,1.4,2.6,2.5,.54,-2.5
2016,353,27,17,.9,8.7,77,16.7,40.9,.75,12.69,0,12.6,10.9,11.7,14.5,13.7,14.1,1.2,.6,10,56,4,.9,2.3,1.6,.43,-5
2016,354,27,21,7.6,13.8,58.2,19.1,28.2,1.18,12.41,0,12.2,10.6,11.4,13.7,13.2,13.4,1.8,1.3,46,42,7.4,2.9,3.1,2.5,.45,-4.7
2016,355,27,23.5,10.8,16.6,58.1,19.1,33.8,1.3,10.21,0,13,11.4,12.1,13.2,13.1,13.2,1.1,.7,70,45,4.6,4.7,2.4,1.9,.63,.3
2016,356,27,22,13.4,16.8,93.1,27.5,52.6,.93,5.02,.51,13.9,12.6,13.1,13.5,13.2,13.4,1.1,.7,68,49,4.8,5,1,1.7,1,6.4
2016,357,27,18.1,12.2,14.4,99.1,72.9,89.8,.17,5.26,19.05,14.5,13.8,14.1,14,13.5,13.8,2.2,1.2,228,55,9.5,2.5,.5,1.1,1.48,12.7
2016,358,27,15.1,9.7,12.3,97.9,69.4,87.5,.19,4.66,2.54,14.6,13.8,14.1,14.2,14,14.1,.5,.1,164,76,3.1,.7,.2,.8,1.24,10.2
2016,359,27,14.9,5.7,9.5,96,54.3,85.4,.19,2.61,9.65,14,12.2,13.1,14.2,14,14.1,2.3,1.3,180,54,11.7,.4,.1,1,1.01,7.1
2016,360,27,11.2,3.6,6.4,97.3,41.7,73.6,.28,10.46,0,12.2,11.1,11.6,14,13.2,13.6,1.2,.5,178,63,5.8,0,1.3,1.1,.69,1.6
2016,361,27,16.3,2.1,9.1,80.2,24.2,53,.61,12.09,0,11.2,9.9,10.6,13.2,12.6,12.9,1.2,1,52,36,4.1,.8,2,1.5,.58,-.7
2016,362,27,21.6,5.3,13,82,23,49.7,.87,12.29,0,11.7,9.9,10.7,12.6,12.2,12.4,1,.8,64,36,3.7,2.9,2.4,1.7,.7,1.9
2016,363,27,18.7,7,12.1,82.9,39.1,62,.58,7.68,0,12,10.4,11.2,12.4,12.2,12.3,.7,.3,54,63,3,1.9,1,1.2,.86,4.8
2016,364,27,24.4,9.5,16.5,74.4,15.8,39.6,1.27,11.54,0,12.6,11,11.7,12.5,12.3,12.4,1,.6,81,53,3.8,4.8,2.6,1.9,.68,1.4
2016,365,27,21,12.2,15.8,98.4,35,57.3,.83,10.38,7.11,13,11.5,12.2,12.7,12.4,12.6,1.2,.6,84,58,5.3,3.9,2,1.8,1,6.6
2016,366,27,15.7,11.2,12.4,100,68.9,91.4,.13,4.25,2.54,13.3,12.7,12.9,13.1,12.7,12.9,1.1,.8,255,44,5.4,1.1,0,.9,1.31,11
