2016,1,28,13.6,2.1,7.8,43.6,19.4,30.2,.76,11.34,0,999,999,999,999,999,999,7,6.6,350,18,14.5,.1,4.5,4.1,.31,-8.9
2016,2,28,17.2,-3.3,7.2,76.1,22,42.5,.69,9.27,0,999,999,999,999,999,999,2.2,1.8,337,34,8.6,.9,2.3,2.3,.41,-5.6
2016,3,28,17.9,-.4,8.9,77.4,23.2,44.9,.75,7.46,0,999,999,999,999,999,999,1.8,1.4,341,38,7.6,1.2,1.8,2,.48,-3.4
2016,4,28,11.2,5.4,9,97.6,43.8,72,.31,3.25,.76,999,999,999,999,999,999,.7,.3,157,60,3.8,0,.1,.8,.84,3.8
2016,5,28,13.5,8.9,11.2,100,87.1,96.3,.05,2.65,9.91,999,999,999,999,999,999,1.6,1.3,140,35,5.8,.1,0,.5,1.28,10.6
2016,6,28,16.6,6.5,11.7,99.8,53.4,82.6,.27,9.44,2.03,999,999,999,999,999,999,3.2,3.1,143,17,9.1,1.1,1.5,1.4,1.12,8.6
2016,7,28,14.9,6.9,10.8,92.2,50.5,78.9,.29,7.18,.76,999,999,999,999,999,999,2,1.4,154,43,9.6,.5,.9,1.2,1.01,7.1
2016,8,28,15.8,4,9.8,95.4,36.7,74.3,.36,9.5,0,999,999,999,999,999,999,.9,.2,198,72,3.7,.7,1.1,1.1,.87,5
2016,9,28,14.6,-.3,7.7,100,46.3,81,.27,10.89,0,999,999,999,999,999,999,.4,.1,215,75,2.3,.3,1.2,.8,.83,4.2
2016,10,28,13.2,2.5,9.2,98.8,56.2,83.6,.22,4.66,0,999,999,999,999,999,999,1,.7,338,42,6.3,0,.3,.7,.96,6.3
2016,11,28,14.9,1.9,8.7,99.3,24.2,52.7,.6,12.98,0,999,999,999,999,999,999,4.9,4.5,341,22,13.1,.4,3.7,2.9,.55,-1.5
2016,12,28,16.2,-1.8,7.5,92.6,22.1,55.9,.59,13.21,0,999,999,999,999,999,999,3.7,3.2,347,30,14.5,.6,3.6,2.7,.52,-2.3
2016,13,28,16,-2.7,6.2,96.3,31.7,67.6,.4,12.04,0,999,999,999,999,999,999,.5,.1,81,75,3.7,.6,1.5,1,.61,-.2
2016,14,28,18,-2.3,6.9,100,25.5,68.7,.46,12.24,0,999,999,999,999,999,999,1.3,.8,328,50,7.1,1.2,2.1,1.6,.62,.2
2016,15,28,18.8,.6,8.9,95.3,27,63.7,.55,11.92,0,999,999,999,999,999,999,2,1.6,346,38,9.2,1.5,2.5,2.1,.67,1.3
2016,16,28,15.2,.6,7.9,93.8,42.5,70,.38,9.28,0,999,999,999,999,999,999,.7,.3,314,60,5.2,.4,1.1,1.1,.73,2.3
2016,17,28,19.6,-.3,9.1,99.2,28.5,67.9,.52,13.49,0,999,999,999,999,999,999,1.3,1,328,39,7,1.7,2.4,1.7,.72,2.3
2016,18,28,20.4,3.1,9.9,93.5,28.8,67.6,.51,8.76,0,999,999,999,999,999,999,.9,.3,139,64,4.9,2.3,1.3,1.5,.77,3.3
2016,19,28,17.3,-.1,9.4,97.9,40.3,74,.39,9.29,0,999,999,999,999,999,999,.8,.2,317,68,4.2,1,1.2,1.1,.86,4.5
2016,20,28,21.4,3.8,12.6,99.5,34.6,69.8,.56,13.33,0,999,999,999,999,999,999,1.7,1.4,334,35,6.6,2.7,2.6,2,.96,6.4
2016,21,28,19.9,6.3,13,87.7,20.2,45.2,.92,11.62,0,999,999,999,999,999,999,3.5,3,338,31,10.4,2.4,3.5,3.4,.63,0
2016,22,28,19.1,-.5,9,88.1,22.8,55,.65,11.55,0,999,999,999,999,999,999,.5,.1,304,69,4.2,1.6,1.8,1.2,.58,-.8
2016,23,28,15.4,1.5,8.6,90.7,31.2,63.6,.49,7.93,0,999,999,999,999,999,999,.7,.2,338,66,4.2,.5,1,1.1,.67,1.3
2016,24,28,21,.4,10.6,87.4,18.1,51.7,.77,14.09,0,999,999,999,999,999,999,1.6,.9,338,53,7.6,2.3,2.9,2.3,.6,-.3
2016,25,28,19,1.1,11,87,19.5,44.6,.89,13.99,0,999,999,999,999,999,999,4.4,4.1,345,22,13.8,1.6,4.8,3.8,.51,-2.7
2016,26,28,18.5,7.8,13.2,34.3,13.9,24.8,1.18,14.49,0,999,999,999,999,999,999,7.7,7.3,348,18,15,1.9,6.6,6,.37,-7
2016,27,28,20.3,-.5,10.3,69.9,14.8,36.1,.95,14.05,0,999,999,999,999,999,999,2.9,2.4,346,34,12,2,4.1,3.5,.41,-5.5
2016,28,28,22,-.7,9.7,80.5,16.3,45.9,.83,14.52,0,999,999,999,999,999,999,1,.5,324,57,5.3,2.6,2.8,2.1,.5,-2.9
2016,29,28,21.9,.2,10.1,84,19.6,51.4,.75,13.11,0,999,999,999,999,999,999,.6,.1,342,71,3.7,2.6,2.2,1.6,.58,-.8
2016,30,28,26.6,2.1,15.3,86.8,16.8,44.8,1.31,12.76,0,999,999,999,999,999,999,3,1.7,160,52,12.5,4.7,4.2,4.2,.67,1.1
2016,31,28,23.7,9,16.5,82.3,28.2,52.1,.98,11.47,0,999,999,999,999,999,999,5.2,4.4,178,33,16.6,4.4,4.3,4.4,.95,6.1
2016,32,28,14.3,1.6,9.3,85.6,20.9,48.5,.64,9.58,0,999,999,999,999,999,999,3.7,1.1,336,68,10.6,.2,2.5,2.6,.55,-1.9
2016,33,28,13.1,-.9,6.7,68.3,14.9,35.9,.69,15.73,0,999,999,999,999,999,999,3.8,3.4,336,26,9.8,0,3.9,3.1,.33,-8.3
2016,34,28,13.9,.5,7.2,63,14,33.7,.73,15.82,0,999,999,999,999,999,999,4.4,4,345,25,11.3,.2,4.3,3.6,.32,-8.8
2016,35,28,17.2,-2.7,8.2,76.7,13.4,39.1,.81,15.54,0,999,999,999,999,999,999,3.9,3.6,349,23,12.3,.9,4.5,3.6,.37,-6.7
2016,36,28,19.3,6.8,13.5,53.3,18.9,31.4,1.12,15.73,0,999,999,999,999,999,999,7.1,6.8,349,16,15.4,2.1,6.4,5.6,.47,-3.6
2016,37,28,20.7,1.9,12.3,67.9,17.4,37.2,1.03,16.02,0,999,999,999,999,999,999,4.6,4,344,29,12.4,2.3,5.4,4.5,.49,-3.2
2016,38,28,23.9,2.9,15.4,67.5,13.1,30.9,1.46,15.94,0,999,999,999,999,999,999,6.8,6.3,350,20,18.9,3.7,7.7,6.5,.45,-4.2
2016,39,28,25,15,19.9,26.9,13.6,19.2,1.93,16.25,0,999,999,999,999,999,999,10.2,9.9,352,14,17.5,7.2,10.2,9.5,.44,-4.5
2016,40,28,26.4,12.1,20,38.6,13.1,22.3,1.89,16.45,0,999,999,999,999,999,999,7.2,6.7,347,20,15.5,6.5,8.4,8,.5,-2.7
2016,41,28,27,2.5,14.7,78,13.9,37.7,1.29,15.63,0,999,999,999,999,999,999,1.9,1.6,334,33,9.6,4.9,4.2,3.6,.56,-1.3
2016,42,28,27.4,.7,13.8,81,13.6,41.4,1.23,17.22,0,999,999,999,999,999,999,1.6,1.3,326,35,8.9,4.9,4.3,3.5,.56,-1.1
2016,43,28,27.8,1,13.9,75,12.8,40.3,1.25,17.45,0,999,999,999,999,999,999,1.4,1.1,324,34,7.6,5.1,4.2,3.3,.56,-1.3
2016,44,28,28.6,1,14.8,77.1,11.8,37.7,1.38,17.64,0,999,999,999,999,999,999,1.9,1.7,338,30,8.4,5.4,4.7,4.1,.54,-1.7
2016,45,28,27.4,5.1,16.8,65.4,9.7,31.3,1.58,15.46,0,999,999,999,999,999,999,2.6,2,356,40,13.2,5.5,5.1,4.6,.5,-2.8
2016,46,28,27.8,15.3,21.8,44,17.5,26.4,1.99,17.15,0,999,999,999,999,999,999,6.9,6.6,345,19,14.9,8.8,8.4,8.1,.68,1.4
2016,47,28,30.5,9.1,19.5,62.4,11.5,34.7,1.69,17.97,0,999,999,999,999,999,999,3.1,2.5,334,35,11.1,7.7,5.7,5.5,.72,2.3
2016,48,28,30.8,2.9,18.1,79.7,12.2,37.1,1.71,17.77,0,999,999,999,999,999,999,2.3,1.7,163,39,10.6,6.5,5.3,4.8,.65,.9
2016,49,28,27.9,12.4,21.8,55.2,15.2,30.7,1.89,14.11,0,999,999,999,999,999,999,4.2,1.5,176,66,11,7.4,5.9,5.9,.78,3.1
2016,50,28,28,6.2,16.4,82,20.4,46.5,1.19,16.76,0,999,999,999,999,999,999,1.1,.4,108,64,6.4,5.9,3.7,3,.81,3.8
2016,51,28,27.4,4.9,15.8,77.8,13.3,39.9,1.33,17.71,0,999,999,999,999,999,999,1.5,1.2,331,38,7.8,5.4,4.3,3.5,.63,.4
2016,52,28,28.5,3.6,16.7,71.1,13.8,34.7,1.54,18.56,0,999,999,999,999,999,999,2.9,2.2,348,39,10.9,5.7,5.8,5.2,.58,-.8
2016,53,28,26.8,4.1,16.6,71.4,9.8,30.6,1.58,18.79,0,999,999,999,999,999,999,3.3,2.6,355,37,13.6,5.1,6.3,5.4,.49,-3.1
2016,54,28,20.8,7.9,16,37.8,12.2,21.2,1.48,18.27,0,999,999,999,999,999,999,5.9,5.7,337,16,13.8,2.9,7.3,6.2,.37,-6.7
2016,55,28,24.2,1.3,13.6,66.5,10.8,27.9,1.29,19.18,0,999,999,999,999,999,999,2.4,2.1,329,30,7.6,3.6,5.2,4.3,.39,-6
2016,56,28,27.9,2.1,15.1,67.1,10.1,31.3,1.47,19.23,0,999,999,999,999,999,999,1.7,.9,337,56,7.9,5.3,5,4.1,.46,-3.9
2016,57,28,29.8,2.9,16,64.6,9.6,33,1.55,18.76,0,999,999,999,999,999,999,.6,.1,312,72,4,6.2,4.1,2.7,.52,-2.3
2016,58,28,31,3.9,16.9,74.4,9.3,34.6,1.59,18.13,0,999,999,999,999,999,999,.9,.2,343,69,4.6,6.8,4,3.2,.57,-1.1
2016,59,28,28.2,4.3,16.9,83,12.6,37.2,1.46,14.44,0,999,999,999,999,999,999,1.4,.8,333,53,6.1,5.6,3.6,3.5,.64,.5
2016,60,28,31.8,6.5,18.3,80.5,11.1,38.5,1.63,19.47,0,999,999,999,999,999,999,.6,.2,288,66,3.8,7.5,4.3,3,.7,1.9
2016,61,28,31.7,6,19.1,84.3,11.8,36.6,1.72,18.79,0,999,999,999,999,999,999,.5,.2,153,64,5.1,7.5,4.2,2.8,.71,2
2016,62,28,31.7,8.4,19,84.1,9.9,39.1,1.67,18.28,0,999,999,999,999,999,999,.5,.2,313,60,4.4,7.9,4,2.7,.74,2.6
2016,63,28,31,5.6,18.6,84.5,11.2,34.4,1.74,17.44,0,999,999,999,999,999,999,1.4,1,135,39,7.6,7.1,4.6,4,.63,.4
2016,64,28,31.9,6.9,19.2,79.9,7,32.6,1.8,20,0,999,999,999,999,999,999,1,.7,135,47,4.6,7.5,4.9,3.7,.62,.2
2016,65,28,28.1,7.3,18.8,76.5,15.2,38.3,1.56,13.73,0,999,999,999,999,999,999,2.2,1.9,151,33,9.2,6.2,4.3,4.2,.78,3.1
2016,66,28,26.6,10.9,19.5,72.5,14.8,40.3,1.39,15.63,.25,999,999,999,999,999,999,4.5,2.1,214,59,15.4,6.2,5.5,5.6,.92,5.2
2016,67,28,20.2,3.8,12.5,82.8,27.8,52.7,.79,14.55,0,999,999,999,999,999,999,2.8,1.9,165,46,9.4,2.2,3.4,3.3,.73,2.3
2016,68,28,25.1,2.1,14.5,90.1,12,46.3,1.19,21.09,0,999,999,999,999,999,999,3.5,2.8,345,37,12.9,4.1,6.2,5.2,.63,.1
2016,69,28,27.8,3.5,17.1,81.9,8.5,32.8,1.61,21.03,0,999,999,999,999,999,999,3.1,2.3,342,41,10.3,5.4,6.4,5.7,.53,-2.1
2016,70,28,31.1,6.9,19.2,73.9,10.8,31.7,1.79,21.78,0,999,999,999,999,999,999,1.7,.7,151,61,4.4,7.4,5.6,4.8,.63,.3
2016,71,28,29.7,9.3,19,76.5,11.4,35,1.71,15.86,0,999,999,999,999,999,999,4,2.7,179,47,18.4,7.4,6,6.6,.67,1.2
2016,72,28,23.4,9.9,15.9,67.6,21,40.7,1.15,21.78,0,999,999,999,999,999,999,2.3,1.1,190,60,8.4,4.4,5,4.4,.71,2
2016,73,28,26.1,6.1,17,83.2,14.4,39.7,1.37,19.17,0,999,999,999,999,999,999,2.7,1.9,179,45,9.7,5.1,5.4,4.8,.7,1.8
2016,74,28,27.4,9.9,18.9,77.8,23.3,46.2,1.31,21.01,0,999,999,999,999,999,999,1.7,.6,128,64,6.7,6.4,5,4.2,.96,6.4
2016,75,28,28,5.7,17.6,87,8.8,39.6,1.53,20.01,0,999,999,999,999,999,999,2.4,1.6,347,46,9.9,5.8,5.7,5,.65,.3
2016,76,28,28.8,5.1,17.6,78,10.4,31.8,1.7,22.81,0,999,999,999,999,999,999,3.7,3,344,34,11.9,6.2,7.5,6.7,.53,-2
2016,77,28,32.3,5.7,19,75.5,7.9,29.1,1.93,23.27,0,999,999,999,999,999,999,.9,.3,173,69,4.1,7.5,5.5,4.2,.54,-1.7
2016,78,28,33.7,7.1,20,70.3,9.3,31,1.99,23.14,0,999,999,999,999,999,999,1.4,.6,331,61,6.1,8.3,5.8,5,.62,.1
2016,79,28,34,8.1,20.9,78.9,7.7,32.1,2.06,22.96,0,999,999,999,999,999,999,.9,.1,40,76,3.6,8.5,5.5,4.3,.67,1.1
2016,80,28,33.5,7.4,20.7,78.4,10.6,34.4,1.94,21.03,0,999,999,999,999,999,999,1.4,.7,164,57,7,8.3,5.5,4.9,.75,2.7
2016,81,28,31.5,8.2,21.5,72.8,8.7,29.8,2.09,19.4,0,999,999,999,999,999,999,2,1,182,59,8.8,7.7,5.7,5.3,.68,1.3
2016,82,28,25.8,11.9,20,61.1,10.6,27.5,1.75,22.3,0,999,999,999,999,999,999,4.1,2.9,298,44,10.5,6.2,7.1,6.5,.63,-.2
2016,83,28,23.3,5.2,16.1,77.9,10.4,26.8,1.45,24.62,0,999,999,999,999,999,999,4.3,4,341,23,11.8,3.6,7.6,6.3,.44,-4.4
2016,84,28,27.7,2.8,16.4,80.1,10.4,34.3,1.5,23.62,0,999,999,999,999,999,999,2.2,1.3,339,50,9.1,5.3,6.2,5.2,.57,-1.2
2016,85,28,30.3,3.3,17.8,80,7.2,34.7,1.69,22.25,0,999,999,999,999,999,999,1.5,.2,13,76,6.8,6.5,5.5,4.8,.6,-.4
2016,86,28,24,4.2,17,80.4,8.8,28.3,1.59,24.66,0,999,999,999,999,999,999,5.7,5.1,341,27,16.2,3.9,9.3,7.1,.45,-4.5
2016,87,28,29,3.6,17.2,71.3,8.3,29.9,1.63,23.58,0,999,999,999,999,999,999,1.7,.7,154,61,5.9,6,5.7,5,.52,-2.4
2016,88,28,26.8,9.4,19.3,66.7,15.4,32.3,1.62,17.15,0,999,999,999,999,999,999,4.8,3.5,182,42,14.5,6,6.5,6.5,.7,1.6
2016,89,28,21,8.4,15,60.3,16.3,31,1.22,19.43,0,999,999,999,999,999,999,3.2,2.4,224,42,12.4,3.1,5.1,4.9,.51,-2.4
2016,90,28,22,3.9,13.9,80.3,14.3,40.9,1.07,21.5,0,999,999,999,999,999,999,1.7,.9,322,57,8.5,3,4.6,3.9,.59,-.6
2016,91,28,25.5,3,15.4,83.9,11.5,39.5,1.3,24.89,0,999,999,999,999,999,999,2.6,2,348,41,9.1,4.4,6.5,5.3,.6,-.4
2016,92,28,27.9,6.3,18.7,80.5,12.9,35.2,1.69,25.39,0,999,999,999,999,999,999,4.1,3.6,337,30,12.6,5.9,8.3,6.9,.66,.9
2016,93,28,32.3,6.6,19.6,72.8,8.1,32.8,1.92,25.77,0,999,999,999,999,999,999,.9,.1,261,78,3.2,7.7,6,4.7,.62,.2
2016,94,28,33.3,6.2,20.6,80.8,7.9,28.7,2.11,25.84,0,999,999,999,999,999,999,1.1,.2,146,72,5.4,7.9,6.3,5,.59,-.7
2016,95,28,34.9,8.3,21.5,67.8,7.7,29.2,2.19,25.93,0,999,999,999,999,999,999,1.3,.7,148,54,7.8,8.7,6.6,5.5,.65,.8
2016,96,28,35.1,10,22.3,77.1,8.6,30.9,2.24,23.69,0,999,999,999,999,999,999,2,1.1,321,53,8.5,9.2,6.7,6.3,.72,2.2
2016,97,28,33.3,18,25.9,40.6,8.3,18,2.85,25.43,0,999,999,999,999,999,999,6.1,5.7,343,22,14.4,12.2,11,10.9,.57,-.9
2016,98,28,30.4,13.6,23.2,74.6,11.1,32.5,2.04,10.99,0,999,999,999,999,999,999,2.2,1,188,61,12,9.2,3.6,4.7,.9,5.3
2016,99,28,24.3,14.6,18.6,99.1,31.7,78,.55,12.78,11.68,999,999,999,999,999,999,2.1,.5,332,71,10.1,6.7,2.7,3,1.63,14.2
2016,100,28,24.4,13.8,18.8,100,45.3,79.3,.53,15.39,.51,999,999,999,999,999,999,2.3,.6,351,69,7.3,6.3,3,3.2,1.68,14.7
2016,101,28,19.8,11.8,15.1,98.8,59.9,86.3,.25,10.68,8.89,999,999,999,999,999,999,1.3,.2,287,74,7,3.2,1.4,2,1.48,12.8
2016,102,28,23.5,14.3,18.1,97.9,45,75,.59,17.32,0,999,999,999,999,999,999,1.2,.5,210,61,6.8,6.1,3.2,3.2,1.51,13.1
2016,103,28,29.4,10.4,19.8,99.5,18.1,63.8,1.11,26.82,0,999,999,999,999,999,999,1.1,.4,166,64,3.3,7.5,5.5,4.7,1.34,11.2
2016,104,28,30.9,11.6,21.8,92.4,19.7,54.1,1.47,26.48,0,999,999,999,999,999,999,1.6,1.1,176,45,7.4,8.5,6.3,5.3,1.29,10.7
2016,105,28,31.1,14.5,22.3,81.6,9.5,40,1.83,22.99,0,999,999,999,999,999,999,2.7,1.6,219,51,10.2,9.9,6.6,6.4,.96,5.7
2016,106,28,25.2,9.5,19.1,81.8,11.1,31.4,1.65,26.95,0,999,999,999,999,999,999,5.4,4.7,341,29,19.3,5.2,9.4,7.5,.62,-.3
2016,107,28,27.2,13.1,20.1,50.8,11,24.7,1.88,28.04,0,999,999,999,999,999,999,5.3,5,341,18,15,7.4,9.8,8.6,.55,-1.6
2016,108,28,28.2,11.9,21.1,58.6,10.4,23.7,2.08,28.24,0,999,999,999,999,999,999,4.6,4.3,339,20,11.7,7.3,9.6,8.3,.54,-1.7
2016,109,28,30.5,7.4,20.1,75.9,7.8,31.7,1.97,28.51,0,999,999,999,999,999,999,3.1,2.4,348,38,10.8,7.3,8.7,7.4,.61,-.2
2016,110,28,34.7,7.3,21.2,78.1,8.2,34.8,2.07,27.14,0,999,999,999,999,999,999,1.1,.1,65,77,3.3,8.5,6.5,5.5,.73,2.4
2016,111,28,35.2,10.7,23.3,81.1,8.2,34.2,2.36,27.82,0,999,999,999,999,999,999,1.4,.6,177,60,6.7,9.3,7.3,6.1,.81,3.9
2016,112,28,35.7,11.8,23.6,81.6,8,32.1,2.37,27.24,0,999,999,999,999,999,999,1.7,1,161,51,6.7,9.8,7.4,6.6,.81,3.8
2016,113,28,34.4,13.1,25.6,74.6,8.7,25.4,2.79,27.94,0,999,999,999,999,999,999,3.8,3.1,179,36,11.9,10.1,9.9,8.9,.73,2.3
2016,114,28,30.1,15.2,23.1,45.4,7.9,21.7,2.32,29.06,0,999,999,999,999,999,999,3.1,2.3,315,42,8.8,9.9,8.6,7.8,.57,-1.2
2016,115,28,32.8,8,22.1,70.6,7.7,27.6,2.31,26.04,0,999,999,999,999,999,999,2.5,1.7,189,47,9.5,8.2,7.7,7.1,.6,-.4
2016,116,28,25.6,13.7,19.9,55.3,10.1,25.9,1.79,28.11,0,999,999,999,999,999,999,4.7,4,259,30,12.1,6.9,9.1,7.8,.58,-1.2
2016,117,28,28,7.8,19.1,69.4,15,32.6,1.67,28.08,0,999,999,999,999,999,999,1.8,.5,122,70,5.5,6.3,6.8,5.7,.67,1.2
2016,118,28,29.8,10.7,21,80.2,12.3,33.8,1.89,26.28,5.84,999,999,999,999,999,999,3.7,1.9,193,56,19,7.7,8,7.5,.75,2.5
2016,119,28,23.3,9.5,16.9,97.9,32.2,65.6,.79,21.67,0,999,999,999,999,999,999,1.8,.4,210,70,5.4,4.3,4.3,4,1.2,9.5
2016,120,28,29.4,10.7,20.2,98.2,16.4,54.1,1.36,28.04,0,999,999,999,999,999,999,1.6,.4,147,70,6.7,7.6,6.4,5.5,1.13,8.5
2016,121,28,23,12.9,18.3,83.3,31.9,53.6,1,15.4,.25,999,999,999,999,999,999,4.9,4,359,35,11.9,5.2,4.5,4.9,1.12,8.6
2016,122,28,28.9,11.7,21,90.7,22,49.8,1.46,27.29,0,999,999,999,999,999,999,2.3,.3,322,76,8.4,7.7,6.5,5.9,1.13,8.7
2016,123,28,31.5,11.4,22.4,84.1,16.6,42,1.86,27.38,0,999,999,999,999,999,999,2,1.2,322,50,8.5,8.6,7.1,6.2,1.01,7.1
2016,124,28,34.3,11.6,24.4,76.6,12.3,36,2.33,29.13,0,999,999,999,999,999,999,2.3,1.4,323,51,9.9,9.5,8.2,7.2,.96,6.3
2016,125,28,37.8,12.9,25.9,78.2,8.7,34.6,2.69,28.69,0,999,999,999,999,999,999,2.1,1.5,178,42,9.9,10.7,8.4,7.6,.96,6.1
2016,126,28,33.1,16.3,26.1,57.4,10.4,24.6,2.73,28.04,0,999,999,999,999,999,999,4.4,3.7,167,31,12.8,11.4,10.3,9.3,.76,3
2016,127,28,27,14.4,19.8,88.9,17.4,49.9,1.26,20.12,4.06,999,999,999,999,999,999,3.8,2.5,160,49,11,7.9,5.8,6,1.09,8.1
2016,128,28,26.5,12.2,19.5,84.5,24.4,54.6,1.14,25.57,2.03,999,999,999,999,999,999,2.5,1.4,149,55,10.6,6.6,6.1,5.4,1.18,9.3
2016,129,28,29.2,11.2,20.7,92.9,17.6,52.9,1.39,27.26,0,999,999,999,999,999,999,1.7,1.1,172,48,6.7,7.7,6.4,5.5,1.17,9.2
2016,130,28,31.6,13,23.3,84.9,18.2,44.6,1.84,29.45,0,999,999,999,999,999,999,2.4,2,161,33,8.3,9.3,7.8,6.8,1.17,9.2
2016,131,28,33.7,15.7,25,73.7,16.7,41.3,2.12,29.52,0,999,999,999,999,999,999,2.2,1.9,158,32,7.5,11.2,8,7.1,1.2,9.6
2016,132,28,34.3,15.4,26,77.2,13.1,34.3,2.54,29.72,0,999,999,999,999,999,999,3.4,2.8,344,34,11,11.2,9.6,8.6,.99,6.4
2016,133,28,39.6,16.9,28.1,71.6,8.2,25.8,3.26,30.59,0,999,999,999,999,999,999,1.9,1.5,334,40,9.1,12.7,8.8,8.1,.86,4.6
2016,134,28,38.3,13.5,27.6,76.8,7.7,32.9,2.96,30.59,0,999,999,999,999,999,999,1.7,1.1,162,49,9.3,11,8.6,7.5,1.05,7.6
2016,135,28,37.5,19.6,29.6,73.5,11.8,31.5,3.12,26.99,0,999,999,999,999,999,999,2.8,2.4,169,31,10.9,13.6,8.8,8.3,1.2,9.3
2016,136,28,33.8,19.6,27.4,51.2,13.4,29.1,2.74,29.93,0,999,999,999,999,999,999,3.4,3,159,26,10.9,13.1,9.5,8.7,1.01,7.1
2016,137,28,34.4,14.3,26.3,73.3,12.7,32.1,2.58,29.67,0,999,999,999,999,999,999,2,1.3,144,48,6.8,10.7,8.2,7.1,1,6.9
2016,138,28,29.4,16.6,24.9,64.4,22,33.6,2.15,20.24,0,999,999,999,999,999,999,4.6,4.2,355,24,13.3,10.2,7.6,7.4,1.04,7.4
2016,139,28,34.3,15.4,25.7,66.7,13.2,38,2.34,30.59,0,999,999,999,999,999,999,2.2,1.1,346,58,8.5,11.2,8.4,7.4,1.14,8.8
2016,140,28,36,15.1,27.1,78.6,13.5,35.6,2.67,29.73,0,999,999,999,999,999,999,2.9,2.4,163,36,10.9,11.3,9.2,8.4,1.15,8.9
2016,141,28,33.4,20.5,27.6,38,10.3,21.2,3.03,27.35,0,999,999,999,999,999,999,6,5.4,167,24,15.6,13.4,11.6,11.2,.75,2.7
2016,142,28,29.2,12.9,22.1,62.7,8.6,27,2.08,31.08,0,999,999,999,999,999,999,2.8,1.6,213,52,10.6,8.3,8.7,7.4,.67,1
2016,143,28,30.7,12.3,22.6,64.6,7.7,27.2,2.16,31.48,0,999,999,999,999,999,999,1.6,.5,220,68,6.1,8.6,7.7,6.6,.69,1.4
2016,144,28,31.5,10.9,22.8,80.7,10.5,31.6,2.18,30.91,0,999,999,999,999,999,999,2.7,2.4,165,29,10,8.5,8.8,7.6,.78,3.3
2016,145,28,30.4,14.8,23.9,72.9,11.7,30.8,2.2,30.92,0,999,999,999,999,999,999,3.2,2.4,182,39,11.1,9.8,9.2,7.9,.85,4.5
2016,146,28,30.1,13.1,22.7,74.6,10.6,33.4,2.04,30.63,0,999,999,999,999,999,999,2.6,1.4,195,56,13.9,8.8,8.3,7.2,.84,4.3
2016,147,28,33.4,11.9,23.4,80.7,10.3,37.8,2.09,29.54,0,999,999,999,999,999,999,1.3,.5,174,64,7.6,9.4,7.1,6.2,.95,6
2016,148,28,35.2,13.4,25.8,79.2,11.1,31.8,2.58,30.92,0,999,999,999,999,999,999,1.7,1.3,146,41,7.1,10.4,8.3,7.1,.96,6.2
2016,149,28,36.3,15.4,26.9,66.7,9.2,30.9,2.77,30.6,0,999,999,999,999,999,999,1.8,1.2,167,48,7.8,11.6,8.5,7.4,.99,6.7
2016,150,28,34.3,15.3,25.9,70.1,9.9,29.9,2.6,31.3,0,999,999,999,999,999,999,2.1,1.6,172,42,9.4,11.2,9,7.7,.91,5.4
2016,151,28,38.1,12.3,26.2,76.6,7.9,29.7,2.8,29.28,0,999,999,999,999,999,999,1.2,.5,169,62,4.2,10.4,7.7,6.6,.9,5.3
2016,152,28,39.8,15.6,28.8,72,8.8,30.3,3.27,30.7,0,999,999,999,999,999,999,1.8,.5,303,69,7.5,12.2,8.9,7.9,1.04,7.4
2016,153,28,42.7,18.8,30.9,63.3,6.5,27.5,3.75,31.26,0,999,999,999,999,999,999,1.3,.4,193,68,4.8,13.8,8.7,7.7,1.08,8
2016,154,28,44.7,20,32.3,64.3,4.9,26.9,4.13,30.57,0,999,999,999,999,999,999,1,.5,142,61,3.9,14.3,8.4,7.2,1.11,8.2
2016,155,28,45.8,20,33.3,58,4.8,20.5,4.65,31.16,0,999,999,999,999,999,999,1,.2,192,73,4,14.5,8.8,7.3,.91,5.5
2016,156,28,47.8,18.4,33.5,59,4.3,20.6,4.84,31.02,0,999,999,999,999,999,999,1.3,.3,208,71,5.4,14.1,9.1,8,.9,5.3
2016,157,28,44.7,18,32.8,57,5.3,20.6,4.57,30.53,0,999,999,999,999,999,999,2,1.5,165,41,10.3,13.7,9.8,9.1,.9,5.3
2016,158,28,43.1,17.2,32.7,60.4,5.3,20.3,4.46,30.4,0,999,999,999,999,999,999,2.3,1.7,162,40,9.1,13.2,10,9.3,.85,4.5
2016,159,28,42.6,19.1,32,60.8,9,22.4,4.18,30.62,0,999,999,999,999,999,999,2.6,2.3,144,28,12.2,13.9,10.4,9.8,.95,6.2
2016,160,28,42.8,20.8,32.6,59.6,10.4,27.9,3.99,27.77,0,999,999,999,999,999,999,3,2.7,149,26,9.4,14.6,9.7,9.8,1.23,9.9
2016,161,28,40.9,24.2,33,54.5,7.3,24.3,4.09,31.07,0,999,999,999,999,999,999,3.9,3.6,156,21,10.2,15.7,11.6,11.2,1.11,8.2
2016,162,28,39.7,22.4,31.9,53.1,14.7,29.9,3.5,24.41,0,999,999,999,999,999,999,4,3.7,151,21,9.3,15,9.2,10,1.36,11.4
2016,163,28,38.8,23.9,32.2,60.6,15.4,30.3,3.56,29.51,0,999,999,999,999,999,999,4.1,3.7,166,25,11.5,15.5,10.7,10.5,1.37,11.5
2016,164,28,37.5,21.2,29.5,51.7,10.6,26.5,3.27,31.18,0,999,999,999,999,999,999,3.4,3,165,27,9.6,14.3,10.4,9.8,1,6.8
2016,165,28,38.7,16.6,28.7,65.9,9.3,27.7,3.26,30.58,0,999,999,999,999,999,999,2.1,1.5,164,44,8.9,12.5,9.1,8.2,.95,6.1
2016,166,28,38.7,17.2,29.5,50.8,9.3,22.7,3.56,31.11,0,999,999,999,999,999,999,3.2,2.8,160,27,9.5,12.7,10.6,9.8,.83,4.2
2016,167,28,38.3,19.6,30,53.3,8.4,23.1,3.57,31.36,0,999,999,999,999,999,999,3.9,3.4,166,29,12.1,13.8,11.5,10.7,.87,4.7
2016,168,28,37.8,18.2,29,62.2,10.1,27.2,3.2,30.87,0,999,999,999,999,999,999,2.4,1.8,151,38,8.8,13,9.4,8.5,1,6.9
2016,169,28,39.7,18,30.2,71.5,9,27.2,3.53,30.74,0,999,999,999,999,999,999,2.2,1.8,163,36,9.2,13.2,9.5,8.6,1.04,7.4
2016,170,28,42.9,17.6,30.8,71,6.5,26.9,3.86,27.45,0,999,999,999,999,999,999,1,.4,147,62,4.5,13.4,7.5,6.7,1,6.7
2016,171,28,47.6,19.7,34.8,68.7,5,25,5.03,30.58,0,999,999,999,999,999,999,.7,.1,224,75,4,14.5,8.4,6.9,1.13,8.4
2016,172,28,50,23.2,36.6,65.8,5.3,24,5.45,30,0,999,999,999,999,999,999,1.5,.9,303,51,6.7,15.7,9.3,8.7,1.24,10
2016,173,28,44.2,29,35.9,47.6,9.7,25.8,4.59,27.81,0,999,999,999,999,999,999,3.3,2.8,149,30,9.1,17.1,10.1,10.6,1.48,12.7
2016,174,28,42.9,24.4,34,58.3,11.7,28.7,4.09,29.54,0,999,999,999,999,999,999,3.4,3.1,149,22,8.6,15.8,10.3,10.6,1.45,12.4
2016,175,28,41.2,23.7,33.3,60.6,8.7,28.6,3.95,30.32,0,999,999,999,999,999,999,2.5,2.3,148,25,7.4,15.6,9.8,9.2,1.37,11.5
2016,176,28,42,21.8,32.5,68.6,9.9,31.7,3.67,29.33,0,999,999,999,999,999,999,2.8,2.5,149,23,8.2,14.9,9.6,9.5,1.44,12.3
2016,177,28,43,21.6,33.3,67.7,9.4,29.5,3.99,30.21,0,999,999,999,999,999,999,1.5,1,148,47,5.7,14.9,8.6,7.8,1.39,11.7
2016,178,28,46.3,20.9,34.7,72.2,6.7,28.9,4.59,29.96,0,999,999,999,999,999,999,1.1,.7,173,46,7.4,14.9,8.4,7.5,1.39,11.7
2016,179,28,43.5,25.4,34.7,70,13.8,33.5,4.02,24.54,0,999,999,999,999,999,999,2.1,1.4,161,48,10.9,16.2,8,8.1,1.72,15
2016,180,28,45.5,25.6,37.2,63.6,11.6,28.1,4.89,29.64,0,999,999,999,999,999,999,2.1,.3,112,75,9.6,16.3,9.5,9.1,1.67,14.5
2016,181,28,42.3,25.1,35.1,68.9,15.6,33.7,4.01,28.32,0,999,999,999,999,999,999,2.8,2.2,151,38,8.3,16.1,9.5,9.3,1.83,16
2016,182,28,39.5,22,31.6,97.7,25.5,52.2,2.58,19.18,15.75,999,999,999,999,999,999,4,2.1,148,56,22.9,14.8,6.8,7.9,2.24,19.2
2016,183,28,38.1,22.1,28.6,98.1,26.6,68.1,1.48,23.96,2.29,999,999,999,999,999,999,1.8,.8,320,60,12.4,14.7,5.9,6.3,2.54,21.2
2016,184,28,41.4,21.8,30.9,90.2,20.2,55.8,2.3,29.43,0,999,999,999,999,999,999,2.3,1.4,346,52,22.9,14.9,7.8,8.3,2.34,19.9
2016,185,28,40.9,23.2,33,85.8,15.3,41.7,3.3,29.77,0,999,999,999,999,999,999,2,1.6,150,37,8.3,15.3,8.9,8.2,1.93,16.8
2016,186,28,42.6,24.3,33.8,73.6,12.8,33.4,3.84,30.48,0,999,999,999,999,999,999,2.3,1.9,159,34,8.1,15.8,9.6,9.1,1.63,14
2016,187,28,41.7,19,32,71.5,4.9,22.9,4.11,31.66,0,999,999,999,999,999,999,2.7,2.3,152,33,9.1,13.7,10.8,9.9,.94,5.6
2016,188,28,40.5,20.1,31.5,53.4,11.3,23.7,3.82,30.88,0,999,999,999,999,999,999,3.7,3.4,157,24,10.9,14.1,11.1,10.8,1.04,7.3
2016,189,28,41.1,22.9,32.4,59,8.5,28,3.84,30.77,0,999,999,999,999,999,999,2.8,2.4,160,29,8.8,15.3,10.2,9.6,1.24,9.8
2016,190,28,43.7,20.8,34.1,62,8.9,21.9,4.63,30.55,0,999,999,999,999,999,999,3.2,2.8,157,29,9.6,14.6,11.1,10.8,1.03,7.2
2016,191,28,44.9,20.5,34.4,53.8,6.1,19.2,4.94,30.54,0,999,999,999,999,999,999,2.5,1.8,187,45,10.4,14.6,10.6,10,.89,5.1
2016,192,28,44.1,20.1,34.9,60.2,7.4,18.7,5.05,30.45,0,999,999,999,999,999,999,3.1,2.1,230,47,10.1,14.4,11.1,10.8,.9,5.1
2016,193,28,42.5,18.7,32.6,47.5,5.9,17.2,4.44,30.64,0,999,999,999,999,999,999,1.7,.7,152,62,6,13.8,9.3,8.2,.76,2.8
2016,194,28,43.3,17.8,32.3,61.4,5.7,20.6,4.43,30.26,0,999,999,999,999,999,999,2.3,1.9,146,33,8.7,13.4,10.1,9.2,.82,4
2016,195,28,44,18.1,32.7,62.4,7.3,22.5,4.44,29.7,0,999,999,999,999,999,999,1.8,1.2,150,47,7.7,13.6,9.3,8.4,.97,6.3
2016,196,28,45.3,20.9,34.2,59.6,6.9,26.3,4.63,29.06,0,999,999,999,999,999,999,1.8,1.3,143,41,8.1,14.7,9.2,8.4,1.21,9.6
2016,197,28,45.8,19.7,34.2,75.7,6.9,26.1,4.75,29.67,0,999,999,999,999,999,999,2.1,1.5,155,42,8.8,14.3,9.8,9.1,1.14,8.6
2016,198,28,43.9,22.1,34.9,70.2,10.9,23.8,4.59,28.72,0,999,999,999,999,999,999,3.3,2.9,149,28,9.1,15.1,10.6,10.7,1.25,10.1
2016,199,28,41.6,24,34.4,58.5,11.5,26.5,4.31,28.86,0,999,999,999,999,999,999,3.9,3.7,144,22,12.4,15.7,11.4,10.9,1.31,10.7
2016,200,28,42.8,26.4,34.5,53.7,12.3,28.2,4.26,27.91,0,999,999,999,999,999,999,3,2.6,155,28,9.4,16.5,10,9.8,1.43,12.2
2016,201,28,44.1,24.4,35.1,64.2,10.5,28.9,4.48,28.16,0,999,999,999,999,999,999,2.4,1.9,164,36,8.6,15.9,9.5,9.2,1.47,12.5
2016,202,28,44.3,26.5,35.8,57,12.1,29.3,4.51,28.29,0,999,999,999,999,999,999,2.6,2.3,139,29,8.9,16.6,9.6,9.5,1.6,13.9
2016,203,28,45.8,25,36.2,76,12.1,32.1,4.66,28.48,0,999,999,999,999,999,999,1.2,.6,136,56,5.6,16.2,8.3,7.4,1.71,14.8
2016,204,28,47,23.8,36.8,60.4,7.7,24.1,5.22,29.62,0,999,999,999,999,999,999,1.6,1.2,154,43,7,15.8,9.3,8.5,1.35,11.3
2016,205,28,44.5,26.4,36,56.5,11.5,30.2,4.44,28,0,999,999,999,999,999,999,2.4,2,152,33,8.4,16.6,9.4,9.1,1.72,14.9
2016,206,28,41.2,26,34.7,66.6,21.5,38.1,3.63,27.09,0,999,999,999,999,999,999,3.1,2.7,150,26,8.9,16.3,9.2,9.1,2.03,17.7
2016,207,28,45.3,27.3,35.4,63,15.2,38.6,3.82,27.26,0,999,999,999,999,999,999,2.8,2.6,138,21,9,16.8,8.8,9.6,2.11,18.3
2016,208,28,47.1,26.5,36.4,74.2,12.8,36.2,4.37,27.75,0,999,999,999,999,999,999,1.2,.6,150,55,3.8,16.6,7.9,7.5,2.01,17.5
2016,209,28,47.8,27.9,37.3,64.9,12.2,34.8,4.59,27.48,0,999,999,999,999,999,999,2,1.5,141,38,11.9,17,8.7,8.9,2.07,18
2016,210,28,44.9,26.7,36.2,71.6,13.7,35.6,4.26,27.45,0,999,999,999,999,999,999,2.7,1.8,132,45,10.2,16.6,9.4,9.4,2.01,17.4
2016,211,28,43.7,27.3,35.9,61.2,19.1,36.7,3.94,24.04,0,999,999,999,999,999,999,2.6,2.2,144,32,6.9,16.7,8.1,8.6,2.14,18.5
2016,212,28,38.4,26.2,32.8,79.7,29.4,46.8,2.79,24.15,.76,999,999,999,999,999,999,4.4,3.9,143,28,15.9,16.3,8.6,8.9,2.25,19.4
2016,213,28,40.6,26.6,33.9,71.4,25.8,44.9,3.09,25.09,0,999,999,999,999,999,999,3.3,3.1,139,20,8.8,16.5,8.3,8.7,2.3,19.7
2016,214,28,40.2,27.5,33.8,69.1,26.9,44.2,3.04,23.54,0,999,999,999,999,999,999,2.9,2.1,139,43,10.5,16.8,7.8,8.1,2.28,19.6
2016,215,28,40.7,25,33.3,79.1,22.9,45.4,3.04,24.36,0,999,999,999,999,999,999,3.5,2.8,132,35,14.2,16,8.1,8.7,2.22,19.1
2016,216,28,41.8,27.9,34,68,21.8,44.7,3.18,23.67,0,999,999,999,999,999,999,3.4,2.7,144,35,12.3,16.9,8.2,8.9,2.26,19.4
2016,217,28,38.6,23.6,30.6,93.3,25.6,58.2,2.1,25.13,0,999,999,999,999,999,999,2.8,1.8,318,49,12.1,15.4,7.2,7.5,2.41,20.4
2016,218,28,42,24.6,33.8,84.1,20.4,46.9,3.25,26.04,0,999,999,999,999,999,999,2.2,1.5,155,45,9.1,15.9,8,7.8,2.23,19.1
2016,219,28,43.1,26.9,35.2,66.5,13.9,34.4,4.01,27.21,0,999,999,999,999,999,999,2.7,2.4,150,28,8.1,16.6,9.2,9.1,1.85,16.2
2016,220,28,44.5,24.7,35.1,70.9,11.5,28.8,4.54,27.67,0,999,999,999,999,999,999,2.8,2.3,164,36,10.6,16.1,10,9.7,1.45,12.2
2016,221,28,44.8,23.6,34.5,56,7.4,23.4,4.72,28.26,0,999,999,999,999,999,999,3,2.6,168,30,10.2,15.6,10.5,10.2,1.1,8
2016,222,28,41.3,22.5,33.7,55.5,18.5,31.8,3.78,25.63,0,999,999,999,999,999,999,4.5,4,166,27,14.1,15.1,10.3,10.5,1.63,14.1
2016,223,28,40.9,27.4,34,70.6,22.8,44,3.16,25.03,0,999,999,999,999,999,999,4.2,3.9,163,23,10,16.7,9.1,9.7,2.24,19.3
2016,224,28,40.8,27.4,33.7,68,23.6,45.2,3.07,25.71,1.02,999,999,999,999,999,999,2.4,2,146,34,8.5,16.8,7.8,7.9,2.27,19.5
2016,225,28,42.3,26.4,34.5,79.1,15.4,42,3.56,23.47,0,999,999,999,999,999,999,1.5,.3,184,72,7.1,16.5,6.9,6.7,2.1,18.1
2016,226,28,45.9,22.8,34.8,78.1,7.2,33.7,4.4,27.49,0,999,999,999,999,999,999,1.2,.4,282,66,3.9,15.4,8,7.1,1.57,13.1
2016,227,28,45.8,20.4,34.7,71.2,8.7,28.3,4.56,27.34,0,999,999,999,999,999,999,1.9,1.1,150,54,6,14.7,8.8,8.3,1.37,11.6
2016,228,28,46.6,23.6,35.6,59.1,6.1,25.6,4.95,27.38,0,999,999,999,999,999,999,2.1,1.4,178,48,9.2,15.7,9.2,8.7,1.28,10.2
2016,229,28,45.8,22.5,34.9,66.7,6.9,22,4.97,27.76,0,999,999,999,999,999,999,1.8,.8,169,60,9.2,15.3,9.1,8.1,1.05,7.4
2016,230,28,44.5,23.9,36.1,54.9,10.7,23.6,4.88,25.89,0,999,999,999,999,999,999,3.1,2.1,147,46,12.9,15.8,9.5,9.8,1.33,11.1
2016,231,28,41.3,24.8,33.2,81.7,16.9,35.1,3.55,22.81,4.83,999,999,999,999,999,999,2.8,1.5,133,55,20.3,15.9,7.8,8.3,1.68,14.6
2016,232,28,40.9,21.4,30.2,89.4,12.6,51,2.55,20.8,0,999,999,999,999,999,999,1.2,.5,159,59,6,14.6,5.3,5.5,1.95,16.8
2016,233,28,40.1,24.2,32.7,82.3,15.5,40.7,3.25,25.53,0,999,999,999,999,999,999,3.4,2.8,146,32,13,15.7,8.8,8.8,1.85,15.9
2016,234,28,36.9,23.4,30.6,72.9,20.5,42.1,2.64,12.56,0,999,999,999,999,999,999,2.4,1.8,147,40,8.3,15.2,4.3,5.5,1.81,15.9
2016,235,28,39.7,20.8,29.4,86.5,18.8,50.5,2.39,22.92,4.57,999,999,999,999,999,999,2.4,.5,160,71,11.6,14.3,6.8,7.1,1.91,16.7
2016,236,28,37.7,22,28.9,90.4,21.2,55.5,2.05,23.46,.25,999,999,999,999,999,999,1.4,.6,344,59,7.2,14.7,5.8,5.8,2.08,18
2016,237,28,41.9,20.4,30.6,91.2,12.5,49.7,2.73,25.1,0,999,999,999,999,999,999,1.3,.6,164,60,5,14.4,6.7,6.4,1.92,16.7
2016,238,28,39,23.8,32,72.3,16.6,37.7,3.21,24.87,0,999,999,999,999,999,999,2.7,2.3,172,28,10.1,15.5,8.2,7.8,1.69,14.8
2016,239,28,36.1,22,30.4,82.1,22.3,41.2,2.71,24.66,3.05,999,999,999,999,999,999,3.8,3.2,154,34,17.9,14.5,8.6,8.1,1.72,15
2016,240,28,31.6,20.8,25,95.9,32.2,75.5,.89,13.98,5.59,999,999,999,999,999,999,2.1,.4,196,74,8.1,13.2,3.3,3.9,2.33,19.9
2016,241,28,38.3,18.9,28.3,98.9,16.5,59.4,2.05,25.39,0,999,999,999,999,999,999,.9,.4,188,58,4,13.4,6.2,5.4,2.03,17.6
2016,242,28,41.2,20.4,30.5,87,12.7,47.6,2.78,25.52,0,999,999,999,999,999,999,1.1,.6,258,57,4.1,14.3,6.8,6.1,1.87,16.3
2016,243,28,42.9,19.3,31.6,82.6,11.2,42.8,3.22,25.71,0,999,999,999,999,999,999,.8,.3,201,61,4.8,14,6.9,5.7,1.77,15.5
2016,244,28,41.5,21.9,31.2,80.7,15.2,46,2.82,17.01,0,999,999,999,999,999,999,1,.3,128,68,4.4,14.9,4.6,4.7,1.95,17
2016,245,28,39.7,23.1,32,82.5,21.8,46.5,2.85,24.63,0,999,999,999,999,999,999,2.1,1.6,168,38,8.1,15.3,7.5,6.9,2.08,18.1
2016,246,28,39.7,25.9,32.7,70.2,18.9,42.6,3.06,24.23,0,999,999,999,999,999,999,2.8,2.3,162,31,8.4,16.3,8,7.7,2,17.4
2016,247,28,39.2,21.2,31.2,74.9,10.9,31.2,3.42,24.1,0,999,999,999,999,999,999,3,2.3,170,40,9.4,14.5,8.6,8.2,1.32,10.3
2016,248,28,36.9,17.9,28.4,65.5,8.9,25.7,3.11,25.5,0,999,999,999,999,999,999,2.6,2,159,40,9.9,12.8,8.3,7.6,.93,5.7
2016,249,28,36.5,16.2,27.1,65.4,8.3,26.4,2.93,25.6,0,999,999,999,999,999,999,1.5,.7,169,60,6.4,11.9,7.3,6,.86,4.6
2016,250,28,38.3,13.2,26.6,72.6,6.9,28.8,2.99,25.3,0,999,999,999,999,999,999,1.3,.6,157,60,6.3,10.9,7.1,5.8,.84,4.3
2016,251,28,36.8,19.5,28.5,73.1,20.1,42.5,2.39,19.6,0,999,999,999,999,999,999,1.8,1.1,153,50,7.2,13.5,5.7,5.5,1.65,13.9
2016,252,28,38.9,20.2,29.7,81.8,19.4,49.2,2.47,23.76,0,999,999,999,999,999,999,1.5,1.1,145,40,5.8,14,6.6,5.9,1.91,16.7
2016,253,28,41.9,21.2,31.7,78.1,13.4,39.4,3.31,23.85,0,999,999,999,999,999,999,1.3,.5,188,65,7.1,14.6,6.8,6,1.62,14
2016,254,28,42.3,21.3,31.2,62.5,11.5,31.8,3.56,23.78,0,999,999,999,999,999,999,1.4,.8,156,52,5.8,14.7,7.1,6.2,1.28,10.5
2016,255,28,42.1,19,31,65.1,6.5,25.1,3.92,24.38,0,999,999,999,999,999,999,2.4,1.6,180,47,9.6,13.8,8.5,7.9,.94,5.8
2016,256,28,39.8,18.6,30,55.1,8.7,22,3.7,24.4,0,999,999,999,999,999,999,3.5,2.7,185,38,12.1,13.5,9.5,9.2,.83,4.2
2016,257,28,36.1,17.4,27.9,55.2,9.5,26.1,3.03,23.86,0,999,999,999,999,999,999,4.8,4.3,172,26,15.1,12.4,10,9.6,.91,5.2
2016,258,28,34.8,16.1,24.8,48.9,6.4,23.6,2.62,24.62,0,999,999,999,999,999,999,1.6,.9,278,53,5.8,11.6,6.8,5.8,.67,1.1
2016,259,28,36.4,9.8,23.8,69,7.1,27.1,2.58,24.36,0,999,999,999,999,999,999,1.4,.5,223,65,4.5,9.4,6.6,5.5,.67,1.2
2016,260,28,37.2,11.1,24.4,71.7,8.1,31.5,2.53,24,0,999,999,999,999,999,999,1.1,.6,166,55,3.7,9.8,6.2,5,.85,4.4
2016,261,28,39.2,13.1,25.8,75,7.3,32.7,2.78,23.83,0,999,999,999,999,999,999,1.1,.5,205,62,3.2,11,6.4,5.2,.9,5.3
2016,262,28,41.7,13.3,27,80.3,5.6,31.4,3.14,23.67,0,999,999,999,999,999,999,.8,.1,199,73,2.8,11.4,6.2,4.8,.88,4.8
2016,263,28,38.7,14.5,27.9,76.4,8.5,33,2.95,17.48,0,999,999,999,999,999,999,1.7,1.1,148,47,7.2,11.5,5.4,5.5,1.1,7.9
2016,264,28,30.7,21.8,24.7,94.8,31.8,68.6,1.03,4.69,0,999,999,999,999,999,999,2.2,1.7,150,40,6.8,13.4,1.3,2.8,2.1,18.2
2016,265,28,29.2,21,24.6,97.4,55.1,79.7,.69,10.98,.25,999,999,999,999,999,999,1.8,1.2,302,48,5.2,12.4,2.2,2.8,2.43,20.6
2016,266,28,34.7,15.8,26.9,90.9,6.4,49.8,1.89,19.59,0,999,999,999,999,999,999,4,2,198,57,13.3,11.5,7,6.5,1.75,12.1
2016,267,28,29.5,8.5,20,75.3,11.6,35.1,1.76,22.43,0,999,999,999,999,999,999,2.1,1.3,346,50,8.1,7.1,6.1,5.1,.74,2.4
2016,268,28,32.3,9.4,21.9,79.7,12.4,37.7,2.05,22.4,0,999,999,999,999,999,999,3.4,2.8,339,32,11.9,8.3,7.6,6.8,.83,4.1
2016,269,28,33.8,17.8,27,46.9,12.4,23.3,2.9,22.15,0,999,999,999,999,999,999,6.9,6.5,349,18,14.8,12.2,11,10.6,.77,3.2
2016,270,28,35.5,16.3,27.8,59.4,13.5,26.7,2.94,21.59,0,999,999,999,999,999,999,3.6,2.5,332,45,10.8,11.9,7.9,7.7,.95,6.2
2016,271,28,33.3,17.6,24.3,83.4,25.8,53.7,1.56,11.69,0,999,999,999,999,999,999,1.6,.5,138,68,11.1,12,2.9,3.8,1.57,13.7
2016,272,28,35.5,15.2,24.9,94.4,21.7,58.1,1.73,20.07,.51,999,999,999,999,999,999,1.3,.3,180,72,4.8,11.3,4.9,4.4,1.65,14.4
2016,273,28,35.8,19.4,26.9,87.3,21.1,51.1,2.03,19.13,0,999,999,999,999,999,999,1.5,.7,152,57,6.5,13.4,5.1,4.7,1.68,14.7
2016,274,28,37.3,16.6,27.1,86.1,18.3,45.7,2.29,19.89,0,999,999,999,999,999,999,1.3,.9,128,46,6.1,12.3,5.4,4.7,1.5,13
2016,275,28,36.1,19.6,27.1,73.9,18.4,44.2,2.28,18.71,0,999,999,999,999,999,999,1.7,1,152,52,6.9,13.4,5.4,5,1.49,12.8
2016,276,28,34.7,17.5,26.4,71.3,13,35.6,2.48,20.66,0,999,999,999,999,999,999,3.3,2.7,175,35,10.3,12.3,7.3,6.9,1.12,7.9
2016,277,28,28.8,13.4,21.5,83.4,9.3,27.8,1.98,20.2,0,999,999,999,999,999,999,2.5,1.7,305,46,9.3,8.3,6,5.4,.66,.9
2016,278,28,31,8.3,19.3,76.9,10.6,39.8,1.64,20.64,0,999,999,999,999,999,999,1.3,.8,148,49,5.6,7.6,4.9,4.1,.78,3.2
2016,279,28,30.9,10.1,20.5,84.7,14.8,40.7,1.72,19.86,0,999,999,999,999,999,999,1.4,.9,132,48,5.2,8,5,4.1,.88,5.1
2016,280,28,30.6,8.4,19.9,82.5,9.5,34.9,1.88,20.57,0,999,999,999,999,999,999,4.2,3.3,344,36,12.2,7.6,7.6,7,.66,.7
2016,281,28,32.6,9.1,22.2,64.6,9.6,25.8,2.26,19.31,0,999,999,999,999,999,999,4,3.4,344,31,11.1,8.3,7.5,7.5,.61,-.2
2016,282,28,35.5,11.6,23.3,79.8,11.8,35.7,2.18,18.17,0,999,999,999,999,999,999,1.2,.4,299,66,6.8,9.7,4.8,4.1,.93,5.6
2016,283,28,36.8,13.6,24.7,79.4,16.1,42.9,2.15,19.05,0,999,999,999,999,999,999,.9,.4,119,62,3.4,10.8,4.7,3.9,1.2,9.7
2016,284,28,36.1,14.6,25.1,76.8,14.8,41.3,2.2,18.94,0,999,999,999,999,999,999,1.7,1.2,148,42,7.3,11.1,5.4,4.8,1.19,9.5
2016,285,28,34.8,16.2,25.1,67.9,15.4,38,2.23,18.89,0,999,999,999,999,999,999,1.6,1.1,151,43,6.5,11.7,5.3,4.5,1.15,8.9
2016,286,28,34.1,10.9,22.3,79.1,12.4,37.4,2.03,18.8,0,999,999,999,999,999,999,1.3,.5,165,63,6.9,9.2,5,4.1,.91,5.4
2016,287,28,35.1,8.9,21.8,77.5,9.5,36.3,2.06,18.21,0,999,999,999,999,999,999,.9,.3,125,66,3.3,8.8,4.4,3.5,.83,4.1
2016,288,28,34.2,9.8,22.5,79.7,11.6,36.1,2.16,18.57,0,999,999,999,999,999,999,1.9,1.3,140,46,7.3,9,5.5,4.9,.84,4.3
2016,289,28,33.8,10.6,22.9,73.6,13.5,36,2.14,18.36,0,999,999,999,999,999,999,2.5,1.8,152,41,7.1,9.2,5.8,5.4,.9,5.5
2016,290,28,32.7,13.3,24.5,77,20.3,39.6,2.06,17.94,0,999,999,999,999,999,999,2.4,1.8,169,38,8.2,9.8,5.4,4.9,1.16,9
2016,291,28,32,13.5,23.5,79.5,22,44.9,1.79,17.94,0,999,999,999,999,999,999,2.2,1.2,169,56,7.6,9.7,5.1,4.5,1.23,9.9
2016,292,28,31.8,10.8,21.3,83,17.4,45.3,1.66,17.97,0,999,999,999,999,999,999,1.2,.1,233,79,4.6,8.6,4.2,3.5,1.04,7.5
2016,293,28,30,11.8,23.3,67.2,10.8,22.4,2.41,18.16,0,999,999,999,999,999,999,6.9,6.6,346,18,16.4,8.3,9.7,9,.56,-1.6
2016,294,28,32,15.2,24,37.5,8.5,17.2,2.62,18.19,0,999,999,999,999,999,999,7.5,7,353,21,16.1,10.5,10.1,10.5,.48,-3.4
2016,295,28,35.1,8.5,20.9,67.7,10.4,32.5,2.09,17.5,0,999,999,999,999,999,999,1,.3,309,67,5.6,8.8,4.5,3.5,.69,1.3
2016,296,28,36.3,9.4,21.8,84.7,7.6,36.8,2.13,17.16,0,999,999,999,999,999,999,1.3,.7,138,57,6.5,9.2,4.7,4.1,.8,3.7
2016,297,28,35.2,11.8,22.7,76.3,12.4,34.8,2.19,13.47,0,999,999,999,999,999,999,1.3,.2,128,75,4.8,9.8,3.8,3.7,.83,4.3
2016,298,28,30.8,14.6,21.4,98.2,23,56.5,1.27,8.99,3.56,999,999,999,999,999,999,1.7,.7,343,61,10.7,9.8,2.2,3.1,1.38,11
2016,299,28,29.4,13.9,21.1,100,34.8,79.8,.66,16.33,.25,999,999,999,999,999,999,1.1,.6,333,54,4,8.9,3.1,2.7,1.92,16.8
2016,300,28,31.8,13.1,21.9,100,28.8,68.1,1.1,16.07,0,999,999,999,999,999,999,1.5,1,322,44,6,9.4,3.7,3.3,1.66,14.5
2016,301,28,30.5,12.9,21.4,94.8,31.2,67.1,1.09,12.43,0,999,999,999,999,999,999,.8,.3,308,61,3.9,8.9,2.6,2.3,1.61,14
2016,302,28,33.2,14.9,22.9,94.6,20.4,56.9,1.5,11.88,0,999,999,999,999,999,999,2,1.5,142,41,6.3,10.7,3.4,3.8,1.44,12.3
2016,303,28,33.3,15,23.4,89,25.2,55.8,1.52,11.47,0,999,999,999,999,999,999,.9,.1,2,76,3,10.8,2.6,2.6,1.51,13.1
2016,304,28,33.2,15.9,24.1,88.4,21,53.3,1.65,8.33,0,999,999,999,999,999,999,2.2,1.7,180,39,9.1,11.2,2.9,3.8,1.47,12.6
2016,305,28,27.5,12.6,20.2,67.1,17.8,45.2,1.4,13.37,0,999,999,999,999,999,999,1.8,.5,182,70,5.2,7.3,3.5,3.2,1.03,7.1
2016,306,28,26.6,6.1,16.3,83.4,18.8,48.6,1.19,13.68,0,999,999,999,999,999,999,1.4,.2,343,76,4.3,5.2,3.1,2.8,.81,3.9
2016,307,28,27.2,11.6,21.4,67,18.4,31.9,1.85,15.76,0,999,999,999,999,999,999,6.1,5.7,340,21,15,6.7,7.3,6.7,.76,2.9
2016,308,28,30.6,13.6,24.1,68.7,14.4,26.5,2.32,15.36,0,999,999,999,999,999,999,6.6,6.1,354,22,15,9.3,8.2,8.2,.75,2.8
2016,309,28,30.8,10.4,20.2,83.9,22.3,49.9,1.46,14.78,0,999,999,999,999,999,999,1.7,.8,317,59,7,8,3.9,3.5,1.07,8
2016,310,28,30.9,10.7,20.1,80.6,21.6,51,1.43,14.89,0,999,999,999,999,999,999,1.5,.6,331,62,6.3,8.3,3.8,3.2,1.1,8.3
2016,311,28,31.1,9.6,19.3,83.4,20.6,52.4,1.33,14.74,0,999,999,999,999,999,999,1.1,.5,120,63,4.5,8,3.4,2.8,1.08,8.1
2016,312,28,30.9,10.1,19.5,79.5,17.7,47.2,1.47,14.57,0,999,999,999,999,999,999,1.3,.9,299,46,4.6,8,3.5,3,.97,6.5
2016,313,28,32.8,9.1,20.3,81.9,14.5,43.9,1.71,14.62,0,999,999,999,999,999,999,1.9,1.1,330,51,7.2,8.3,4.3,3.9,.92,5.6
2016,314,28,31.8,9.1,19.4,84.7,15.2,46.5,1.51,14.56,0,999,999,999,999,999,999,1.1,.4,301,65,4.2,8.1,3.4,2.8,.94,6
2016,315,28,30.3,7.8,17.8,83.6,14.1,48,1.36,14.72,0,999,999,999,999,999,999,1,.2,291,74,3.7,7.3,3.2,2.5,.86,4.7
2016,316,28,29.8,6,17.1,82.5,14.2,46,1.34,14.44,0,999,999,999,999,999,999,1,.3,3,69,3,6.8,3.1,2.5,.8,3.8
2016,317,28,29.8,5.9,16.6,84.6,18.4,50.3,1.18,12.54,0,999,999,999,999,999,999,.8,.1,320,76,2.7,6.7,2.4,2.1,.87,4.8
2016,318,28,30,5.5,17.4,91.1,15.9,48.8,1.31,14.16,0,999,999,999,999,999,999,1.5,1,310,50,5,6.6,3.4,3.1,.86,4.8
2016,319,28,29,6.1,16.4,83.4,18.1,47.8,1.24,14.16,0,999,999,999,999,999,999,1,.3,136,69,3.3,6.4,3.1,2.4,.81,3.8
2016,320,28,28,3.5,15.7,87,18.4,51.2,1.11,13.3,0,999,999,999,999,999,999,.8,.1,300,77,2.6,5.5,2.6,2,.83,4.1
2016,321,28,29,7.8,17.3,85,14.9,45,1.35,9.65,0,999,999,999,999,999,999,2.2,.8,182,65,11.4,6.8,2.9,3.7,.78,3.2
2016,322,28,19.8,5.3,15.4,56.7,10.8,19.7,1.44,14.26,0,999,999,999,999,999,999,6.1,5.8,334,19,14.4,2.2,6.5,5.5,.33,-8.3
2016,323,28,21,4.1,13.4,57.8,11.9,27.3,1.19,14.06,0,999,999,999,999,999,999,5.2,4.8,351,22,13,2.6,5.4,5,.4,-5.9
2016,324,28,21.8,-.1,11.3,70.2,13.4,37.8,.97,11.28,0,999,999,999,999,999,999,1,0,186,79,3.4,2.5,2.2,1.9,.47,-3.9
2016,325,28,23.1,10.6,16.9,82.8,15.2,40.1,1.23,6.84,0,999,999,999,999,999,999,1.9,.8,161,61,7.8,4.5,1.9,2.7,.75,2.2
2016,326,28,22,8.1,16.5,96.6,32.3,70,.63,8.5,3.3,999,999,999,999,999,999,1.8,.9,155,58,6.6,3.5,1.6,1.7,1.27,10.3
2016,327,28,23.4,3.3,12.6,100,24.7,67.9,.66,13.45,0,999,999,999,999,999,999,1.8,1.2,345,47,7,3.5,2.8,2.3,.91,5.5
2016,328,28,24,2.1,11.5,96.2,21.8,63,.69,12.92,0,999,999,999,999,999,999,1.2,.7,127,55,5.5,3.6,2.4,2,.79,3.5
2016,329,28,20.9,4.3,14.7,85,16,32,1.24,13.24,0,999,999,999,999,999,999,6.8,6.3,348,22,14.8,2.6,6.3,5.3,.49,-3.1
2016,330,28,22.7,-1.5,10.6,83.3,12.4,41.7,.94,13.38,0,999,999,999,999,999,999,2,1.4,325,45,7.1,2.8,3.3,2.8,.47,-3.8
2016,331,28,17.3,-.1,9.3,86.3,23.5,50,.7,6.59,0,999,999,999,999,999,999,1.4,.7,169,57,7.8,1,1.2,1.7,.55,-1.6
2016,332,28,19.4,.9,10.5,100,28.2,66.2,.49,7.58,1.78,999,999,999,999,999,999,3.2,1,173,66,12.6,1.8,1.7,2.3,.82,3.9
2016,333,28,17,-.6,7.3,100,32.3,77.4,.34,9.61,0,999,999,999,999,999,999,1.8,.7,117,62,8.6,.9,1.5,1.6,.75,2.7
2016,334,28,17.3,-3,7.5,100,17.4,59,.61,13.26,0,999,999,999,999,999,999,3,2.3,347,39,10.9,.9,3.3,2.5,.52,-2.5
2016,335,28,18.1,-3.3,7,91.1,15.2,50.4,.65,12.92,0,999,999,999,999,999,999,2,1,330,57,7.5,1.2,2.7,2.2,.45,-4.3
2016,336,28,17.6,-1.8,7.2,88,18.5,52.9,.61,9.66,0,999,999,999,999,999,999,1.7,.9,348,54,6.7,1.1,1.9,1.9,.49,-3.2
2016,337,28,17.1,4.9,13.1,66,18.9,28.1,1.11,10.86,0,999,999,999,999,999,999,8.5,8.2,349,15,16.5,1.1,6.3,5.2,.41,-5.5
2016,338,28,17.6,8.6,12.9,30.7,11.9,22,1.19,12.71,0,999,999,999,999,999,999,8,7.7,346,14,16.5,1.6,6.5,6,.32,-8.8
2016,339,28,21.3,3.5,12.4,61.2,13.3,29.5,1.12,12.62,0,999,999,999,999,999,999,3.5,2.8,327,37,9.9,2.7,4.2,4,.39,-6.1
2016,340,28,20,-2.7,8.4,85.4,15.2,46.2,.74,11.43,0,999,999,999,999,999,999,1,.1,343,79,3.3,1.8,2,1.6,.46,-4
2016,341,28,20.6,.5,9.5,81.2,26.3,52.5,.7,8.56,0,999,999,999,999,999,999,1.8,.7,138,63,6.9,2.2,1.9,2.2,.58,-.7
2016,342,28,17.5,-.8,9.6,85.9,11.7,36.5,.9,10.64,0,999,999,999,999,999,999,4.7,4.1,341,28,13.4,1.1,4.2,3.8,.37,-7.6
2016,343,28,17.7,-2.1,7.9,61.4,14,33.9,.8,11.36,0,999,999,999,999,999,999,1.4,.5,304,64,5,1.1,2.3,1.8,.34,-8.1
2016,344,28,18.8,3.9,10.4,65.1,15.1,38.7,.87,8.06,0,999,999,999,999,999,999,1.3,.7,321,53,5,1.7,1.8,1.9,.46,-4.1
2016,345,28,19.5,.7,9.4,73,24.2,48.8,.71,9.83,0,999,999,999,999,999,999,.9,0,272,79,3.3,1.8,1.7,1.4,.55,-1.7
2016,346,28,24.5,4.7,12.8,79.4,28.5,56.1,.8,11.32,0,999,999,999,999,999,999,1,0,321,79,3,4.1,2.1,1.7,.78,3.4
2016,347,28,20.6,2.4,11.4,93.4,39.7,67.3,.54,8.85,0,999,999,999,999,999,999,1.3,.7,338,55,4.2,2.3,1.4,1.5,.88,5
2016,348,28,23.8,4.9,12.7,91.4,28.4,64.1,.66,10.67,0,999,999,999,999,999,999,1,.2,2,73,4.2,3.8,1.8,1.6,.89,5.3
2016,349,28,25.4,3.5,13.2,94.5,30.2,63.4,.75,11.57,0,999,999,999,999,999,999,1.1,.4,159,63,5.9,4.4,2.2,1.8,.9,5.4
2016,350,28,21.8,4.9,13.4,93.4,36,67.3,.61,6.06,0,999,999,999,999,999,999,1,.1,160,75,4.2,3,.9,1.3,1,6.9
2016,351,28,25.7,11.6,19.3,67.8,30.2,44.9,1.27,7.64,0,999,999,999,999,999,999,6,3.8,172,50,14.1,6.1,4.1,5,1.01,6.7
2016,352,28,14.2,1,9.4,52.9,12.5,27.2,.9,12.46,0,999,999,999,999,999,999,4.9,4,328,36,12.9,.2,4.3,3.5,.31,-9.1
2016,353,28,12.9,-5.3,7,69.8,14.1,30,.78,12.29,0,999,999,999,999,999,999,7,6.4,349,24,16.5,0,5.1,3.6,.27,-10.7
2016,354,28,15,3.2,9.6,32.5,13.8,22.3,.96,12.43,0,999,999,999,999,999,999,8.1,7.7,353,19,14.5,.4,5.9,5.1,.26,-11.2
2016,355,28,17.7,-4.1,8.2,66.8,13.8,31.2,.89,11.11,0,999,999,999,999,999,999,3.6,2.7,336,40,10.3,1,3.7,3.4,.3,-9.3
2016,356,28,16.9,6.5,10.7,97.6,19.8,52.5,.64,4.32,2.79,999,999,999,999,999,999,1.8,.9,318,57,7.5,1.1,1,1.9,.67,0
2016,357,28,11.5,8.2,9.9,100,81.5,93.4,.08,2.33,11.43,999,999,999,999,999,999,3.2,2.7,339,32,11,0,0,.5,1.14,8.9
2016,358,28,14.7,6.7,11.3,100,78.8,93.1,.1,3.76,0,999,999,999,999,999,999,1.3,1.1,146,34,6.2,.4,0,.6,1.24,10.1
2016,359,28,15.5,5.2,11.7,90.2,38.8,71.7,.39,4.23,1.02,999,999,999,999,999,999,3.7,2.9,177,37,9.8,.6,.9,1.4,1,6.5
2016,360,28,13.4,0,6.3,97.3,36.8,71.4,.33,11.63,0,999,999,999,999,999,999,2,1.5,141,39,5.6,.1,1.7,1.4,.66,1
2016,361,28,12.8,-2.5,6.1,100,41.3,71.5,.35,9.82,0,999,999,999,999,999,999,3.9,3.5,352,26,10,0,2.1,1.6,.64,.6
2016,362,28,14.9,4,9.3,70.4,28.7,47.3,.65,11.96,0,999,999,999,999,999,999,5.7,5.4,341,20,12.4,.4,3.7,3.3,.54,-1.8
2016,363,28,17,-1.6,8.4,97.5,31.5,61.1,.55,11.03,0,999,999,999,999,999,999,3.4,2.7,334,35,10.5,.9,2.6,2.3,.63,.4
2016,364,28,19.5,1.5,10.6,94.2,27.2,57.7,.69,12.14,0,999,999,999,999,999,999,4.1,3.2,348,37,12.9,1.8,3.7,3.1,.68,1.4
2016,365,28,16.4,1.1,9.1,98.3,37.3,78.6,.32,6.61,1.78,999,999,999,999,999,999,1.1,.4,320,64,4,.8,.7,1,.88,4.9
2016,366,28,14.1,5,9.9,100,69.3,90.3,.14,7.5,0,999,999,999,999,999,999,1,.4,323,64,3.2,.2,.7,.8,1.1,8.2
