2016,1,29,19.3,.7,9.4,73.6,27.8,50.3,.7,12.07,0,15.8,4,9.2,12.1,11.8,12,.5,.1,270,72,2.6,1.7,1.9,1.2,.56,-1.2
2016,2,29,21.4,5.1,13.2,73.2,22.6,44.7,.95,12.31,0,17.5,6.4,11.1,12.4,12,12.1,1,.8,60,35,5.3,2.8,2.4,1.7,.63,.5
2016,3,29,22.4,8.3,14.9,60.7,23.1,39.1,1.12,10.62,0,17.8,8.1,12.4,12.8,12.3,12.6,1.1,.9,70,30,5.4,3.6,2.4,1.9,.63,.4
2016,4,29,15,10.1,12.9,97.1,35.4,66.4,.52,3.47,7.11,13.2,11,11.9,13.3,12.9,13.1,1.5,1.1,147,101,7.1,.7,.4,1.3,.97,6.1
2016,5,29,13.9,9.7,11.7,97.4,85.3,94.7,.08,4,8.64,14.9,10.9,12.5,13.5,13.3,13.3,1.2,1,90,36,4.1,.3,0,.7,1.3,10.8
2016,6,29,16,8.8,11.9,97,43.3,74.5,.38,7.58,6.35,14.3,10.6,12.3,13.7,13.5,13.6,1.5,.6,174,62,8.7,1,.9,1.3,1.02,7.1
2016,7,29,10.9,7,9,97.3,78.6,91.2,.1,2.92,20.57,12,9.4,10.4,13.7,13.4,13.6,1.3,.9,120,47,5.3,0,0,.6,1.04,7.6
2016,8,29,13.2,6,8.9,95.9,50.6,79,.26,5.95,.25,12.2,8,9.8,13.4,12.9,13.1,.9,.3,165,67,4,.1,.5,1,.89,5.2
2016,9,29,15.1,4.1,9.1,97.1,44.9,74.4,.34,11.99,0,14.3,6.1,9.7,12.9,12.4,12.7,.6,.3,98,53,3,.5,1.6,1.1,.83,4.3
2016,10,29,13.4,4.5,8.8,92.6,47.2,71.5,.36,6.72,0,12.2,6.7,9,12.6,12.2,12.4,.6,.2,360,70,3.7,.1,.6,1,.79,3.5
2016,11,29,15.9,3.9,9.4,87.6,24.7,54.5,.61,12.82,0,13.1,5.3,8.6,12.3,11.9,12.1,1,.7,22,44,5.5,.7,2.1,1.5,.6,-.5
2016,12,29,19.2,4.4,10.7,66.1,16.2,42.1,.85,13.03,0,13.7,4.3,8.3,12,11.5,11.8,1,.7,32,42,4.9,1.9,2.5,1.7,.5,-2.8
2016,13,29,19.1,4.3,10.9,64.9,18.8,42.9,.84,13.09,0,14.3,4.4,8.7,11.7,11.3,11.5,.6,.2,22,69,2.9,1.8,2.3,1.4,.52,-2.2
2016,14,29,17.7,4,10.1,75.8,27.8,53.9,.65,12.21,0,14.3,4.9,8.9,11.6,11.3,11.5,.7,.3,80,63,3,1.3,1.9,1.4,.63,.4
2016,15,29,16,4.6,9.4,77.8,32.8,59.5,.53,8.43,0,12.6,5.9,8.7,11.6,11.3,11.5,1,.4,62,65,5.8,.8,1.2,1.4,.68,1.4
2016,16,29,16.9,3,10.5,88.2,32.6,57.6,.62,11.46,0,14.2,4.9,9.3,11.5,11.2,11.4,.7,.2,65,67,3.3,1,1.8,1.3,.69,1.8
2016,17,29,19.7,5.2,11.7,83.2,29.4,57.6,.68,13.07,0,16,6.3,10.6,11.8,11.4,11.6,.7,.2,73,67,3.8,2.2,2.2,1.5,.75,2.8
2016,18,29,20.1,5.9,11.9,79.6,27.8,55.8,.71,8.79,0,14.3,7,10.1,12,11.8,11.9,.8,.4,93,56,3.7,2.4,1.4,1.5,.74,2.5
2016,19,29,20.5,5.1,13,82.3,25.2,51.4,.85,12.43,0,16.1,6.2,10.8,12.1,11.8,11.9,.8,.2,72,73,4.6,2.4,2.3,1.6,.71,2.1
2016,20,29,20.9,7.4,13.8,78,29.6,53.8,.83,12.83,0,17.6,8.1,12.3,12.6,12,12.3,.9,.1,360,78,4.1,2.9,2.4,1.7,.81,3.9
2016,21,29,21.9,8.1,14.2,74.1,10.4,34.1,1.17,13.06,0,17.1,8,12,12.9,12.6,12.7,1.3,1.1,32,35,5.8,3.4,3,2.4,.5,-3.5
2016,22,29,24.4,9.1,16,43.3,10.4,22.2,1.5,13.11,0,17.9,8.2,12.4,13.1,12.8,12.9,.9,.8,46,34,4.5,4.7,3.1,2.2,.38,-6.4
2016,23,29,22.5,8.1,14.8,55.9,13.5,32.7,1.23,10.98,0,17,8.7,12.5,13.3,13,13.2,.7,.2,140,70,3.3,3.6,2.3,1.8,.51,-2.5
2016,24,29,18.5,5.8,12.5,67.7,22,43.2,.9,13.72,0,17.5,8.1,12.3,13.4,13.2,13.3,1,.2,269,73,5.4,1.7,2.7,1.9,.59,-.6
2016,25,29,19.5,7.1,12.7,60.5,20.2,40.5,.95,13.25,0,17.9,8.9,12.5,13.5,13.2,13.4,1,.3,60,66,4.1,2.2,2.6,1.9,.56,-1.2
2016,26,29,20.1,9.1,14.2,26.1,11.2,18.8,1.36,14.51,0,17.9,8.6,12.6,13.6,13.3,13.5,1.6,1.2,23,39,5.4,2.8,3.6,2.7,.29,-9.7
2016,27,29,21.2,7.9,14.2,38.1,10.9,21.5,1.34,14.37,0,18.5,8.4,12.7,13.7,13.3,13.5,1,.6,10,49,4,3.1,3.3,2.2,.33,-8.2
2016,28,29,22.3,6.5,13.6,53.1,14.2,32,1.17,13.67,0,18.6,8.6,12.7,13.8,13.4,13.6,.8,.3,42,66,3.3,3.4,2.8,1.9,.46,-3.8
2016,29,29,22.1,6,13.4,61.3,17,38.8,1.06,12.46,0,17.5,8,12.3,13.8,13.4,13.6,.7,.2,106,72,3.3,3.2,2.4,1.8,.55,-1.5
2016,30,29,24,6.9,14.6,65.1,17.1,39.6,1.16,13.69,0,18.9,8.6,13.1,13.8,13.5,13.6,.8,.3,111,63,3.8,4.2,2.8,2,.6,-.3
2016,31,29,24.2,9,16.6,91.3,21.2,40.3,1.25,11.58,5.08,19.2,9.6,14.2,14.1,13.8,13.9,1.9,1,183,54,12,4.6,2.9,3.1,.72,2
2016,32,29,12.4,7,9.8,83,36.3,43.5,.68,3.46,0,14.8,7.5,10,14.4,13.8,14.2,3.2,2.9,250,24,11.8,0,1.3,2.4,.52,-2.1
2016,33,29,12,3.1,7.2,63.8,16.4,38.9,.65,15.78,0,13.9,4.5,8.5,13.8,12.6,13.1,1.7,1.3,286,39,6.2,0,2.8,2.1,.37,-6.9
2016,34,29,14,1.1,7.2,69.1,16.9,40.4,.68,15.86,0,14.6,3.5,8.3,12.7,11.9,12.3,.9,.4,27,60,4.6,.1,2.6,1.8,.38,-6.6
2016,35,29,17.6,5.2,10.5,38.2,9.9,23.9,1.03,14.83,0,15.1,4.9,9.2,12.1,11.7,11.9,1.6,1.2,21,39,5.4,1.3,3.3,2.7,.28,-10.2
2016,36,29,20.3,7.2,13.7,36.1,13.2,22.4,1.27,16,0,17.4,6.5,11.1,12.1,11.8,11.9,1.7,1.5,42,28,5.8,2.6,3.8,3.1,.34,-8
2016,37,29,23.8,8.5,15.1,33.8,9.7,20.7,1.46,16.27,0,18.9,8.1,12.6,12.7,12.1,12.4,1.5,1.3,41,31,6,4.3,4,3.2,.34,-8
2016,38,29,26,9.5,18,30.3,11.5,19.5,1.76,16.27,0,20.1,8.9,13.8,13.3,12.7,12.9,1.6,1.2,20,38,5.8,5.6,4.4,3.4,.39,-6.1
2016,39,29,29.8,15.8,21.2,27.2,9.1,17.2,2.18,16.47,0,22.3,11.9,16.1,14.2,13.3,13.7,2,1.5,40,38,6.7,10,4.9,4.3,.41,-5.3
2016,40,29,29.6,16.5,22,25.3,10.2,17.8,2.29,16.4,0,23.4,12.7,17.1,15.1,14.2,14.6,1.4,1.1,35,40,5.8,10.3,4.7,3.6,.45,-4.1
2016,41,29,29.8,14.6,21,32,11.3,20.3,2.08,16.14,0,23.7,13,17.6,15.8,15.1,15.4,1.2,.7,44,53,3.9,9.5,4.3,3.2,.49,-3.2
2016,42,29,29,12.2,19.8,48.1,12.8,28.6,1.81,16.66,0,23.8,12.9,17.6,16.2,15.8,16,1,.5,80,58,3.5,7.9,4,2.9,.61,-.1
2016,43,29,30.6,11.7,19.6,53.1,9.2,29.2,1.86,16.88,0,24.1,12.7,17.6,16.5,16.2,16.3,.8,.4,59,61,3.2,8.4,4,2.8,.58,-.8
2016,44,29,29.5,11,19.6,49.7,9.3,27.6,1.85,17.19,0,24.1,12.5,17.6,16.8,16.4,16.6,1,.2,64,74,4.6,7.6,4.2,3,.56,-1.2
2016,45,29,26.8,10,18.5,51.7,13.2,29.4,1.65,16.35,0,23.6,12.6,17.5,17,16.6,16.8,.9,.1,68,75,4.1,6.2,3.9,2.7,.58,-.9
2016,46,29,28.6,10.3,20,54.8,12.7,27.1,1.89,17.13,0,24.3,13.1,18,17.1,16.8,17,1.1,.6,350,58,5.2,7,4.4,3.2,.57,-1
2016,47,29,30.5,11.5,20.3,52.7,11.3,30.6,1.88,17.48,0,25.1,13.4,18.5,17.4,17,17.2,.8,.3,80,66,3.5,8.3,4.1,2.9,.66,1
2016,48,29,31.8,12.2,21,50,10.9,29.9,2,17.53,0,25.5,13.6,18.9,17.7,17.3,17.5,.8,.5,122,49,4,9,4.2,3,.67,1.2
2016,49,29,28.6,12.5,20,46.4,12.3,27.2,1.83,10,0,22.1,14.4,18,18,17.7,17.8,1,.3,84,70,4.8,7.8,2.6,2.8,.6,-.4
2016,50,29,29,13.6,19.3,44,13.3,28.7,1.72,11.13,0,22.5,14.8,18,17.9,17.6,17.8,.8,.4,29,53,3.3,8.5,2.7,2.6,.61,-.2
2016,51,29,29.1,11.3,20,47.3,11.2,27.1,1.91,18.21,0,25.1,13.1,18.4,17.9,17.5,17.7,1,.3,3,67,4.7,7.7,4.5,3.3,.57,-1
2016,52,29,28.7,12.1,19.8,47.8,11.6,29.1,1.8,18.65,0,25.4,13.7,18.9,18.1,17.7,17.9,.9,0,2,80,4.6,7.7,4.4,3.1,.62,.1
2016,53,29,27.7,9.7,19.2,51,9.9,25.5,1.84,18.99,0,24.6,13.5,18.7,18.3,17.9,18.1,2.2,1.4,289,50,9,6.5,5.4,4.7,.5,-3
2016,54,29,22.2,10.7,17.3,33.1,10.8,19.1,1.64,19.36,0,23.6,13.6,18.1,18.4,18,18.2,1.2,.9,339,44,5.6,4.1,4.7,3.2,.36,-7.1
2016,55,29,24.6,10.5,17.5,32,11.7,20.7,1.66,20.13,0,24.1,12.6,17.7,18.3,17.8,18,1.2,.8,40,50,5.4,5.2,4.8,3.5,.4,-5.8
2016,56,29,28.7,9.8,19,47.4,9.5,23.4,1.88,19.89,0,25,12.6,18.2,18.1,17.7,17.9,.8,.3,26,63,4.1,6.9,4.7,3.2,.46,-4.1
2016,57,29,30.8,11.5,20.9,42,8.5,21.6,2.16,19.75,0,26.1,13.4,19.1,18.2,17.9,18.1,.6,.2,10,66,3.3,8.5,4.8,2.9,.47,-3.5
2016,58,29,29.6,12.4,20.3,39.2,9.9,23,2.02,19.4,0,26.2,14.1,19.4,18.5,18.2,18.4,.8,.2,19,73,4.1,8.3,4.8,3.2,.5,-2.7
2016,59,29,29.4,10.7,20,45.2,10.9,24.5,1.95,19.44,0,25.4,14,19.4,18.8,18.4,18.6,.9,.2,109,72,3.8,7.6,4.7,3.3,.52,-2.1
2016,60,29,30.4,12.8,21.3,38.8,11.2,24.1,2.1,19.54,0,27.1,15.5,20.6,19.1,18.7,18.8,.9,.2,92,70,3.9,8.8,4.9,3.5,.57,-1.1
2016,61,29,30.9,13.2,21.8,42.2,11.3,25,2.14,18.94,0,27.1,15.8,21,19.4,19.1,19.2,.9,.3,123,64,3.3,9.2,4.7,3.4,.6,-.3
2016,62,29,31,13.4,21.8,42,11,24.7,2.17,19.53,0,27.6,16.4,21.4,19.8,19.4,19.5,.9,.4,93,63,4.1,9.3,4.8,3.5,.59,-.5
2016,63,29,31.7,14.2,21.9,37.2,9.2,22.2,2.23,19.1,0,27.9,16.9,21.6,20.1,19.7,19.9,.8,.4,79,55,3.7,10,4.8,3.4,.53,-2
2016,64,29,31.6,13.5,22.4,35,6.7,19.6,2.37,20.47,0,28.4,16.9,22,20.4,20,20.2,1,.4,78,60,4,9.5,5.3,3.7,.49,-3.3
2016,65,29,28.4,13.3,21.1,30.9,10.9,19.6,2.11,14.62,0,25.5,17.2,21.3,20.6,20.3,20.5,.7,.3,82,64,3.3,8.1,3.5,2.9,.47,-3.6
2016,66,29,27.5,15.9,20.9,39.2,15.6,27.4,1.86,15.3,0,26,18.2,21.5,20.6,20.3,20.5,1.5,.7,269,60,7.3,8.9,4.2,4,.66,1
2016,67,29,21.7,11.3,16.6,46.1,17,29.5,1.37,18.75,0,25.1,16.7,20.7,20.7,20.3,20.5,2.1,1.4,272,46,6.9,4,4.7,4.1,.54,-1.7
2016,68,29,22.4,10,15.6,60.2,17.1,37,1.21,19.06,0,25.3,16.2,20,20.5,20,20.3,1.5,.8,272,56,6.6,4,4.3,3.6,.61,-.1
2016,69,29,26.2,9.7,18,49.7,9.9,27.9,1.64,21.83,0,26.9,15,20.3,20.3,19.8,20,1,.1,328,78,4.7,5.7,5,3.6,.52,-2.4
2016,70,29,29.8,12.1,20.5,41.1,8.7,21.4,2.08,22.4,0,28.5,16.2,21.6,20.3,20,20.1,.9,.2,125,68,3.8,8.2,5.4,3.8,.47,-3.7
2016,71,29,30.4,12.4,21.4,36.3,10.1,20.3,2.2,15.88,0,26,16.6,21,20.6,20.3,20.4,1.3,.3,142,70,5.2,8.6,4.3,4,.48,-3.2
2016,72,29,21.7,12.2,17.2,48.7,19.8,31.9,1.38,22.2,0,26.3,17,21.2,20.6,20.3,20.5,2.2,1.5,266,45,10.2,4.2,5.3,4.4,.61,-.1
2016,73,29,25,9.5,17.6,51.6,13.9,30.5,1.53,22.16,0,27.1,15.5,20.9,20.7,20.2,20.4,1,.1,122,75,4.5,5.1,5,3.6,.57,-1.1
2016,74,29,26.2,12.2,19.3,46.3,20.7,31.9,1.62,21.88,0,28.1,16.8,21.9,20.7,20.4,20.5,1.2,.1,206,77,5.3,6.5,5.2,3.9,.69,1.7
2016,75,29,29.8,12.9,21.1,53.2,10.1,29.1,1.99,21.95,0,29,17.3,22.5,21,20.6,20.8,1.1,.1,17,76,4.3,8.5,5.4,4.1,.64,0
2016,76,29,30.7,12.4,22.1,33.2,7.7,17.5,2.39,22.96,0,29.7,17.1,22.9,21.3,20.9,21.1,.9,.1,339,75,4.2,8.7,5.9,4,.43,-4.9
2016,77,29,30.9,13.1,21.9,34.5,7.7,18.8,2.34,23.22,0,29.9,17.5,23.2,21.6,21.2,21.4,1.1,.1,76,77,5.8,9.2,6,4.4,.44,-4.4
2016,78,29,31.4,13.1,22.4,29.6,8.5,17.9,2.43,23.43,0,30.1,17.6,23.5,21.8,21.4,21.6,1.2,.2,205,74,5.8,9.3,6.2,4.5,.45,-4.2
2016,79,29,31.8,14.5,23.2,31.1,7.7,19.7,2.47,23.47,0,30.8,18.7,24.3,22.2,21.8,21.9,1.1,.1,51,76,5.4,10.1,6.1,4.4,.51,-2.5
2016,80,29,33,15.1,24,27.7,8.7,17.8,2.66,23.23,0,31.4,19.2,24.8,22.5,22.1,22.3,1,.4,113,63,4.2,10.7,6.1,4.4,.49,-3
2016,81,29,33.3,16.3,24.8,32.1,8.5,18.4,2.76,22.99,0,31.7,19.6,25.2,22.8,22.5,22.6,1,.1,127,78,4.8,11.4,6.2,4.5,.53,-2
2016,82,29,27.1,16.7,23.2,28.1,12.1,18,2.36,23.86,0,30.1,21.3,25.2,23.2,22.8,23,2.4,1.7,232,42,7.9,9.1,7.2,5.8,.5,-2.8
2016,83,29,23.8,13.8,18.7,33.2,8.3,14.6,1.89,25.12,0,28.5,19,23.3,23.3,22.8,23.1,2.4,2,300,33,7.5,6,6.8,5.6,.3,-9.5
2016,84,29,26.5,9.7,18.8,33.5,8.5,18.2,1.93,24.81,0,29.4,17,22.8,23,22.4,22.7,1,.1,278,77,5.2,5.9,6,4.2,.36,-7.2
2016,85,29,29.4,11.5,20.7,29,8.1,16.9,2.21,24.71,0,29.8,17.5,23.3,22.7,22.2,22.5,1.4,.5,204,63,5.4,7.8,6.4,4.9,.37,-6.6
2016,86,29,29.8,13.1,22.1,26.1,8.9,15.9,2.39,24.8,0,30.1,18.5,24,22.7,22.4,22.6,1.6,.6,259,63,7.1,8.7,6.7,5.2,.4,-5.8
2016,87,29,30.4,13,22,26,8.7,15.8,2.37,25.01,0,29.1,18.6,23.6,22.9,22.5,22.7,1.2,.2,154,75,6.7,8.9,6.6,4.9,.4,-5.8
2016,88,29,28.2,15.1,21.9,37.2,14.9,25.8,2.04,17.58,0,26.2,19.3,22.9,23,22.6,22.8,2.4,1.7,202,42,8.4,8.9,5.3,5.4,.67,1.1
2016,89,29,20.1,13.5,16.7,43.3,13,29.4,1.36,17.05,0,24.9,19.5,21.9,22.8,22.5,22.6,2.3,1.7,224,41,6.8,4,4.4,4.4,.55,-2
2016,90,29,20.9,10.2,15.3,48.1,15.7,28.8,1.29,23.09,0,25.7,16.7,20.5,22.5,21.8,22.1,1.2,.5,198,64,8.1,3.3,5,4,.48,-3.4
2016,91,29,23,9.1,16.1,45.1,15.5,26.7,1.43,22.89,0,26.4,15.5,20.5,22,21.4,21.7,1.2,.3,244,69,5.6,4.1,5.2,4,.46,-3.8
2016,92,29,26,10.8,18.5,35.8,13.3,24.5,1.72,25.21,0,24.6,16.3,20.1,21.6,21.2,21.4,1.1,.5,103,60,4.1,5.9,5.8,4.4,.5,-2.9
2016,93,29,29.2,12.2,21.5,43.2,9.7,20.7,2.17,25.83,0,25.6,17.1,21,21.6,21.3,21.4,1.2,.5,81,62,4.7,8,6.5,4.8,.49,-3.1
2016,94,29,31.8,13.5,23.4,34.2,8.3,17.3,2.58,26.07,0,26.5,17.4,21.6,21.9,21.6,21.7,1,.2,91,70,4.3,9.7,6.7,4.8,.45,-4.1
2016,95,29,33.6,13.8,24.1,34.4,6.3,16.7,2.73,25.74,0,30.2,18,23.4,22.4,21.9,22.1,.9,.2,83,69,4.2,10.3,6.7,4.8,.44,-4.4
2016,96,29,33.3,16.5,24.9,28.3,7.5,16,2.82,22.73,0,30.1,19.3,24.2,22.8,22.4,22.6,1,.1,41,76,5,11.5,6.1,4.7,.47,-3.6
2016,97,29,36.6,18.8,27.6,26.2,4.1,11.8,3.46,24.73,0,31.5,20.7,25.4,23.4,22.8,23,1.4,.8,46,54,5.8,13.2,7.2,5.8,.4,-6
2016,98,29,32.3,16.8,26.3,84.5,7.5,17.6,2.94,12.7,2.03,28.5,22.5,25.4,23.8,23.4,23.6,1.6,.4,209,70,8.4,11.4,4.1,4.8,.55,-2.6
2016,99,29,27.7,16,21.4,96.5,26.3,58.6,1.22,23.37,7.62,25,19.9,22.2,23.9,23.5,23.7,2.1,.7,170,67,8.1,9.1,5.6,5,1.38,11.5
2016,100,29,28,16.6,22.3,77.1,19.5,43.8,1.64,25.79,0,26.2,18.4,21.9,23.5,23,23.3,1.6,.7,154,62,6.3,9.5,6.2,5.2,1.1,8
2016,101,29,22.2,12.8,16.9,89.8,27,60.8,.8,10.33,3.81,21.3,16.8,19.2,23.3,22.7,23.1,1.5,.7,171,60,8.1,4.7,1.8,2.8,1.13,8.5
2016,102,29,25.1,11,18.6,93.6,26,54.3,1.15,25.83,0,23.4,14.4,18.5,22.7,21.6,22,1.1,.4,142,66,4.8,5.5,5.5,4.4,1.07,7.8
2016,103,29,27.5,13.6,21.4,70.8,21.3,42.1,1.63,25.56,0,29.9,15.7,22.5,22.1,21.6,21.8,1,.4,250,60,8.7,7.8,5.9,4.6,1,6.8
2016,104,29,30.6,15.9,23.4,59.6,17.3,34.8,2.05,26.47,0,32.3,18.2,24.7,22.8,22.1,22.4,1,.1,248,77,4.6,10.4,6.4,5.1,.93,5.8
2016,105,29,32,16.5,24.7,52.2,13.3,28.4,2.42,26.03,0,32.8,19.5,25.8,23.5,22.8,23.1,1.4,.5,239,66,6.3,11.2,6.8,5.6,.81,3.7
2016,106,29,27.7,17.5,22,37.4,7.8,21.7,2.13,26.9,0,30.9,20.4,25.1,23.9,23.5,23.7,3,2.2,282,44,12.3,9.8,8.1,7.2,.55,-2
2016,107,29,27.1,12.4,20.4,45.5,12.1,22.1,1.98,27.88,0,30.2,18.4,24,24,23.5,23.8,1.6,.6,288,66,7.8,7.1,7,5.6,.49,-3.1
2016,108,29,27.2,17.2,22.3,29.8,11.9,19.5,2.23,28.11,0,31.5,19.6,25,23.8,23.5,23.7,1.7,1.2,21,47,7.5,9.4,7.3,5.9,.51,-2.5
2016,109,29,29.8,17.7,23.5,25,9.1,16.7,2.51,28.47,0,32.3,19.9,25.5,24,23.6,23.8,1.7,.4,355,69,6.7,11,7.6,6.2,.46,-3.8
2016,110,29,32.3,15.5,24.7,31.1,8.1,16.2,2.78,27.05,0,33.2,19.8,26,24.3,23.8,24.1,1.2,.1,155,79,6.7,10.8,7.2,5.5,.46,-3.8
2016,111,29,36,16.8,25.9,29.1,6.8,16,3.03,28.24,0,34.5,20.5,26.8,24.6,24.1,24.4,1.2,.1,43,76,5.2,12.1,7.6,5.9,.48,-3.2
2016,112,29,36,18.5,27.6,25.2,6.2,13.7,3.41,26.85,0,34.3,21.2,27.2,25,24.5,24.7,1.2,.2,135,75,4.3,13,7.5,5.8,.46,-3.8
2016,113,29,36.3,18.9,28.1,31.3,6.7,15.7,3.43,27.88,0,30.3,22.1,26.3,25.3,25,25.1,1.7,.7,232,62,8.1,13.2,8.2,6.8,.55,-1.7
2016,114,29,30.8,19.6,25.7,35.4,10.5,21.3,2.66,27.91,0,29.3,23,26.2,25.6,25.2,25.4,2.2,1.4,254,49,8,12.3,8.2,6.9,.69,1.1
2016,115,29,31.2,15,23.9,30.6,6.8,16,2.65,29.1,0,28.5,20.6,24.5,25.7,25.2,25.5,1.5,.7,202,59,5.8,10.2,7.8,6.2,.43,-4.8
2016,116,29,26.9,19.1,22.6,40.5,5.5,18.2,2.29,29.01,0,27,22.4,24.6,25.5,25.3,25.4,3.6,3.1,235,31,11.6,10.2,9.1,8,.48,-4.8
2016,117,29,25.1,12.3,19.4,49.3,14.8,26.2,1.74,27.96,0,26.6,19.9,23.2,25.4,24.9,25.1,1.7,.7,212,63,6.7,6,6.7,5.5,.56,-1.4
2016,118,29,28.3,14,21.9,36.1,12.7,21.2,2.2,26.36,0,27.6,19.3,23.4,25,24.6,24.8,1.4,.7,177,59,6.5,8.4,6.7,5.5,.52,-2.2
2016,119,29,24.2,16.2,20.5,36.3,11.9,21.1,1.93,26.57,0,26.4,20.8,23.6,24.9,24.6,24.8,2.3,1.6,232,46,8.6,7.4,7.1,6.1,.5,-3
2016,120,29,27.4,16.6,21.8,45.4,19.1,30,1.9,25.76,0,27.4,20.9,23.7,24.9,24.5,24.7,1.8,1.1,228,53,7.1,9.2,6.6,5.8,.76,2.9
2016,121,29,28.2,15.7,20.5,65.8,14.3,35.5,1.67,16.98,0,26.3,21,23.5,24.9,24.6,24.7,2.4,.4,137,74,11.4,9.2,4.8,5.4,.81,3.6
2016,122,29,26.5,14.6,20.3,68.5,23,43.9,1.46,24.12,0,29.4,20,24.2,24.7,24.3,24.5,1.3,.8,104,53,5.8,7.8,5.4,4.9,.98,6.5
2016,123,29,30.7,17.2,24.3,48.5,13.7,28.3,2.34,28.57,0,32.6,20.5,25.9,24.8,24.4,24.5,1.5,.6,51,62,5.4,11.1,7.3,6.1,.8,3.6
2016,124,29,34.2,19.8,27.1,37.9,11.3,22.2,2.98,28.34,0,30.7,22.3,26.1,25.3,24.8,25,1.4,.6,29,63,5.7,13.2,7.7,6.4,.74,2.4
2016,125,29,39.2,19,30,37.3,6.5,17,3.91,28.51,0,32.2,22.4,27,25.8,25.3,25.5,1.8,.6,168,65,8.1,13.5,8.8,7.6,.62,-.1
2016,126,29,36.1,20.8,28.3,26.8,7.3,15.4,3.44,28.63,0,31.9,23.6,27.6,26.4,25.8,26.1,2.3,1.4,187,50,9.6,13.9,9.1,8,.56,-1.3
2016,127,29,27.1,16.2,21.4,60.9,15.6,36.4,1.68,25.62,0,28.5,23.5,25.8,26.7,26.4,26.5,2.6,1.6,229,50,8.4,8.8,6.8,6.3,.89,5.2
2016,128,29,26.2,13.5,20,77,23.8,44,1.43,23.95,0,28.2,21.4,25,26.5,26,26.3,1.8,.3,150,75,6.3,7.1,5.4,5.2,.96,6.3
2016,129,29,27.1,15.9,21.6,80.8,19.8,40.1,1.65,27.9,.25,29.8,21.7,25.7,26.1,25.8,26,1.5,.5,252,66,6.5,8.7,6.5,5.6,.97,6.3
2016,130,29,30,15.7,23.3,50,16.8,30.4,2.14,29.15,0,30.5,21.4,26,26.1,25.7,25.9,1.2,.1,185,79,5.6,10.1,7.1,5.8,.82,4
2016,131,29,32.9,18,25.8,46.3,12.1,25,2.65,29.17,0,32.3,22.1,27.2,26.3,26,26.1,1.2,.2,220,75,8.2,12.1,7.5,6.1,.78,3.2
2016,132,29,34.4,19.5,27.4,37.9,12,21.9,3.03,28.18,0,33.4,23.1,28.2,26.7,26.3,26.5,.9,.3,336,66,5.1,13.1,7.4,5.8,.75,2.8
2016,133,29,38.7,19.9,29.6,37.7,6.8,17.1,3.75,28.93,0,34.8,23.8,29.2,27.2,26.7,26.9,1,.2,123,70,3.9,13.9,7.9,6.2,.63,.4
2016,134,29,39.2,22.1,31.1,23.1,8.2,14.1,4.09,29.3,0,35.9,24.8,30.3,27.7,27.2,27.4,1.2,.3,334,72,6.4,14.8,8.5,6.7,.61,-.1
2016,135,29,38.7,24,31.4,26.6,10.3,18.2,3.91,25.57,0,36.3,26.3,31.2,28.4,27.7,28,1.5,.5,206,67,6.7,15.5,7.7,6.9,.82,4
2016,136,29,34.8,21.2,28.8,34.8,9.4,18.9,3.34,30.35,0,35.1,26,30.7,28.7,28.3,28.5,2,1.5,220,43,8.5,14,9.1,7.7,.7,1.8
2016,137,29,32.8,20.3,26.9,35.7,12.1,22,2.88,29.89,0,35.1,25.7,30.4,28.9,28.6,28.7,1.9,.6,202,68,5.8,13.2,8.3,7.2,.75,2.8
2016,138,29,32.9,19.8,25.8,38.4,12.2,24.6,2.61,27.83,0,34.4,25.1,29.8,29,28.6,28.8,2.3,1.2,267,57,10.2,13,8.1,7.4,.79,3.5
2016,139,29,30.1,21.3,25.3,45.9,22.1,33,2.22,20.47,0,33.4,26.4,29.5,28.9,28.6,28.8,1.5,.7,351,60,7.5,12.9,5.4,5.4,1.05,7.6
2016,140,29,34,20.1,27.5,46.9,15,28.4,2.8,29.47,0,35.8,25,30.3,28.8,28.4,28.6,1.2,.5,116,62,4.8,13.3,7.6,6.4,.97,6.4
2016,141,29,36.6,21.8,29.5,36,8,20.5,3.47,29.66,0,35.8,26.2,31.1,29,28.7,28.8,2.6,1.9,180,43,8.6,14.4,9.4,8.6,.78,3.1
2016,142,29,33.8,22.1,27.5,34.7,9.7,18.8,3.09,30.54,0,34.6,26.4,30.5,29.2,29,29.1,3.1,2.6,192,33,9.2,14.2,9.8,9,.65,.7
2016,143,29,31.2,17.7,25.5,40,10.5,21.6,2.66,30.44,0,34.8,24.6,29.8,29.3,28.8,29,1.8,1,235,52,6.6,11.5,8.2,6.9,.67,1
2016,144,29,32,18.1,25.5,27.7,9.4,16.2,2.86,31.03,0,35.2,24.2,29.8,29.1,28.7,28.9,1.3,.4,161,67,5.5,11.9,8.2,6.5,.5,-2.7
2016,145,29,32,17.8,25.5,30.5,10.8,17.8,2.8,30.92,0,35.2,24.4,29.9,29.1,28.7,28.9,1.9,.8,220,60,6.7,11.8,8.6,7.2,.56,-1.4
2016,146,29,33.2,17.7,25.8,31.7,7.8,17,2.89,30.73,0,35.2,24.2,29.9,29,28.7,28.9,2,1.2,210,52,8,12.1,8.8,7.5,.53,-2.1
2016,147,29,29.1,17.3,23.8,40.2,12.9,22.2,2.39,30.41,0,35.1,24.5,29.8,29,28.7,28.9,1.5,.5,215,67,6.1,10.4,7.8,6.4,.62,.2
2016,148,29,33.6,18.3,26.5,29.7,9.5,18.7,2.99,30.56,0,36.4,24.3,30.4,29,28.6,28.8,1.2,.2,267,76,5.9,12.4,8.1,6.4,.61,-.2
2016,149,29,36.2,19.8,28.7,30.2,7.5,16.9,3.49,30.41,0,37.5,25.2,31.4,29.1,28.8,29,1.5,.3,214,73,5.9,13.5,8.6,7.2,.62,0
2016,150,29,36.4,19.8,29.2,35.6,6.5,16.1,3.6,31.21,0,37.9,26.1,32.1,29.5,29.1,29.3,1.6,.7,205,60,7.4,13.5,9,7.3,.59,-.9
2016,151,29,34.5,19.6,27.6,27.9,6.6,13.4,3.35,31.77,0,37.7,25.7,31.8,29.8,29.5,29.6,1.2,.4,222,65,6.2,13.2,8.6,6.7,.46,-4
2016,152,29,36.7,19.1,29.4,25.2,8.1,13.2,3.78,30.54,0,38.3,25.3,32,29.9,29.5,29.7,1.3,.5,283,63,6.4,13.3,8.7,6.9,.51,-2.5
2016,153,29,38.7,23.3,31.7,25.7,8.7,15.5,4.13,30.09,0,39.6,27.4,33.5,30.2,29.8,29.9,1.5,.5,255,64,6.4,15.3,8.9,7.3,.69,1.6
2016,154,29,41.4,24,33.1,28.4,5.3,14.7,4.6,30.27,0,40.8,28.1,34.4,30.7,30.2,30.4,1.5,.3,266,72,6.5,15.6,9.1,7.6,.68,1.2
2016,155,29,44.4,23.9,35.3,29,4.4,12.7,5.39,30.12,0,41.8,28.5,35.3,31.1,30.6,30.9,1.6,1,282,50,6.3,15.8,9.5,8,.64,.4
2016,156,29,45.8,28,37,16.8,4.9,9.8,5.97,29.89,0,42.9,30,36.5,31.7,31.1,31.4,1.6,.6,263,64,7.1,16.9,9.6,8,.58,-.8
2016,157,29,45.4,26.7,36.8,20.4,4.8,10.2,5.9,30.07,0,43.5,30.6,37,32.3,31.7,32,1.5,.4,271,68,5.7,16.7,9.5,7.9,.59,-.6
2016,158,29,43.9,26,35.6,20.4,5.1,11.3,5.45,30.03,0,43.5,30.9,37.2,32.7,32.2,32.5,1.5,.4,169,69,6.5,16.4,9.4,7.8,.61,-.1
2016,159,29,41.4,26,33.8,25.6,7.1,11.4,4.85,31.01,0,43.2,30.5,36.8,33,32.6,32.8,1.6,.3,150,73,5.5,16.3,9.5,7.9,.58,-.8
2016,160,29,41.3,26.2,34.4,33.2,10.1,21.7,4.46,28.12,0,43.2,31.2,37.1,33.1,32.8,33,1.7,.5,238,67,5.1,16.4,8.6,7.8,1.12,8.5
2016,161,29,39.3,27.5,33.8,37.2,16.6,24.6,4.09,28.47,0,43.7,32.3,37.9,33.5,33.1,33.3,1.8,1.3,285,45,6.1,16.7,8.6,7.9,1.27,10.4
2016,162,29,36.8,27.7,32.1,46.9,23.9,31,3.36,22.85,0,41.2,32.6,36.8,33.7,33.4,33.6,2.2,1.8,300,37,8.4,16.7,7.2,7.4,1.47,12.6
2016,163,29,38.1,25.3,31.9,55.6,21.2,35.7,3.21,24.61,0,42.2,31.6,36.8,33.7,33.4,33.5,1.8,.2,4,76,6.5,16,7.1,7.1,1.62,14.1
2016,164,29,39.2,22.6,32,39.2,8.7,19.7,4.05,29.86,0,42.2,29.8,36.2,33.7,33.2,33.5,1.7,.9,253,55,11.1,15,9,7.7,.87,4.5
2016,165,29,37.3,25.2,31.6,20.7,8.2,12.4,4.18,30.73,0,42.3,30.5,36.4,33.6,33.2,33.4,1.4,.7,267,56,7.1,15.9,9,7.2,.56,-1.3
2016,166,29,37.8,22.6,30.7,25.9,5.9,14.1,3.97,31.5,0,41.8,29.3,35.6,33.6,33.1,33.3,1.3,.5,177,65,6.1,14.9,9,7.1,.58,-1
2016,167,29,38.7,22.4,31.3,28.4,5.9,13.1,4.18,31.53,0,41.9,28.9,35.4,33.4,33,33.2,1.7,.7,214,63,6.7,14.9,9.5,7.9,.56,-1.4
2016,168,29,38.9,23.2,31.5,24,8.9,15.1,4.12,30.88,0,42.5,29.4,35.9,33.3,32.9,33.1,1.4,.3,135,73,5.2,15.2,9,7.4,.66,1
2016,169,29,40.6,24,32.6,27.9,6.5,14.4,4.47,31.04,0,43.5,29.5,36.4,33.4,33,33.2,.9,.3,29,68,4.7,15.6,8.7,6.6,.64,.6
2016,170,29,43.3,25.2,35.4,18,5.5,10,5.48,30.58,0,43.9,29.7,37,33.5,33.1,33.3,1.6,.8,298,57,7.2,16.1,9.7,7.9,.55,-1.5
2016,171,29,48,26.5,39,20,5.3,10.8,6.66,30.1,0,45.9,31.6,38.9,34,33.4,33.7,1.5,1,291,45,5.8,16.6,9.8,8.2,.7,1.9
2016,172,29,46.3,30.2,39.5,20.7,7.7,12.5,6.49,28.16,0,45.6,34.2,39.9,34.6,33.9,34.3,2.1,.5,173,72,6.8,17.2,9.9,9.2,.87,5
2016,173,29,43.2,31,37.8,28.4,10.7,16.9,5.57,27.66,0,45.9,35.2,40.5,35.2,34.6,34.9,1.9,.4,285,72,8.9,17.2,9.1,8.4,1.07,7.9
2016,174,29,44,30.9,37.7,26.1,10.6,16.2,5.64,28.75,0,46.2,34.7,40.4,35.5,35.2,35.3,1.6,.6,250,65,6.1,17.2,9.2,8,1.02,7.3
2016,175,29,44.1,31.8,36.7,25.5,11.1,18.8,5.16,25.49,0,45.6,35.1,39.9,35.8,35.5,35.6,1.8,1.3,138,43,8.6,17.2,8.5,8,1.13,8.8
2016,176,29,43,30.4,36.6,29.8,10.8,19,5.15,26.03,0,45.3,34,39.5,35.9,35.5,35.7,1.2,.3,233,69,6.2,17.2,7.8,6.8,1.1,8.3
2016,177,29,42.2,28.3,36.1,30.2,11.9,18.9,5.03,28.89,0,45.7,33.7,39.8,35.9,35.6,35.7,1.3,.7,218,55,5.9,17,8.7,7.4,1.09,8.1
2016,178,29,40.7,30.3,35.4,35.6,13.3,23.6,4.5,16.13,0,41.9,34.9,38.1,36,35.7,35.8,1,.3,122,68,4.2,17.2,4.9,5.2,1.32,10.9
2016,179,29,43.1,30.2,36.6,57.4,13.8,25.9,4.78,26.08,.25,46.2,34.3,39.8,35.8,35.5,35.7,1.4,.2,199,76,7.4,17.2,8,7.4,1.5,12.8
2016,180,29,44.1,30.9,38,44.3,12.8,24.2,5.28,28.14,0,46.9,35,40.8,36.1,35.7,35.9,1.7,.6,122,67,8.4,17.2,8.9,8.3,1.5,12.8
2016,181,29,41.2,28.7,35.3,59,19.9,31.8,4.1,24.54,1.02,45.7,36.2,40.9,36.5,36.1,36.3,2.5,1.5,123,52,10.3,17.1,7.9,8.5,1.74,15.2
2016,182,29,35.2,26.2,30.4,63.8,28.7,47.9,2.36,13.09,0,38.9,33.1,35.7,36.7,35.8,36.3,1.5,1,147,49,7.8,16.1,3.5,4.5,2.03,17.7
2016,183,29,35.5,25.3,30.3,73.7,34.9,50.8,2.21,20.33,0,41.3,32.9,36.4,35.8,35.2,35.5,2.1,1.7,108,34,6.4,15.8,5.8,6.1,2.15,18.6
2016,184,29,39.3,27,33.3,56.1,20.1,35.3,3.51,27.13,0,44.3,32.6,38.1,35.3,34.9,35.1,1.6,.6,61,64,7.9,16.6,7.7,7.3,1.72,15
2016,185,29,41,28.7,35.5,42.7,16.3,26.2,4.41,26.57,0,45.5,33.4,39.2,35.5,35.2,35.3,1.3,.3,294,70,4.9,17.1,7.8,7,1.47,12.6
2016,186,29,42.8,28.9,36.7,38.4,11.9,21.4,5.05,28.47,0,46,33.8,39.9,35.8,35.5,35.6,1.5,.7,260,59,6.6,17.1,8.8,7.7,1.26,10.2
2016,187,29,42.8,29.1,36.4,29.4,10.1,18,5.18,28.81,0,46.1,33.9,40,36.1,35.8,36,1.5,.2,222,75,6.1,17.1,8.9,7.8,1.03,7.3
2016,188,29,41.4,28.7,35.4,33.8,14.3,21.5,4.61,28.47,0,45.9,33.7,40,36.3,36,36.2,1.7,.8,260,59,7.1,17,8.7,7.9,1.23,9.7
2016,189,29,41.2,28.9,35.4,36.7,17,25,4.45,28.15,0,45.8,34.7,40.3,36.5,36.2,36.4,1.6,.7,271,60,6.6,17.1,8.5,7.7,1.4,11.9
2016,190,29,42.2,27.7,36.1,28,10.7,17.1,5.12,29.07,0,46.2,33.9,40.1,36.7,36.4,36.5,1.1,.3,296,69,9.1,16.9,8.6,7,.98,6.6
2016,191,29,43.4,29.6,37,32.5,10.3,18,5.35,28.86,0,46.3,34.3,40.4,36.8,36.5,36.6,1.5,.6,276,64,6.3,17.2,9.1,7.9,1.07,7.8
2016,192,29,43.4,29.3,36.6,31.6,7.5,17.4,5.29,28.82,0,46.1,34.7,40.4,37,36.6,36.8,1.6,.7,226,62,9,17.1,9.1,7.9,1,6.5
2016,193,29,42.1,28.1,35.6,25,8.3,14.3,5.16,29.32,0,45.5,33.6,39.5,37,36.6,36.8,1.8,.5,241,67,6.2,17,9.4,8.1,.8,3.5
2016,194,29,43,26.3,35.3,25.8,8.7,14.9,5.1,29.54,0,45.4,32.6,39.1,36.9,36.4,36.7,1.4,.2,234,74,9.9,16.5,9,7.6,.82,3.9
2016,195,29,42.4,27.1,35.9,28.4,9.8,17.6,5.07,28.95,0,45.5,33.1,39.5,36.8,36.4,36.6,1,.2,278,73,5.5,16.7,8.5,6.8,1,6.9
2016,196,29,43.6,30.4,37.4,33.5,8.1,18.4,5.41,28.5,0,46,35.1,40.5,36.9,36.6,36.7,1.4,.7,296,58,6.1,17.2,8.9,7.6,1.12,8.5
2016,197,29,43.9,30.1,37.4,27.8,11.7,18.3,5.44,28.09,0,46.1,34.7,40.4,37.1,36.8,36.9,1.5,.5,292,67,6,17.2,8.8,7.8,1.13,8.8
2016,198,29,42.3,30.5,36.8,32,13.5,21.3,4.99,27.72,0,45.9,35.5,40.8,37.3,37,37.1,1.5,.6,314,63,5.7,17.2,8.5,7.6,1.29,10.7
2016,199,29,39.8,31.3,35.5,31.8,17.8,24.5,4.41,17.21,0,42.1,35.7,38.9,37.4,37.1,37.2,1.9,.8,195,62,9.1,17.2,5.9,6.6,1.4,11.9
2016,200,29,40.6,25,33.7,79.5,21,38.9,3.42,25.61,7.62,41.4,32.6,36.7,37.2,36.5,36.9,1.5,.3,154,71,11.1,16,7.4,6.9,1.92,16.7
2016,201,29,41.8,29.3,35.2,50.9,17.6,33.2,4,27.38,0,42.6,31.4,37,36.6,35.9,36.2,1.7,.6,132,65,8,17.1,8.2,7.8,1.8,15.7
2016,202,29,42.2,29.3,35.3,57,15.1,32.2,4.15,25.33,0,42.9,33.3,37.9,36.3,36,36.1,1.6,.5,102,68,7.4,17.1,7.7,7.5,1.72,14.9
2016,203,29,44.1,30.7,37.8,39.2,14.5,24.5,5.19,27.15,0,44.3,34,39.2,36.5,36.2,36.3,1.4,.3,3,71,5,17.2,8.3,7.5,1.52,13.2
2016,204,29,45.1,32.8,38.3,31.7,13.4,22.1,5.41,25.68,0,44.9,35.5,40,37,36.5,36.7,2,.6,79,68,8.1,17.2,8.6,8.5,1.45,12.4
2016,205,29,43.4,31.9,37.8,37.3,13.9,23.1,5.19,27.13,0,44.2,35.1,39.7,37.2,36.9,37.1,2.1,1.5,285,43,6.1,17.2,9.1,8.6,1.47,12.7
2016,206,29,41.2,31.7,36.6,33.8,18.5,26.2,4.62,26.44,0,43.5,35.5,39.5,37.4,37.1,37.2,2.3,1.5,267,49,7.1,17.2,8.8,8.6,1.59,13.9
2016,207,29,41.3,31.1,35.9,39.7,18.9,28.8,4.33,25.32,0,43.7,35.5,39.4,37.5,37.2,37.3,1.9,.5,300,69,5.8,17.2,8,7.8,1.66,14.5
2016,208,29,43.1,31.6,37.9,37.5,15.7,23.9,5.18,26.27,0,44.5,35.5,40,37.5,37.2,37.3,1.4,.4,282,69,7.5,17.2,8.2,7.4,1.53,13.3
2016,209,29,43.8,31.9,37.8,38.6,15.3,26.9,5,26.42,0,44.5,36,40.4,37.7,37.4,37.6,2.2,.8,211,65,7.8,17.2,8.8,8.7,1.69,14.7
2016,210,29,43.6,31.6,37.3,40.7,15.7,26.8,4.89,24.17,0,44.5,36.1,40.2,37.9,37.6,37.8,1.6,.2,123,76,5,17.2,7.5,7.4,1.64,14.3
2016,211,29,43.6,25.3,36.2,81.6,13.9,33,4.44,26.09,8.38,44.5,34.3,40,38,37.7,37.9,2.1,.5,258,71,11.4,16.2,8.2,8.2,1.79,15.6
2016,212,29,38.1,26.7,32.8,67.7,25.7,42.7,3.03,25.62,0,39,30.3,34.5,38,36.9,37.5,1.7,.4,206,71,6.4,16.4,7.3,6.9,2.04,17.8
2016,213,29,38.6,29.2,33.2,57.8,26.6,41.2,3.08,24.15,0,40.3,32,35.9,37,36.3,36.6,1.9,.9,317,57,6.3,17.2,7.1,7.1,2.06,17.9
2016,214,29,37.7,25.6,31.3,68.5,26.7,46.5,2.64,21.87,0,43.2,31.7,36.5,36.5,36,36.3,2,1.4,186,42,10.6,16,6.3,6.5,2.04,17.7
2016,215,29,36.7,24.8,30,86,34.5,61,1.78,15.43,2.29,40.1,32.3,35.2,36.4,36,36.2,2.1,1.3,112,49,8.6,15.7,4.4,5.1,2.53,21.2
2016,216,29,37.2,26.1,30.3,81.9,32.9,59.6,1.86,21.49,12.7,42.5,29.7,33.8,36,35.3,35.6,1.7,.8,97,58,16.3,16.2,5.6,5.9,2.51,21.1
2016,217,29,37.3,27.9,32.2,69.6,31.9,49.7,2.56,21.89,0,39.9,28,33.2,35.4,34.4,34.9,1.6,1,135,49,6.1,16.8,6.1,6,2.32,19.8
2016,218,29,37.4,24.1,32.4,89.7,29.5,47.5,2.69,20.46,5.08,37.8,30.2,33,34.7,34.3,34.5,1.5,.7,49,58,6.7,15.5,5.6,5.6,2.23,19.1
2016,219,29,41.4,28.7,35.2,57.6,15.3,35.1,3.94,25.22,0,43.2,28,35.1,34.4,33.9,34.2,1.2,.6,122,57,6.5,17,7.3,6.6,1.87,16.2
2016,220,29,42.9,30.2,36.7,44.6,15.5,28.4,4.62,25.51,0,44.7,30.6,37.2,34.9,34.3,34.5,1.6,.9,140,53,6.3,17.2,8,7.4,1.68,14.7
2016,221,29,43.2,30.3,37,32.5,9.5,18.5,5.3,25.9,0,45,31.4,37.9,35.5,34.9,35.2,1.3,.2,195,75,5.2,17.2,8.1,6.8,1.1,8.3
2016,222,29,35.8,27.5,32.6,72.3,26,41,2.94,20.15,0,41.2,32.7,36.7,35.8,35.5,35.7,1.6,.8,135,58,10.7,16.6,5.8,5.7,2,17.4
2016,223,29,38.6,27.5,32.5,62.8,26.9,45.9,2.79,22.32,0,43.5,32.1,37.2,35.8,35.4,35.6,1.6,.9,196,54,8.1,16.7,6.3,6.3,2.17,18.8
2016,224,29,36.9,24.6,31,91.2,32.1,54.7,2.22,21.62,3.05,41.6,31.2,35.9,35.9,35.4,35.7,1.3,.3,124,70,5.8,15.6,5.7,5.5,2.36,20
2016,225,29,40.4,28.7,34.1,62.2,19.3,39,3.44,25.3,0,43.6,31.5,37.1,35.6,35.2,35.4,1.7,.9,322,55,7.9,17.1,7.6,7.1,1.99,17.3
2016,226,29,41.8,29.1,35.2,44.8,14.5,29.3,4.21,25.33,0,45.1,32.2,38.2,35.8,35.4,35.6,1.5,.4,95,70,9,17.1,7.6,7,1.6,13.8
2016,227,29,40.7,28.9,34.9,38.6,16.5,26,4.31,25.6,0,45,32.7,38.4,36.1,35.8,36,1.9,1.3,124,44,6.3,17.1,8.1,7.5,1.4,12
2016,228,29,42.7,30.4,36.4,36.7,14.8,24.6,4.78,24.88,0,45.9,33.1,39,36.4,36,36.2,1.5,.9,126,52,6,17.2,7.8,7,1.44,12.3
2016,229,29,44,30.5,36.5,36.2,11.9,23.4,4.91,24.81,0,46.3,33.6,39.4,36.7,36.3,36.5,2,1.4,96,45,8.2,17.2,8.4,8,1.36,11.5
2016,230,29,42.6,31.8,37,32.2,10.7,19.9,5.21,26.4,0,46.5,35,40.2,37,36.6,36.8,2.1,.9,110,61,7.6,17.2,8.9,8.2,1.19,9.3
2016,231,29,39.6,28.9,34.4,46.4,15.8,24.4,4.2,18.49,0,44,35,38.6,37.3,36.8,37.1,2,1.3,333,49,6.9,17.1,6.3,6.7,1.3,10.8
2016,232,29,38.9,26,33.3,55.8,16.9,29.2,3.8,25.35,.51,44.1,31.9,37.9,37.1,36.5,36.8,2.4,1.4,263,54,8.8,16.3,8.2,7.9,1.42,12.1
2016,233,29,37.7,26.7,31.3,53.5,22.7,37,3.01,23.86,0,44.2,33.1,38.2,36.8,36.4,36.6,2,.4,327,72,10.3,16.5,7.3,7,1.63,14.2
2016,234,29,37.7,27.4,31.4,48.8,20,34.9,3.11,23.2,0,44.4,32.9,37.8,36.7,36.2,36.5,1.4,.2,200,76,9.7,16.6,6.6,6.1,1.55,13.5
2016,235,29,38.1,25.4,31.3,54.9,15.6,37.1,3.02,24.45,0,44.3,32,37.6,36.6,36.1,36.4,1.3,.1,161,78,7.6,16,6.8,6.1,1.63,14.2
2016,236,29,35.7,23,30.4,73.2,24.3,39.4,2.77,23.42,.51,42.5,31.3,36.7,36.5,35.9,36.2,2,1.4,4,45,7.6,14.9,6.7,6.4,1.64,14.3
2016,237,29,38.9,26.3,31.6,50.1,17,33.1,3.29,24.26,0,43.9,31.6,37.2,36.2,35.7,35.9,2.2,1.1,33,56,9.6,16.4,7.6,7.3,1.47,12.6
2016,238,29,39.3,25.9,32.7,46.8,16.3,28.3,3.76,23.97,0,44,31.6,37.4,36.1,35.6,35.9,1.5,.2,35,75,6.9,16.3,7.1,6.4,1.33,11.1
2016,239,29,37.3,25.8,32,52,21.9,32.7,3.32,22.49,0,43.3,32.9,37.7,36.1,35.7,35.9,2,1.3,62,49,6.6,16.1,6.9,6.7,1.51,13.1
2016,240,29,36.5,26.7,31.1,52.6,14.7,31.6,3.2,24.35,0,43,32.5,37.1,36.1,35.7,35.9,1.6,.9,39,53,7.6,16.4,7,6.3,1.36,11.1
2016,241,29,37.6,24.4,31.3,42.1,13.1,25,3.6,24.77,0,43.2,30.2,36.2,36,35.4,35.7,1,.3,359,70,6.4,15.6,7,5.6,1.09,8.1
2016,242,29,40.7,27.1,33.9,31.8,11.4,20.1,4.41,24.97,0,44,31.1,37,35.7,35.2,35.5,1.6,.9,58,54,6.1,16.6,7.8,6.8,1.01,7
2016,243,29,41.8,27.1,34.4,32.3,14.1,23,4.36,22.89,0,44.7,31.2,37.3,35.7,35.3,35.5,1.5,1.1,94,45,11,16.7,7.4,6.5,1.22,9.8
2016,244,29,40.8,28.3,34.5,55.4,17.9,28.5,4.09,23.86,1.52,44.9,32.2,38.1,35.8,35.4,35.6,1.8,1.3,107,44,10.1,17,7.5,6.9,1.5,13
2016,245,29,40.1,28.8,33.3,53.8,22.4,38.1,3.31,19.69,0,42.9,31.5,36.6,36,35.5,35.7,1.6,.9,112,56,7.2,17.1,6,6.1,1.89,16.6
2016,246,29,40.2,27.5,34.1,52.7,18.7,33.8,3.73,23.1,0,44.6,32.3,38,35.8,35.4,35.6,1.1,.4,155,65,5.5,16.7,6.7,5.8,1.73,15.1
2016,247,29,40.7,27.1,34.1,43.6,9.9,23.9,4.27,23.51,0,44,32.4,37.8,35.9,35.6,35.8,1.8,1.1,179,51,8,16.7,7.7,6.9,1.2,8.9
2016,248,29,38.9,24.1,31.8,24.6,6.6,14.1,4.21,25.7,0,42.9,29.8,36,36,35.4,35.7,1.6,.8,170,58,6.7,15.6,8.1,6.5,.62,.1
2016,249,29,39,22.8,30.9,28,9.1,18.8,3.84,25,0,42.7,28.9,35.4,35.7,35,35.3,1,.3,134,69,4.8,15.1,7.1,5.4,.79,3.5
2016,250,29,38.2,23.2,31.7,50.2,13.6,24.7,3.65,21.91,0,41.7,29,35.4,35.3,34.7,35,1.3,.4,204,67,5.8,15.1,6.5,5.6,1.16,8.6
2016,251,29,30.6,23.7,27.9,91.7,46.8,64.2,1.41,10.23,2.29,36,30.3,33,35.1,34.6,34.9,1.7,.8,268,60,7.5,14.3,2.6,3.2,2.37,20.1
2016,252,29,35.3,23.3,29,84.5,31.7,57.8,1.91,20.4,0,39.9,28.2,33.3,34.6,33.7,34,1.5,.3,227,72,6,14.9,5.2,5.1,2.2,18.9
2016,253,29,38.9,25.1,32.3,65.5,14,37.6,3.27,22.62,0,41.9,29.5,35.2,33.9,33.6,33.8,1.3,.5,283,63,5.4,15.9,6.6,5.7,1.68,14.4
2016,254,29,40.6,25.4,33.1,52.7,14.5,29.7,3.82,22.33,0,43.1,30,36,34.2,33.9,34,.9,.3,149,63,4.1,16.1,6.4,5.1,1.4,11.8
2016,255,29,39.7,26.2,33.2,40.2,11.9,24.9,4.01,22.5,0,42.8,30.1,36,34.5,34.1,34.3,1.3,.3,266,72,6.2,16.4,6.9,5.6,1.2,9.4
2016,256,29,37.1,27.3,31.5,59.2,18.1,32.3,3.22,18.08,.51,41.1,31.7,35.4,34.6,34.3,34.5,1.8,1.1,132,50,5.8,16.6,5.6,5.8,1.47,12.6
2016,257,29,37.2,25.1,30.7,51.8,15.7,35.1,3.05,17.81,0,39.3,30.2,34.4,34.5,34.1,34.3,2.9,2,149,46,8.5,15.8,6.2,7,1.47,12.5
2016,258,29,36.3,23.5,30.3,58.9,12.5,31.6,3.13,22.69,0,41.3,28.8,34.5,34.3,33.8,34,1.4,.5,228,66,5.9,15.1,6.6,5.4,1.27,10
2016,259,29,35.9,20.3,28.5,44.5,9,22,3.26,23.4,0,40.5,27.2,33.3,34.1,33.5,33.8,.9,.4,306,60,5,13.7,6.5,4.6,.77,2.9
2016,260,29,36.1,20.2,28,30.9,8.3,17.6,3.32,23.17,0,39.8,26.2,32.4,33.8,33.1,33.5,1,.4,88,60,4.4,13.7,6.4,4.7,.62,.1
2016,261,29,38.2,21.4,29.4,24.1,8.5,16.2,3.62,23.22,0,40.3,26.1,32.5,33.4,32.7,33.1,1,.5,108,58,4.2,14.5,6.6,4.8,.64,.6
2016,262,29,40.7,23.2,31.3,27.5,7.5,15.3,4.12,22.89,0,41,26.9,33.2,33.1,32.6,32.9,1.1,.3,59,69,4.1,15.3,6.8,5.1,.65,.8
2016,263,29,37.5,22.4,30.1,43.6,11.4,22.5,3.45,17.27,0,38.5,27.2,32.5,33,32.6,32.8,1.6,.4,276,70,6.9,14.8,5.6,5.3,.95,5.8
2016,264,29,32,26.7,29.4,51,35.6,42,2.39,10.92,0,35.5,30.4,32.6,32.9,32.6,32.7,1.9,1.3,305,47,6.3,16,3.6,4.3,1.72,15.1
2016,265,29,38.1,25,30.4,63.3,23.7,45.5,2.55,19.42,0,40.5,29.1,34.2,32.7,32.4,32.5,2,.5,294,70,8.4,15.9,5.7,5.9,1.9,16.7
2016,266,29,31.5,22,26.8,95.2,46,64.9,1.28,13.98,7.87,36.9,27.8,32.3,32.9,32.7,32.8,1.6,.7,218,61,9.9,13.7,3.4,3.6,2.26,19.4
2016,267,29,30.2,20,25.4,76.5,7.5,26.3,2.45,20.28,0,32.9,23.1,27.2,32.8,31.6,32.2,1.8,1.4,281,36,7.6,12.3,5.8,5,.83,1.4
2016,268,29,31.6,15.8,24.5,34.6,11.3,21.2,2.58,22.26,0,34.2,19.3,26.2,31.6,30.3,30.9,1,.1,333,78,4.7,10.7,5.8,4.3,.62,0
2016,269,29,35.7,19.4,28.5,34.4,10.5,18.8,3.35,21.89,0,35.6,21.6,28,30.5,29.8,30.1,1.2,.7,20,53,7.2,13.3,6.4,4.8,.69,1.6
2016,270,29,31.6,23.1,27.6,65.2,15.5,31.3,2.6,11.92,0,32.5,25.7,28.2,30.2,30,30.1,2.4,2.2,111,24,10.9,14.3,4.4,5.1,1.13,8.5
2016,271,29,31.5,21.2,25.8,48.5,24.5,36.7,2.17,14.92,0,32.5,23.3,27.2,30.1,29.5,29.8,1.5,.9,89,53,8.1,13.3,4.1,4.2,1.19,9.6
2016,272,29,35.7,22.1,28.5,58.5,23.3,39.4,2.54,15.42,0,34.6,24.5,29.2,29.6,29.4,29.5,1.5,1,114,48,8.2,14.5,4.4,4.5,1.48,12.7
2016,273,29,34,22.7,28.4,84.6,25.9,44.8,2.23,14.54,1.27,34.2,27,29.6,29.9,29.6,29.8,1.2,.9,47,42,5.2,14.5,4.1,3.8,1.67,14.5
2016,274,29,36.2,23,29,65.3,19.8,40.6,2.56,19.51,0,37.4,25,30.5,30,29.7,29.8,1.3,.8,71,50,7.8,14.9,5.4,4.7,1.54,13.3
2016,275,29,35.7,22.4,28.9,61.3,17.3,37,2.69,19.94,0,37.8,26,31.2,30.4,30,30.1,1.1,.5,123,60,5.4,14.6,5.4,4.5,1.38,11.6
2016,276,29,27.3,19.6,23.5,90.4,32.4,65,1.06,8.59,12.7,29.7,23.6,26.9,30.5,30,30.4,1.3,.9,70,41,7.6,10.7,1.8,2.5,1.85,15.7
2016,277,29,29.6,18.5,23.7,92.2,6.1,42.5,1.86,20.33,0,30.5,20.6,24.6,30,28.9,29.4,1.5,.7,276,59,6.3,11.3,5.3,4.4,1.12,5.6
2016,278,29,29.4,14.9,22.1,50.8,10.9,26.4,2.1,20.39,0,30.9,16.7,23.2,28.9,27.8,28.3,.9,.4,131,61,4.2,9.4,5.1,3.6,.65,.8
2016,279,29,31.5,16.2,23.9,50.2,14.1,28.7,2.28,19.41,0,31.9,18,24.4,27.9,27.2,27.6,1.1,.4,116,65,4.4,10.9,5.1,4,.8,3.7
2016,280,29,32.2,18.4,24.9,51.7,14.7,31,2.31,19.38,0,33,20.2,25.9,27.5,27.2,27.4,.8,.1,51,78,4.5,12.2,4.9,3.6,.93,5.7
2016,281,29,35.9,17.6,26.8,51.1,11.9,25.7,2.88,18.64,0,33.4,19.9,26.1,27.6,27.2,27.5,.9,.4,24,62,3.9,12.5,5,3.7,.82,4
2016,282,29,36,22.7,29.9,62.3,18.5,28.1,3.14,18.13,0,35.1,23.5,28.5,28,27.5,27.7,1.6,1.1,87,46,6.9,14.8,5.6,4.9,1.15,8.9
2016,283,29,35.9,24,29,45.3,18.5,33.1,2.81,18.38,0,35.7,24.2,29.2,28.5,28,28.2,1.2,.7,72,51,4.7,15.3,5.2,4.3,1.3,10.8
2016,284,29,35.4,21,28,53.4,13.3,30.2,2.83,18.59,0,35,23.7,28.8,28.8,28.5,28.6,.9,.3,162,66,5.2,14,5.1,3.8,1.07,7.8
2016,285,29,35.8,20.8,27.5,38.5,11.7,25.6,2.92,18.85,0,34.9,23,28.3,28.9,28.5,28.7,1.1,.2,128,75,5.7,13.9,5.3,4.1,.88,5.1
2016,286,29,33.8,18.6,25.5,44.4,8.1,22.4,2.7,15.32,0,31.5,21.9,26.4,28.9,28.4,28.6,.9,.3,110,64,3.2,12.6,4.1,3.3,.68,1.2
2016,287,29,34,18.4,25.4,33.3,10.4,21.9,2.73,19.02,0,33.2,20.8,26.3,28.5,27.8,28.1,1,.5,113,58,4.2,12.6,5.2,3.6,.67,1.2
2016,288,29,35.4,17.9,26,37.8,9.9,21.8,2.88,18.59,0,33.6,21,26.6,28.1,27.6,27.9,.8,.3,104,61,3.4,12.5,5,3.3,.68,1.3
2016,289,29,35.2,18.9,26.1,30.6,10.2,21,2.86,18.64,0,33.7,21.5,26.9,28,27.6,27.8,.9,.3,101,66,3.7,13,5.1,3.6,.68,1.3
2016,290,29,34.3,17.7,25.4,37.8,13,24.9,2.61,16.86,0,32.5,21.3,26.5,28,27.5,27.8,.8,.2,130,72,3.7,12.3,4.5,3.2,.77,3.2
2016,291,29,32.7,18.6,25.4,42.7,16.1,28.9,2.44,18.01,0,33.1,21.5,26.8,27.9,27.4,27.7,1,.1,192,75,4.4,12.3,4.8,3.5,.9,5.4
2016,292,29,32.8,17.7,25,51.3,17.5,33,2.3,17.81,0,33.2,21.6,26.8,27.8,27.4,27.6,.7,.1,37,76,3.8,12,4.5,3.1,.99,6.8
2016,293,29,33.3,18.7,25.8,44.3,11.9,25.7,2.64,17.8,0,33.1,21.8,26.8,27.8,27.4,27.6,1.2,.4,14,66,4,12.5,5,3.8,.8,3.6
2016,294,29,36.7,21.6,28.4,27.2,8.3,12.5,3.52,18,0,33.7,22.3,27.3,27.7,27.4,27.6,1.7,1.5,45,31,5.6,14.4,5.9,4.9,.48,-3.7
2016,295,29,36.5,19,27.7,40.5,12.9,24.5,3.03,16.99,0,34.1,22.1,27.6,27.8,27.4,27.6,.8,.5,85,50,4.8,13.3,4.7,3.2,.85,4.6
2016,296,29,36.7,20.6,27.9,42.2,13.4,26.8,2.95,16.51,0,34.4,22.9,28,27.9,27.5,27.7,.8,.2,78,72,4,13.9,4.6,3.3,.95,6.2
2016,297,29,36,18.8,27.1,45.3,12,28.4,2.77,15.41,0,33.5,22.6,27.5,28,27.6,27.8,.6,.3,97,62,3.6,13,4,2.8,.95,6.2
2016,298,29,33,22.6,27.4,46.5,24.5,32.1,2.54,10.39,0,31.5,23.9,27.4,27.9,27.7,27.8,.8,.4,87,57,3.4,14.3,2.9,2.8,1.17,9.1
2016,299,29,33.3,21.4,26.9,67.4,23.3,42.4,2.19,16.06,0,34.2,24,28.5,27.9,27.7,27.8,.9,.3,69,68,5.4,13.8,4.1,3.2,1.44,12.2
2016,300,29,35.7,20.9,27.2,50.3,15.7,34.1,2.56,16.03,0,34.2,23.4,28.1,28.1,27.7,27.9,.9,.3,56,65,3.4,14,4.3,3.2,1.17,9.2
2016,301,29,38.3,22,29.4,40.8,13,26.4,3.24,13.62,0,33.7,23.6,28.1,28.1,27.8,28,1.1,.5,93,58,5.4,14.7,4.3,3.5,1.02,7.2
2016,302,29,35.5,23.3,28.2,42.5,16.9,29,2.82,12.42,0,33.5,25.4,28.6,28.2,28,28.1,1.1,.2,221,75,5,15,3.8,3.3,1.08,8.1
2016,303,29,35.6,19.7,26.8,52.8,15.9,30.9,2.64,15.57,0,33.9,22.8,27.7,28.3,27.8,28,.8,.5,93,53,3.6,13.4,4.2,3,1.02,7.3
2016,304,29,34,20.1,26.4,50.2,18.9,31.2,2.49,13.27,0,32.6,23.2,27.3,28.1,27.7,27.9,.7,.3,108,64,3.8,13.3,3.5,2.6,1.04,7.5
2016,305,29,30.1,18.2,24.5,50.8,27.3,37.4,1.99,13.39,0,31.3,22.2,26.5,28,27.5,27.7,1.4,.3,196,70,4.3,11.4,3.7,3.2,1.15,8.9
2016,306,29,27.5,17.6,22.5,49.2,22.6,33.5,1.86,15.17,0,31.2,22.2,26.1,27.7,27.3,27.5,.8,.1,188,75,4.2,9.8,3.7,2.5,.89,5.2
2016,307,29,28.6,14.8,21.9,54.1,21.7,35,1.82,15.4,0,30.1,19.9,24.6,27.4,26.8,27.1,1.2,.4,288,66,6.3,8.9,4,3,.88,5.1
2016,308,29,28.8,16.6,21.8,91.1,27.5,52.1,1.38,12.08,8.64,29.5,20.7,24.2,26.9,26.5,26.7,3,2,54,46,11.6,9.9,3.8,4.2,1.29,10.5
2016,309,29,26.1,14.9,20.3,91.5,39.6,63.7,.97,12.83,0,25.9,17.9,21.3,26.6,25.6,26.1,1.1,.4,161,64,6.9,7.7,2.7,2.3,1.46,12.6
2016,310,29,27.9,16.2,21.5,82.5,28,56.2,1.25,14.87,0,27.8,17.4,21.8,25.6,24.9,25.3,.8,.2,109,70,3.9,9.3,3.2,2.4,1.36,11.5
2016,311,29,28.7,16,21.5,78.2,28.8,54.7,1.3,14.8,0,28,17.7,22.1,25.1,24.6,24.9,.8,.2,150,73,3.7,9.6,3.1,2.4,1.34,11.2
2016,312,29,29.7,16,22.2,78,25.7,50.6,1.5,14.37,0,28,17.7,22.2,24.8,24.4,24.6,.8,.1,320,76,3.7,10.1,3.2,2.4,1.27,10.4
2016,313,29,32.1,17.5,25.3,62.2,14.4,29.6,2.45,14.89,0,28.6,18.7,23,24.6,24.3,24.5,2,1.7,91,31,8.8,11.7,4.9,4.1,.88,5
2016,314,29,29.2,19,23.7,39.1,11.1,23,2.33,15.28,0,27.4,18.8,22.5,24.7,24.4,24.5,2.4,2.2,87,22,7.5,11.4,5.2,4.6,.65,.5
2016,315,29,27.9,14.5,21.5,40.7,18.9,28,1.93,14.92,0,26.9,16.7,21.4,24.6,24,24.3,1.3,.9,76,44,6.9,8.4,4,2.9,.7,1.9
2016,316,29,28.4,16.5,22.3,48.8,20.2,32.7,1.9,14.47,0,27.5,18.1,21.9,24.2,23.8,24,1.4,1.1,74,39,5.8,9.7,3.9,3.1,.86,4.7
2016,317,29,28.7,15.5,21.7,50.8,19.2,32,1.87,14.23,0,27.2,17.3,21.5,24.1,23.7,23.9,.9,.7,68,39,4.6,9.3,3.6,2.4,.8,3.7
2016,318,29,29.5,13.3,21.1,59.2,18.3,36,1.77,14.13,0,26.9,16.9,21.2,23.9,23.5,23.7,1,.3,54,66,5.1,8.6,3.5,2.5,.85,4.5
2016,319,29,30.1,12.5,20.7,64.4,13.8,37.5,1.76,14.39,0,26.7,16.2,20.9,23.7,23.2,23.5,.7,.2,170,67,3.8,8.6,3.3,2.1,.81,3.8
2016,320,29,30.1,13.1,21.1,52.5,12.5,31,1.92,14.19,0,26.7,16.2,20.8,23.5,23,23.2,.9,.3,106,67,3.3,8.8,3.5,2.3,.71,1.9
2016,321,29,28,14.3,20.4,45.6,13.8,29.9,1.78,10.44,0,24.6,16.6,20.4,23.3,22.9,23.1,.8,.3,96,66,3.1,8.4,2.6,2.1,.69,1.5
2016,322,29,22.3,11.8,17.3,48.9,9.9,23.7,1.56,14.44,0,24,16.2,19.4,23,22.6,22.8,1.6,1.2,276,37,5.9,4.4,3.7,2.8,.44,-5.2
2016,323,29,25.1,8.6,16.6,36.4,6.5,16.1,1.7,14.6,0,23.4,13,17.5,22.7,21.9,22.3,1.1,.8,45,40,5.2,5,3.7,2.3,.28,-10.4
2016,324,29,29.7,10.3,20.1,41.9,11.6,22.5,2.01,13.29,0,24.4,13.3,18.5,22,21.4,21.7,1,.8,72,35,5.8,7.6,3.6,2.4,.49,-3.1
2016,325,29,23.6,15.6,19.7,88.6,19.3,39.7,1.43,4.61,.25,21.3,17.4,19.4,21.7,21.5,21.6,1.2,.3,320,68,6.1,6.9,1.3,2.1,.88,3.9
2016,326,29,21.3,11.6,16.9,95.8,45.7,71,.58,9.57,4.06,20.4,14.9,18.5,21.7,21.6,21.6,1.6,.8,260,56,8.9,3.9,1.8,1.7,1.36,11.2
2016,327,29,21.3,9.4,15,87.1,32.6,61.9,.74,13.49,0,21.7,12.1,16.2,21.6,20.8,21.1,.7,.3,353,63,4.2,3.4,2.4,1.6,1.01,7.1
2016,328,29,24.2,10.1,16.5,80.5,21.2,49.4,1.08,13.54,0,22.3,12.3,16.6,20.8,20.3,20.5,.9,.4,11,58,3.9,4.9,2.7,1.9,.87,4.8
2016,329,29,25.1,10.7,17.5,64.8,10.3,28.8,1.55,13.82,0,21.9,12.5,16.4,20.4,20,20.2,1.4,1.2,13,35,5.5,5.5,3.6,2.7,.51,-3.4
2016,330,29,27.1,14.7,19.6,31.9,11.6,18.6,1.94,13.33,0,23.1,13.6,17.5,20.1,19.8,20,1.6,1.4,51,25,4.9,8.1,3.9,3,.41,-5.4
2016,331,29,22,12.9,17.9,48,24.9,32.8,1.4,4.42,0,18.3,14.3,16.3,20.1,19.9,20,.9,.4,113,58,4.4,4.6,1.3,1.8,.67,1.1
2016,332,29,18.1,8.6,13.4,93.4,33.9,54.6,.76,12.17,4.83,20.9,12.9,16.5,19.9,19.5,19.7,2.2,1.3,229,50,11.1,1.8,2.6,2.2,.8,3.6
2016,333,29,14.5,6.9,10.9,94.5,40.2,67.7,.46,8.97,0,16.8,11.3,13.8,19.7,19.1,19.4,1.2,.6,128,54,4.7,.4,1.2,1.3,.86,4.5
2016,334,29,16.3,4.7,10.3,92.8,17.8,52.1,.69,13.61,0,17.3,8.1,12.2,19.1,18.2,18.6,.8,.6,328,47,4.8,.9,2.3,1.4,.59,-1.2
2016,335,29,17.1,4.1,10.3,69.6,14.6,39,.83,13.45,0,17.2,7.1,11.4,18.2,17.4,17.8,1,.5,21,54,4,1.1,2.5,1.6,.46,-4.2
2016,336,29,17.1,4.7,10.2,59.8,19.5,39.7,.82,12.15,0,16.9,7.6,11.4,17.5,16.8,17.1,1,.3,61,69,3.7,1.1,2.3,1.6,.47,-3.8
2016,337,29,16.3,6.5,10.6,60,23.2,43.8,.77,9.29,0,16,8.5,11.7,16.9,16.5,16.7,.9,.3,343,67,3.7,.9,1.6,1.4,.54,-1.8
2016,338,29,20.8,5.7,13.1,63.3,17,35.3,1.09,12.85,0,17.7,7.3,12.1,16.6,16.2,16.4,1.1,.7,332,49,5.6,2.6,2.8,1.9,.49,-3.1
2016,339,29,22.6,7.9,14.4,43.9,9.1,22,1.36,13.22,0,18.6,8.9,13,16.4,16.2,16.3,1.1,.7,26,50,4.1,3.7,3.1,2,.34,-8.1
2016,340,29,19.9,5.7,12,54,15,35.5,.99,12.06,0,17.7,8.3,12.4,16.5,16.1,16.3,.7,.1,85,72,3.3,2.2,2.3,1.4,.47,-3.7
2016,341,29,19.2,7.5,12.6,73.2,27.5,45.2,.83,10.78,0,18.1,9.3,13,16.4,16.1,16.2,.8,.3,78,63,3.4,2.2,2,1.4,.67,.5
2016,342,29,20.1,6.9,13.4,80.2,41.8,58.4,.69,11.24,0,19,9.8,14,16.4,16.2,16.3,.8,.2,315,70,3.1,2.4,2,1.4,.89,5.2
2016,343,29,20.1,6.2,13,88.6,35.2,60.9,.69,11.86,0,19,9.5,13.8,16.6,16.3,16.5,.7,.4,337,54,3.6,2.4,2,1.3,.87,4.9
2016,344,29,22.5,7.4,14.3,80.8,26.2,52.4,.89,11.48,0,19.6,10.1,14.1,16.6,16.4,16.5,.6,.2,70,66,3.3,3.6,2.1,1.4,.8,3.7
2016,345,29,21.9,7.5,14.5,74.8,27.8,49.6,.93,11.41,0,19.4,10,14.2,16.7,16.4,16.6,.6,.3,120,63,3.2,3.4,2.1,1.4,.78,3.4
2016,346,29,23.2,8.9,15.4,73.6,27.3,50.4,.97,11.24,0,20.3,11.2,15.2,16.8,16.6,16.7,.7,.2,143,68,3.9,4.2,2.2,1.4,.84,4.4
2016,347,29,23.6,9.9,16,69.8,29.9,51.3,.99,11.05,0,20.7,11.6,15.6,17,16.8,16.9,.6,.2,82,65,3.4,4.6,2.1,1.5,.9,5.4
2016,348,29,23.6,11.2,16.4,72.2,31,53,.97,10.52,0,21,12.7,16.2,17.3,17,17.1,.7,.4,117,57,3.2,4.9,2,1.5,.95,6.2
2016,349,29,24.8,11.1,16.5,69.7,29.4,52.6,1,10.41,0,21,12.5,16,17.5,17.2,17.4,.7,.4,80,55,2.8,5.4,1.9,1.5,.95,6.2
2016,350,29,24.6,10.3,17.2,75.9,25.5,49.2,1.11,9.46,0,20.1,11.8,15.8,17.5,17.3,17.4,.7,.2,98,71,4,5.2,1.8,1.5,.92,5.7
2016,351,29,24.4,13.7,18.1,92.1,36.8,64.9,.82,7.57,2.54,20.2,15.2,17,17.8,17.4,17.6,1.7,.9,154,54,7.9,6.3,1.7,2.1,1.29,10.7
2016,352,29,19.2,6.2,12.1,62.1,19.7,34.9,.93,12.3,0,18.4,11,14.9,17.9,17.7,17.8,2.6,2.3,270,29,9.3,2,3,2.9,.51,-3.4
2016,353,29,17.3,4.3,10.4,65.5,18.5,38.1,.86,12.54,0,17,7.8,11.6,17.7,16.7,17.2,1.3,.9,22,43,5.4,1.2,2.5,1.8,.45,-4.4
2016,354,29,21.7,9.5,14.9,33,18.3,24.6,1.32,12.12,0,18.4,9.5,13.2,16.8,16.2,16.5,1.9,1.7,35,25,6.7,3.6,3.3,2.8,.42,-5.3
2016,355,29,23.8,13.8,17.1,40.2,17.5,28.9,1.43,10.16,0,19.7,12.4,15.2,16.6,16.4,16.4,1.5,1.3,44,28,4.8,6,2.7,2.5,.56,-1.4
2016,356,29,20.5,14.2,17.4,86.9,35.1,51.4,.97,4.28,0,17.9,14.6,15.9,16.9,16.6,16.8,1.3,1.1,64,31,4.7,4.6,.9,1.7,1.03,7
2016,357,29,19.7,12.9,16,98.4,58.4,86.3,.25,7.95,11.94,19.9,14.5,16.8,17.4,16.9,17.1,1.8,.5,291,68,6.6,3.5,1.1,1.3,1.57,13.6
2016,358,29,18,10.5,13.8,97.3,61.9,84.8,.26,5.61,1.52,18.3,12.8,15.2,17.4,17.2,17.3,.6,.2,32,61,3.2,2,.4,.9,1.33,11.1
2016,359,29,17,6.9,10.3,93.7,50,83.9,.23,2.93,5.08,13.9,9.2,11.6,17.3,16.7,17.1,1.9,1,172,57,11,1.2,.1,1.2,1.04,7.5
2016,360,29,12.6,3.7,7.9,91.8,30.8,67.3,.39,11.08,.51,13.7,6,9.5,16.7,15.6,16.1,1.1,.5,184,59,6.3,0,1.5,1.2,.69,1.5
2016,361,29,16.4,3.7,9.5,76.1,29,54,.61,11.88,0,13.5,4.9,8.6,15.6,14.7,15.1,1.2,1,25,30,6.1,.8,2,1.5,.61,.1
2016,362,29,22,5.1,13.5,75.8,25.8,48.4,.9,11.8,0,16.2,6,10.4,14.7,14.2,14.4,1.1,.9,33,36,4.8,3.1,2.3,1.8,.72,2.1
2016,363,29,18.5,7.7,13,79.3,36.4,58.3,.68,7.6,0,14.2,7.9,10.8,14.5,14.3,14.4,.8,.5,31,51,4.2,1.9,1.2,1.3,.85,4.6
2016,364,29,25,10.2,16.6,78.1,20.3,46.8,1.16,10.73,0,18.7,9.7,13.2,14.6,14.3,14.4,.9,.6,88,46,4.1,5.4,2.3,1.8,.82,3.9
2016,365,29,22.5,9,15.5,95.3,36.2,60.9,.78,9.99,2.54,18.7,9.9,14,15.1,14.6,14.9,1.1,.3,82,67,8,3.9,1.9,1.7,1.04,7.3
2016,366,29,16.4,12.1,14,96.7,63.2,83.6,.28,4.03,.76,15.5,13.2,14.3,15.6,15.1,15.4,1,.2,268,71,3.3,1.6,.1,.9,1.33,11.1
